1 0.2 1 30.080000000000005
1 0.2 2 25.76000000000001
1 0.2 3 24.110000000000007
1 0.2 4 23.380000000000003
1 0.2 5 21.806714999999997
1 0.2 6 20.803298000000012
1 0.2 7 31.28
1 0.2 8 35.220000000000006
1 0.2 9 41.285000000000025
1 0.2 10 35.505
1 0.2 11 35.495000000000005
1 0.2 12 36.02250000000001
1 0.2 13 36.99
1 0.2 14 36.2825
1 0.2 15 35.765
1 0.2 16 34.010000000000005
1 0.2 17 33.5575
1 0.2 18 33.7375
1 0.2 19 34.47
1 0.2 20 34.4825
1 0.2 21 43.89611999999998
1 0.2 22 41.413880000000006
1 0.2 23 28.969986999999612
1 0.2 24 24.907500000000002
3 0.1 1 30.080000000000005
3 0.1 2 25.76
3 0.1 3 24.11
3 0.1 4 23.38
3 0.1 5 21.806714999999997
3 0.1 6 20.803298000000012
3 0.1 7 31.28
3 0.1 8 35.220000000000006
3 0.1 9 41.28499999999996
3 0.1 10 35.505
3 0.1 11 35.495000000000005
3 0.1 12 36.02250000000001
3 0.1 13 36.99
3 0.1 14 36.2825
3 0.1 15 35.765
3 0.1 16 34.010000000000005
3 0.1 17 33.5575
3 0.1 18 33.7375
3 0.1 19 34.47
3 0.1 20 34.4825
3 0.1 21 43.896119999999996
3 0.1 22 41.413880000000006
3 0.1 23 28.969986999999612
3 0.1 24 24.907500000000002
4 0.1 1 30.080000000000005
4 0.1 2 19.317500000000003
4 0.1 3 24.110000000000007
4 0.1 4 23.380000000000003
4 0.1 5 22.08905000000001
4 0.1 6 22.583729250000214
4 0.1 7 27.896317
4 0.1 8 35.220000000000006
4 0.1 9 41.86000000000001
4 0.1 10 35.505
4 0.1 11 35.495000000000005
4 0.1 12 36.02250000000001
4 0.1 13 36.99
4 0.1 14 36.2825
4 0.1 15 35.765
4 0.1 16 34.01
4 0.1 17 33.5575
4 0.1 18 33.7375
4 0.1 19 34.47
4 0.1 20 34.4825
4 0.1 21 45.14352374999939
4 0.1 22 42.09392000000011
4 0.1 23 34.23096000000001
4 0.1 24 24.907500000000002
5 0.1 1 22.5575
5 0.1 2 19.317500000000003
5 0.1 3 18.080000000000002
5 0.1 4 23.380000000000003
5 0.1 5 23.720000000000052
5 0.1 6 26.07000000000008
5 0.1 7 26.07
5 0.1 8 35.22
5 0.1 9 41.86000000000001
5 0.1 10 35.505
5 0.1 11 35.495000000000005
5 0.1 12 36.02250000000001
5 0.1 13 36.99
5 0.1 14 36.2825
5 0.1 15 35.765
5 0.1 16 34.010000000000005
5 0.1 17 33.5575
5 0.1 18 33.7375
5 0.1 19 34.47
5 0.1 20 45.595883000000015
5 0.1 21 46.25
5 0.1 22 42.43
5 0.1 23 31.936616999999558
5 0.1 24 24.907500000000002
6 0.1 1 30.080000000000005
6 0.1 2 25.76
6 0.1 3 24.11
6 0.1 4 23.38
6 0.1 5 21.806714999999997
6 0.1 6 20.803298000000012
6 0.1 7 31.28
6 0.1 8 35.21999999999979
6 0.1 9 41.285000000000025
6 0.1 10 35.505
6 0.1 11 35.495000000000005
6 0.1 12 36.02250000000001
6 0.1 13 36.99
6 0.1 14 36.2825
6 0.1 15 35.765
6 0.1 16 34.010000000000005
6 0.1 17 33.5575
6 0.1 18 33.7375
6 0.1 19 34.47
6 0.1 20 34.4825
6 0.1 21 43.89611999999998
6 0.1 22 41.413880000000006
6 0.1 23 28.969986999999612
6 0.1 24 24.907500000000002
7 0.1 1 22.5575
7 0.1 2 19.317500000000003
7 0.1 3 18.080000000000002
7 0.1 4 23.380000000000003
7 0.1 5 23.720000000000002
7 0.1 6 26.070000000000007
7 0.1 7 26.07
7 0.1 8 35.22000000000004
7 0.1 9 41.86000000000001
7 0.1 10 35.505
7 0.1 11 35.495000000000005
7 0.1 12 36.02250000000001
7 0.1 13 36.99
7 0.1 14 36.2825
7 0.1 15 35.765
7 0.1 16 34.010000000000005
7 0.1 17 33.5575
7 0.1 18 33.7375
7 0.1 19 34.47
7 0.1 20 45.595883000000015
7 0.1 21 46.25
7 0.1 22 42.43
7 0.1 23 31.936616999999615
7 0.1 24 24.907500000000002
8 0.1 1 30.080000000000005
8 0.1 2 19.317500000000003
8 0.1 3 24.11
8 0.1 4 23.38
8 0.1 5 22.08905000000001
8 0.1 6 22.583729250000104
8 0.1 7 27.896317
8 0.1 8 35.22
8 0.1 9 41.86
8 0.1 10 35.505
8 0.1 11 35.495000000000005
8 0.1 12 36.02250000000001
8 0.1 13 36.99
8 0.1 14 36.2825
8 0.1 15 35.765
8 0.1 16 34.01
8 0.1 17 33.5575
8 0.1 18 33.7375
8 0.1 19 34.47
8 0.1 20 34.4825
8 0.1 21 45.14352374999939
8 0.1 22 42.09392000000011
8 0.1 23 34.23096000000001
8 0.1 24 24.907500000000002
9 0.1 1 30.080000000000005
9 0.1 2 25.76
9 0.1 3 24.11
9 0.1 4 23.380000000000003
9 0.1 5 21.806714999999997
9 0.1 6 20.80329800000014
9 0.1 7 31.28000000000002
9 0.1 8 35.220000000000006
9 0.1 9 41.285000000000025
9 0.1 10 35.505
9 0.1 11 35.495000000000005
9 0.1 12 36.02250000000001
9 0.1 13 36.99
9 0.1 14 36.2825
9 0.1 15 35.765
9 0.1 16 34.010000000000005
9 0.1 17 33.5575
9 0.1 18 33.7375
9 0.1 19 34.47
9 0.1 20 34.4825
9 0.1 21 43.89611999999998
9 0.1 22 41.413880000000006
9 0.1 23 28.969986999999612
9 0.1 24 24.907500000000002
10 0.1 1 22.5575
10 0.1 2 19.317500000000003
10 0.1 3 18.080000000000002
10 0.1 4 23.380000000000003
10 0.1 5 23.720000000000002
10 0.1 6 26.070000000000007
10 0.1 7 26.07
10 0.1 8 35.220000000000006
10 0.1 9 41.86000000000001
10 0.1 10 35.505
10 0.1 11 35.495000000000005
10 0.1 12 36.02250000000001
10 0.1 13 36.99
10 0.1 14 36.2825
10 0.1 15 35.765
10 0.1 16 34.010000000000005
10 0.1 17 33.5575
10 0.1 18 33.7375
10 0.1 19 34.47
10 0.1 20 45.595883000000015
10 0.1 21 46.25
10 0.1 22 42.43000000000001
10 0.1 23 31.936616999999558
10 0.1 24 24.907500000000002
