1 0.2 1 5.020000000000007
1 0.2 2 4.3
1 0.2 3 4.020000000000007
1 0.2 4 3.9
1 0.2 5 2.0467149999999954
1 0.2 6 0.0
1 0.2 7 5.210000000000001
1 0.2 8 5.8700000000000045
1 0.2 9 6.4050000000000225
1 0.2 10 0.0
1 0.2 11 0.0
1 0.2 12 0.0
1 0.2 13 0.0
1 0.2 14 0.0
1 0.2 15 0.0
1 0.2 16 0.0
1 0.2 17 0.0
1 0.2 18 0.0
1 0.2 19 0.0
1 0.2 20 0.0
1 0.2 21 5.356119999999983
1 0.2 22 6.053880000000007
1 0.2 23 0.0
1 0.2 24 0.0
3 0.1 1 5.020000000000007
3 0.1 2 4.3
3 0.1 3 4.02
3 0.1 4 3.9
3 0.1 5 2.0467149999999954
3 0.1 6 0.0
3 0.1 7 5.210000000000001
3 0.1 8 5.8700000000000045
3 0.1 9 6.4049999999999585
3 0.1 10 0.0
3 0.1 11 0.0
3 0.1 12 0.0
3 0.1 13 0.0
3 0.1 14 0.0
3 0.1 15 0.0
3 0.1 16 0.0
3 0.1 17 0.0
3 0.1 18 0.0
3 0.1 19 0.0
3 0.1 20 0.0
3 0.1 21 5.356119999999997
3 0.1 22 6.053880000000007
3 0.1 23 0.0
3 0.1 24 0.0
4 0.1 1 5.020000000000007
4 0.1 2 0.0
4 0.1 3 4.020000000000007
4 0.1 4 3.9
4 0.1 5 2.3290500000000094
4 0.1 6 0.8637292500002154
4 0.1 7 1.8263169999999995
4 0.1 8 5.8700000000000045
4 0.1 9 6.980000000000004
4 0.1 10 0.0
4 0.1 11 0.0
4 0.1 12 0.0
4 0.1 13 0.0
4 0.1 14 0.0
4 0.1 15 0.0
4 0.1 16 0.0
4 0.1 17 0.0
4 0.1 18 0.0
4 0.1 19 0.0
4 0.1 20 0.0
4 0.1 21 6.60352374999939
4 0.1 22 6.733920000000111
4 0.1 23 3.6809600000000096
4 0.1 24 0.0
5 0.1 1 0.0
5 0.1 2 0.0
5 0.1 3 0.0
5 0.1 4 3.9
5 0.1 5 3.9600000000000506
5 0.1 6 4.35
5 0.1 7 0.0
5 0.1 8 5.87000000000004
5 0.1 9 6.980000000000004
5 0.1 10 0.0
5 0.1 11 0.0
5 0.1 12 0.0
5 0.1 13 0.0
5 0.1 14 0.0
5 0.1 15 0.0
5 0.1 16 0.0
5 0.1 17 0.0
5 0.1 18 0.0
5 0.1 19 0.0
5 0.1 20 7.2858830000000125
5 0.1 21 7.710000000000008
5 0.1 22 7.07
5 0.1 23 1.386616999999557
5 0.1 24 0.0
6 0.1 1 5.020000000000007
6 0.1 2 4.3
6 0.1 3 4.02
6 0.1 4 3.9
6 0.1 5 2.0467149999999954
6 0.1 6 0.0
6 0.1 7 5.210000000000001
6 0.1 8 5.869999999999791
6 0.1 9 6.4050000000000225
6 0.1 10 0.0
6 0.1 11 0.0
6 0.1 12 0.0
6 0.1 13 0.0
6 0.1 14 0.0
6 0.1 15 0.0
6 0.1 16 0.0
6 0.1 17 0.0
6 0.1 18 0.0
6 0.1 19 0.0
6 0.1 20 0.0
6 0.1 21 5.356119999999983
6 0.1 22 6.053880000000007
6 0.1 23 0.0
6 0.1 24 0.0
7 0.1 1 0.0
7 0.1 2 0.0
7 0.1 3 0.0
7 0.1 4 3.9
7 0.1 5 3.960000000000001
7 0.1 6 4.35
7 0.1 7 0.0
7 0.1 8 5.87000000000004
7 0.1 9 6.980000000000004
7 0.1 10 0.0
7 0.1 11 0.0
7 0.1 12 0.0
7 0.1 13 0.0
7 0.1 14 0.0
7 0.1 15 0.0
7 0.1 16 0.0
7 0.1 17 0.0
7 0.1 18 0.0
7 0.1 19 0.0
7 0.1 20 7.2858830000000125
7 0.1 21 7.710000000000001
7 0.1 22 7.07
7 0.1 23 1.3866169999996139
7 0.1 24 0.0
8 0.1 1 5.020000000000007
8 0.1 2 0.0
8 0.1 3 4.02
8 0.1 4 3.9
8 0.1 5 2.3290500000000094
8 0.1 6 0.8637292500001053
8 0.1 7 1.8263169999999995
8 0.1 8 5.869999999999997
8 0.1 9 6.979999999999997
8 0.1 10 0.0
8 0.1 11 0.0
8 0.1 12 0.0
8 0.1 13 0.0
8 0.1 14 0.0
8 0.1 15 0.0
8 0.1 16 0.0
8 0.1 17 0.0
8 0.1 18 0.0
8 0.1 19 0.0
8 0.1 20 0.0
8 0.1 21 6.60352374999939
8 0.1 22 6.733920000000111
8 0.1 23 3.6809600000000096
8 0.1 24 0.0
9 0.1 1 5.020000000000007
9 0.1 2 4.3
9 0.1 3 4.02
9 0.1 4 3.9
9 0.1 5 2.0467149999999954
9 0.1 6 0.0
9 0.1 7 5.210000000000019
9 0.1 8 5.8700000000000045
9 0.1 9 6.4050000000000225
9 0.1 10 0.0
9 0.1 11 0.0
9 0.1 12 0.0
9 0.1 13 0.0
9 0.1 14 0.0
9 0.1 15 0.0
9 0.1 16 0.0
9 0.1 17 0.0
9 0.1 18 0.0
9 0.1 19 0.0
9 0.1 20 0.0
9 0.1 21 5.356119999999983
9 0.1 22 6.053880000000007
9 0.1 23 0.0
9 0.1 24 0.0
10 0.1 1 0.0
10 0.1 2 0.0
10 0.1 3 0.0
10 0.1 4 3.9
10 0.1 5 3.960000000000001
10 0.1 6 4.35
10 0.1 7 0.0
10 0.1 8 5.8700000000000045
10 0.1 9 6.980000000000004
10 0.1 10 0.0
10 0.1 11 0.0
10 0.1 12 0.0
10 0.1 13 0.0
10 0.1 14 0.0
10 0.1 15 0.0
10 0.1 16 0.0
10 0.1 17 0.0
10 0.1 18 0.0
10 0.1 19 0.0
10 0.1 20 7.2858830000000125
10 0.1 21 7.710000000000008
10 0.1 22 7.070000000000007
10 0.1 23 1.386616999999557
10 0.1 24 0.0
