1 0.1 91.5745 91.3703 86.675 79.8617 77.4851 74.763 80.2732 65.5321 89.3435 69.5354 62.42 55.289 51.314 45.1661 43.9728 53.0805 58.6802 56.8034 86.147 92.9415 111.324 106.943 117.11 102.164 26.5747 18.1472 18.3854 18.6065 23.759 33.8535 47.4955 68.9921 106.347 129.154 62.0299 44.2101 40.4349 41.8822 43.6873 50.7487 61.2233 70.3767 45.1029 65.9592 55.8595 19.5286 8.22879 26.5962 91.8718 87.7273 83.8238 82.9649 84.2067 81.0807 79.5201 65.1022 83.1747 70.5452 73.8367 70.8769 63.8991 64.4923 56.7381 50.8549 46.7119 33.9266 64.6547 70.1107 86.8584 78.794 89.1241 81.7917 87.4587 88.388 75.9816 61.8571 53.7309 53.5204 51.4844 48.1205 56.5173 22.9319 50.5905 50.8834 50.9014 44.6862 40.9166 34.7167 45.3959 31.4433 72.4165 83.307 109.433 94.1974 94.8011 83.3746 0.087911 0.0 0.100217 0.0 89.5597 84.3529 80.9334 73.7008 71.7624 64.978 81.9448 87.392 80.3726 56.264 70.3799 61.6909 50.4836 58.801 61.2401 52.5933 39.9044 55.9046 88.0165 92.4331 0.136729 0.0 0.127527 0.0 0.085956 0.0 55.4474 45.613 55.6881 69.8544 52.4699 63.6688 51.6437 25.1061 25.5568 36.5173 10.1757 4.63122 11.1413 40.0914 66.7818 88.6913 105.596 0.034366 0.0 0.0 0.0 0.0 0.034 0.0 0.09 74.0372 66.6494 80.1289 77.8824 77.9765 72.7342 71.1213 61.5043 59.8759 64.7217 80.4361 91.8257 102.608 0.0 0.4431 0.0 0.7847 0.04076 0.3406 0.108166 0.2421 69.5017 55.3471 51.006 12.1107 32.1737 81.1654 88.6774 73.322 109.947 0.142099 0.2979 0.145755 0.0749 0.13572 0.0256 0.118728 0.0 0.187974 0.0 0.224885 0.0 80.3088 77.7801 72.7464 64.1883 0.219479 0.0 0.135498 0.0 0.139486 0.0 0.192142 0.0 0.200729 0.0 0.907144 1.81601 13.9516 1.99779 0.0 0.0 0.615995 5.64959 0.776626 0.0 2.7995 1.23532 1.50525 3.63241 2.55472 219.696 0.0 7.42239 3.56447 0.843464 0.661094 0.372686 0.160577 0.0 
2 0.1 109.247 98.4088 83.5102 78.5515 76.8293 65.6878 74.983 63.8218 67.7346 70.494 70.0432 59.3813 57.1551 57.5666 51.2653 48.3845 48.7754 64.1257 74.1274 101.169 113.94 124.915 121.722 98.0381 35.2244 16.262 20.7061 25.478 29.8097 67.8252 70.0667 72.8219 103.837 101.403 71.0731 27.9964 28.1697 38.5647 29.1528 39.4173 61.3535 34.8343 55.4601 71.5723 65.0487 18.0314 8.22666 4.38877 104.702 88.9182 81.8056 73.2209 78.0891 64.1022 63.2192 65.102 75.6148 78.5682 39.071 51.7147 44.1531 44.6258 35.3282 36.788 35.1032 39.9202 81.3192 105.68 101.318 117.48 108.838 102.652 84.3084 77.395 70.8059 54.2762 45.2657 53.5675 51.0571 54.9879 55.5882 47.613 65.6758 43.3409 46.4331 31.6529 25.7907 33.2122 42.498 32.804 70.9903 112.685 128.893 120.605 109.812 91.8722 0.080428 0.0 0.062668 0.0 97.8562 84.6741 82.1811 78.2872 65.484 62.5641 75.2642 78.9389 70.9158 71.7876 79.6817 72.2184 63.2798 68.3873 62.4364 52.5524 48.1505 52.7056 76.6228 83.5542 0.063278 0.0 0.070181 0.0 0.068868 0.0 65.243 49.9667 56.9811 53.4993 66.4015 68.6456 56.8604 42.2226 38.4234 31.5476 33.9005 42.4159 35.1696 42.2488 63.6623 84.6192 82.3115 0.083214 0.0 0.08593 0.0 0.015897 0.0061 0.0 0.2173 78.7263 79.2937 51.1288 74.1204 77.0578 85.8036 92.3563 86.873 67.8403 54.3134 76.019 76.0198 94.4969 0.0 0.2991 0.011201 0.2175 0.059024 0.268 0.191625 0.2885 42.0109 36.3381 34.2631 32.6196 53.7532 60.1583 88.0186 92.5439 102.579 0.194003 0.1466 0.125938 0.1743 0.011383 0.0217 0.0 0.0 0.02967 0.0 0.122455 0.0 81.798 78.3233 89.768 72.5957 0.180091 0.0 0.194247 0.0 0.241661 0.0 0.270416 0.0 0.270509 0.0 0.834451 2.66669 5.44853 3.10681 0.050889 0.665849 1.36854 7.78152 1.1798 0.0 3.48948 2.95235 1.53325 2.44068 2.23971 129.452 3.47831 7.9505 2.75774 0.578328 0.386575 0.234747 0.013955 0.0 
3 0.1 109.247 98.4088 83.5102 78.5515 76.8293 65.6878 74.983 63.8218 67.7346 70.494 70.0432 59.3813 57.1551 57.5666 51.2653 48.3845 48.7754 64.1257 74.1274 101.169 113.94 124.915 121.722 98.0381 35.2244 16.262 20.7061 25.478 29.8097 67.8252 70.0667 72.8219 103.837 101.403 71.0731 27.9964 28.1697 38.5647 29.1528 39.4173 61.3535 34.8343 55.4601 71.5723 65.0487 18.0314 8.22666 4.38877 104.702 88.9182 81.8056 73.2209 78.0891 64.1022 63.2192 65.102 75.6148 78.5682 39.071 51.7147 44.1531 44.6258 35.3282 36.788 35.1032 39.9202 81.3192 105.68 101.318 117.48 108.838 102.652 84.3084 77.395 70.8059 54.2762 45.2657 53.5675 51.0571 54.9879 55.5882 47.613 65.6758 43.3409 46.4331 31.6529 25.7907 33.2122 42.498 32.804 70.9903 112.685 128.893 120.605 109.812 91.8722 0.080428 0.0 0.062668 0.0 97.8562 84.6741 82.1811 78.2872 65.484 62.5641 75.2642 78.9389 70.9158 71.7876 79.6817 72.2184 63.2798 68.3873 62.4364 52.5524 48.1505 52.7056 76.6228 83.5542 0.063278 0.0 0.070181 0.0 0.068868 0.0 65.243 49.9667 56.9811 53.4993 66.4015 68.6456 56.8604 42.2226 38.4234 31.5476 33.9005 42.4159 35.1696 42.2488 63.6623 84.6192 82.3115 0.083214 0.0 0.08593 0.0 0.015897 0.0061 0.0 0.2173 78.7263 79.2937 51.1288 74.1204 77.0578 85.8036 92.3563 86.873 67.8403 54.3134 76.019 76.0198 94.4969 0.0 0.2991 0.011201 0.2175 0.059024 0.268 0.191625 0.2885 61.4111 64.6098 64.4569 68.0265 63.0903 100.591 84.7855 90.8206 68.6537 0.200295 0.106 0.232185 0.1159 0.280994 0.0672 0.325448 0.0 0.363236 0.0 0.397547 0.0 103.662 94.94 94.8087 54.2223 0.365873 0.0 0.269285 0.0 0.278427 0.0 0.315002 0.0 0.243116 0.0 0.497847 0.97627 7.00584 1.44761 0.0 0.54521 1.33731 8.62485 1.0988 0.729653 4.33605 2.54778 2.44611 3.59453 2.40461 214.095 0.0 11.1961 3.29545 0.364251 0.0 0.490037 0.026763 0.0 
4 0.1 107.388 99.3258 83.7483 71.5744 72.1181 65.2934 69.5611 57.2455 76.6677 85.7374 57.8335 56.6568 55.1762 43.3921 46.2014 53.2511 69.892 63.3325 90.7131 105.382 122.648 119.758 111.353 87.5342 23.0021 23.3091 18.8793 21.4026 24.6201 35.2151 48.2544 61.6626 75.6669 130.307 81.8369 39.8069 41.8313 39.5207 44.8801 48.0444 67.5689 45.2532 47.4837 52.7253 29.4367 9.95828 7.95865 5.89989 98.0776 95.0543 86.9038 70.7323 74.7724 71.5152 74.2809 49.1741 71.379 84.7801 64.5117 68.0463 64.0114 56.6272 49.4031 43.8085 43.617 54.8088 83.351 90.523 111.601 102.755 94.0756 74.4818 81.6173 92.3395 81.7865 66.0109 54.5725 63.7435 55.0592 31.0031 44.8472 63.9395 62.8042 67.3583 62.9334 51.7636 43.5876 47.7216 38.1405 47.5332 72.448 81.9742 100.708 85.9179 83.413 68.1807 0.103917 0.0 0.002672 0.0 73.1556 80.9653 113.671 101.226 93.4132 85.4552 76.1025 64.3867 96.7023 122.866 95.2813 88.8715 87.509 90.473 85.6635 88.0188 72.0599 73.6156 99.8032 93.178 0.0 0.0 0.0 0.0 0.0 0.0 47.7453 50.3567 54.4619 64.5768 53.6997 40.7831 55.875 54.1695 51.9699 56.7139 55.5595 31.8201 31.0292 32.1308 63.7689 84.0013 107.232 0.0 0.0 0.0 0.0 0.0 0.0206 0.0 0.2024 79.7076 75.8969 95.8673 92.8517 92.7763 86.4819 91.7333 77.2728 67.1538 74.2406 87.5249 105.148 92.0828 0.0 0.6231 0.0 0.806 0.0 0.6142 0.0 0.1672 56.0402 59.8775 55.8915 44.6962 54.8878 49.8079 55.4529 89.6802 113.246 0.0 0.1141 0.0 0.1701 0.0 0.0249 0.0 0.0 0.013705 0.0 0.01929 0.0 97.2127 112.966 102.988 80.1846 0.010132 0.0 0.0 0.0 0.0 0.0 0.037763 0.0 0.064504 0.0 0.327604 2.05778 0.435877 2.33734 2.60156 0.647122 0.091794 7.42459 1.04587 0.019699 3.05448 2.03428 1.16335 2.41089 2.52671 251.597 8.61992 8.64812 3.11721 0.677896 0.649657 0.01928 0.007789 0.0 
5 0.1 101.121 85.7694 75.3986 70.7215 64.1265 67.1241 68.7374 71.6959 84.6289 80.0923 65.0109 56.9639 58.7538 59.0819 61.1282 68.5667 76.2407 94.3342 98.1811 110.304 130.237 147.218 146.173 116.246 26.6632 24.0054 29.452 39.701 49.3282 49.5081 50.5442 55.6905 91.4179 116.396 72.7002 23.6365 29.2348 22.9366 33.7432 36.6862 59.2519 52.4383 62.2536 59.2711 44.6363 24.3956 14.2396 10.5556 106.613 84.9624 71.1171 69.6845 66.9195 66.3724 68.239 59.7809 77.7236 77.4234 69.7589 62.3512 58.7158 56.7935 49.4792 46.9186 50.3624 67.1634 79.828 100.965 104.07 115.789 110.507 86.4693 95.499 94.4942 78.4556 71.3037 63.6472 67.9632 63.4589 54.5332 52.6144 44.326 55.7535 54.4599 61.5759 53.7003 56.4452 53.3472 61.4799 63.8192 81.7616 92.3145 108.271 98.5651 97.661 88.8406 0.06331 0.0 0.043487 0.0 80.9462 73.1969 72.9361 73.6411 57.6261 59.5506 76.7034 69.915 68.0551 57.1233 54.4535 49.1627 48.8455 49.4249 59.7526 56.1102 82.4018 75.4536 90.8397 93.4807 0.031325 0.0 0.039229 0.0 0.041064 0.0 67.3895 49.6581 66.4186 70.1011 61.7557 61.4198 62.1815 55.2189 46.8096 42.4296 38.5339 35.9831 31.2858 36.2814 57.118 74.7583 87.1797 0.217961 0.0 0.200209 0.0 0.174984 0.0115 0.104212 0.0466 72.5872 83.821 76.7805 89.3099 98.8621 44.3366 31.7933 17.3352 15.4191 21.9172 37.2814 63.6467 88.8325 0.044011 0.265 0.049702 0.2689 0.089343 0.3369 0.092302 0.1167 28.1461 34.9852 22.8663 21.6705 30.1801 82.7496 93.4361 93.6318 98.358 0.098656 0.0991 0.088827 0.0574 0.092951 0.0556 0.119731 0.0 0.166125 0.0 0.234591 0.0 69.3555 101.537 76.1443 58.1471 0.270797 0.0 0.210741 0.0 0.202492 0.0 0.230077 0.0 0.222627 0.0 0.511302 0.729113 0.0 1.33331 2.5401 0.615697 1.1156 11.7224 1.15811 0.0 2.16708 4.61335 3.5359 1.5629 2.37898 221.958 0.16235 5.12359 3.26355 0.604513 0.318371 0.187579 0.0 0.0 
6 0.1 101.121 85.7694 75.3986 70.7215 64.1265 67.1241 68.7374 71.6959 84.6289 80.0923 65.0109 56.9639 58.7538 59.0819 61.1282 68.5667 76.2407 94.3342 98.1811 110.304 130.237 147.218 146.173 116.246 26.6632 24.0054 29.452 39.701 49.3282 49.5081 50.5442 55.6905 91.4179 116.396 72.7002 23.6365 29.2348 22.9366 33.7432 36.6862 59.2519 52.4383 62.2536 59.2711 44.6363 24.3956 14.2396 10.5556 106.613 84.9624 71.1171 69.6845 66.9195 66.3724 68.239 59.7809 77.7236 77.4234 69.7589 62.3512 58.7158 56.7935 49.4792 46.9186 50.3624 67.1634 79.828 100.965 104.07 115.789 110.507 86.4693 88.8257 80.8208 66.5094 54.4393 47.5013 44.7515 39.9803 40.014 38.9392 29.6466 36.5206 33.3473 32.9788 27.7677 28.3979 26.1408 33.8742 49.97 75.8095 94.9092 114.181 121.265 111.231 85.6593 0.085186 0.0 0.09803 0.0 88.597 83.7002 79.9263 76.4424 64.582 61.7307 80.5912 93.4688 84.6625 67.1324 71.3423 71.2604 70.7042 74.8748 80.4957 79.1702 66.7879 59.0799 90.8782 93.489 0.113099 0.0 0.138667 0.0 0.153152 0.0 60.4794 47.399 45.4592 57.9934 54.7716 47.4505 55.5706 42.3491 32.9736 20.9843 21.253 78.7684 72.0072 78.3481 102.128 129.978 162.364 0.142384 0.0 0.116303 0.0 0.015018 0.0072 0.0 0.1053 109.721 108.275 97.0536 93.0183 76.7441 65.9989 69.2682 64.4736 54.611 65.9998 81.4063 103.564 107.933 0.010962 0.1479 0.082582 0.5755 0.175159 0.9407 0.247897 0.152 45.966 30.5648 23.1333 78.5206 79.6326 90.2646 110.225 162.656 128.355 0.294514 0.0531 0.299751 0.1041 0.28002 0.0473 0.268105 0.0 0.269516 0.0 0.271184 0.0 105.654 103.572 100.387 63.2547 0.258086 0.0 0.213983 0.0 0.229463 0.0 0.28727 0.0 0.310425 0.0 0.609513 0.702822 4.01666 1.92511 0.0 0.0 3.37643 7.90206 1.19997 0.0 3.004 2.07231 1.85665 2.85098 2.18925 0.0 5.49656 8.50232 3.69767 0.533381 0.543116 0.155333 0.004271 0.0 
7 0.1 101.121 85.7694 75.3986 70.7215 64.1265 67.1241 68.7374 71.6959 84.6289 80.0923 65.0109 56.9639 58.7538 59.0819 61.1282 68.5667 76.2407 94.3342 98.1811 110.304 130.237 147.218 146.173 116.246 26.6632 24.0054 29.452 39.701 49.3282 49.5081 50.5442 55.6905 91.4179 116.396 72.7002 23.6365 29.2348 22.9366 33.7432 36.6862 59.2519 52.4383 62.2536 59.2711 44.6363 24.3956 14.2396 10.5556 106.613 84.9624 71.1171 69.6845 66.9195 66.3724 68.239 59.7809 77.7236 77.4234 69.7589 62.3512 58.7158 56.7935 49.4792 46.9186 50.3624 67.1634 79.828 100.965 104.07 115.789 110.507 86.4693 95.499 94.4942 78.4556 71.3037 63.6472 67.9632 63.4589 54.5332 52.6144 44.326 55.7535 54.4599 61.5759 53.7003 56.4452 53.3472 61.4799 63.8192 81.7616 92.3145 108.271 98.5651 97.661 88.8406 0.06331 0.0 0.043487 0.0 80.9462 73.1969 72.9361 73.6411 57.6261 59.5506 76.7034 69.915 68.0551 57.1233 54.4535 49.1627 48.8455 49.4249 59.7526 56.1102 82.4018 75.4536 90.8397 93.4807 0.031325 0.0 0.039229 0.0 0.041064 0.0 71.9953 91.1872 81.1656 66.47 91.0263 109.903 88.0084 75.9786 71.883 61.625 58.6683 67.5107 51.7375 67.7348 101.983 121.223 126.279 0.023946 0.0 0.01311 0.0 0.028343 0.0096 0.015222 0.2958 60.0032 38.528 68.3577 71.2811 68.0887 71.3091 63.1419 52.6029 39.5844 50.8653 84.6492 144.469 168.249 0.018128 0.57 0.066917 0.3933 0.152586 0.593 0.219161 0.4111 63.389 68.5177 70.7011 39.3201 44.6269 82.289 97.5888 103.11 96.5274 0.251036 0.0729 0.250333 0.1031 0.236007 0.0558 0.346504 0.0 0.42239 0.0 0.44637 0.0 86.3093 86.4667 76.4572 62.3028 0.415435 0.0 0.331118 0.0 0.297207 0.0 0.316607 0.0 0.322476 0.0 0.519454 0.383548 10.8805 1.46984 0.0 0.0 0.985576 6.40061 0.763131 0.0 0.0 0.0 0.0 2.18401 2.23097 278.805 1.01654 9.71913 4.28479 0.099983 0.045076 0.104161 0.0 0.0 
8 0.1 101.121 85.7694 75.3986 70.7215 64.1265 67.1241 68.7374 71.6959 84.6289 80.0923 65.0109 56.9639 58.7538 59.0819 61.1282 68.5667 76.2407 94.3342 98.1811 110.304 130.237 147.218 146.173 116.246 26.6632 24.0054 29.452 39.701 49.3282 49.5081 50.5442 55.6905 91.4179 116.396 72.7002 23.6365 29.2348 22.9366 33.7432 36.6862 59.2519 52.4383 62.2536 59.2711 44.6363 24.3956 14.2396 10.5556 106.613 84.9624 71.1171 69.6845 66.9195 66.3724 68.239 59.7809 77.7236 77.4234 69.7589 62.3512 58.7158 56.7935 49.4792 46.9186 50.3624 67.1634 79.828 100.965 104.07 115.789 110.507 86.4693 88.8257 80.8208 66.5094 54.4393 47.5013 44.7515 39.9803 40.014 38.9392 29.6466 36.5206 33.3473 32.9788 27.7677 28.3979 26.1408 33.8742 49.97 75.8095 94.9092 114.181 121.265 111.231 85.6593 0.085186 0.0 0.09803 0.0 88.597 83.7002 79.9263 76.4424 64.582 61.7307 80.5912 93.4688 84.6625 67.1324 71.3423 71.2604 70.7042 74.8748 80.4957 79.1702 66.7879 59.0799 90.8782 93.489 0.113099 0.0 0.138667 0.0 0.153152 0.0 60.4794 47.399 45.4592 57.9934 54.7716 47.4505 55.5706 42.3491 32.9736 20.9843 21.253 78.7684 72.0072 78.3481 102.128 129.978 162.364 0.142384 0.0 0.116303 0.0 0.015018 0.0072 0.0 0.1053 109.721 108.275 97.0536 93.0183 76.7441 65.9989 69.2682 64.4736 54.611 65.9998 81.4063 103.564 107.933 0.010962 0.1479 0.082582 0.5755 0.175159 0.9407 0.247897 0.152 45.966 30.5648 23.1333 78.5206 79.6326 90.2646 110.225 162.656 128.355 0.294514 0.0531 0.299751 0.1041 0.28002 0.0473 0.268105 0.0 0.269516 0.0 0.271184 0.0 105.654 103.572 100.387 63.2547 0.258086 0.0 0.213983 0.0 0.229463 0.0 0.28727 0.0 0.310425 0.0 0.696705 0.93395 0.0 1.88383 0.814778 0.530504 0.877914 5.35278 1.03898 0.41596 2.95699 1.75735 0.445357 1.61903 2.78601 296.537 0.16547 4.98303 3.27317 0.430718 0.411701 0.202673 0.002705 0.0 
9 0.1 109.247 98.4088 83.5102 78.5515 76.8293 65.6878 74.983 63.8218 67.7346 70.494 70.0432 59.3813 57.1551 57.5666 51.2653 48.3845 48.7754 64.1257 74.1274 101.169 113.94 124.915 121.722 98.0381 35.2244 16.262 20.7061 25.478 29.8097 67.8252 70.0667 72.8219 103.837 101.403 71.0731 27.9964 28.1697 38.5647 29.1528 39.4173 61.3535 34.8343 55.4601 71.5723 65.0487 18.0314 8.22666 4.38877 104.702 88.9182 81.8056 73.2209 78.0891 64.1022 63.2192 65.102 75.6148 78.5682 39.071 51.7147 44.1531 44.6258 35.3282 36.788 35.1032 39.9202 81.3192 105.68 101.318 117.48 108.838 102.652 84.3084 77.395 70.8059 54.2762 45.2657 53.5675 51.0571 54.9879 55.5882 47.613 65.6758 43.3409 46.4331 31.6529 25.7907 33.2122 42.498 32.804 70.9903 112.685 128.893 120.605 109.812 91.8722 0.080428 0.0 0.062668 0.0 97.8562 84.6741 82.1811 78.2872 65.484 62.5641 75.2642 78.9389 70.9158 71.7876 79.6817 72.2184 63.2798 68.3873 62.4364 52.5524 48.1505 52.7056 76.6228 83.5542 0.063278 0.0 0.070181 0.0 0.068868 0.0 65.243 49.9667 56.9811 53.4993 66.4015 68.6456 56.8604 42.2226 38.4234 31.5476 33.9005 42.4159 35.1696 42.2488 63.6623 84.6192 82.3115 0.083214 0.0 0.08593 0.0 0.015897 0.0061 0.0 0.2173 78.7263 79.2937 51.1288 74.1204 77.0578 85.8036 92.3563 86.873 67.8403 54.3134 76.019 76.0198 94.4969 0.0 0.2991 0.011201 0.2175 0.059024 0.268 0.191625 0.2885 80.0932 69.6771 46.88 45.252 44.138 49.8374 61.3105 86.9262 73.5999 0.121762 0.1549 0.104228 0.0201 0.08944 0.0062 0.073931 0.0 0.057239 0.0 0.063509 0.0 103.817 92.9419 76.8753 55.1408 0.07962 0.0 0.032271 0.0 0.072381 0.0 0.16592 0.0 0.208193 0.0 0.787235 2.01983 6.43426 2.79531 0.0 0.331702 1.27878 5.88156 0.867855 0.0 0.0 0.0 0.0 0.767073 3.39589 142.682 4.77922 8.39861 3.80671 0.488072 0.444802 0.0 0.0 0.0 
10 0.1 100.62 119.812 104.685 95.5573 89.2186 87.4759 90.7613 74.3456 81.9149 78.7352 60.2219 48.9462 45.4934 42.9336 39.1571 42.9173 51.2572 63.8503 85.1379 114.818 136.868 141.853 137.554 113.778 49.0706 30.3988 27.0533 25.8159 27.27 33.4598 54.0125 59.9472 91.9718 101.969 62.8543 19.1795 19.9715 10.3067 14.4405 19.9451 40.7201 28.5139 33.58 41.3098 35.9402 16.1174 7.85384 1.56238 101.626 102.225 89.191 83.367 78.814 73.3899 78.4354 62.8765 72.6099 74.3026 60.2506 49.5079 42.6078 41.2608 34.6623 31.4612 32.0894 38.8242 61.2435 98.4903 107.859 111.818 105.776 87.4314 99.8482 93.3252 81.7249 66.201 55.5855 49.4646 50.7539 53.7839 63.4338 57.4359 65.4429 54.1508 50.2291 43.2336 41.6503 38.8342 47.7182 48.1295 85.2374 117.717 141.09 125.662 109.353 94.3038 0.087766 0.0 0.0 0.0 99.221 92.315 89.7326 79.9449 69.219 59.8667 81.5126 82.2019 75.6928 78.8029 75.924 59.0861 50.3534 54.9038 57.5399 57.668 53.4748 46.7486 74.1091 83.0428 0.066707 0.0 0.093605 0.0 0.121463 0.0 50.6403 48.472 55.9301 47.9445 46.618 33.8179 35.7779 38.7471 32.6439 25.9171 31.0596 23.8508 22.8448 35.7215 67.1924 98.0947 103.562 0.086819 0.0 0.06971 0.0 0.08529 0.0142 0.098459 0.0368 115.879 75.0817 100.378 83.5272 41.8013 60.2462 82.8853 88.5515 81.0747 92.1526 113.317 118.942 154.184 0.123532 0.17 0.133689 0.221 0.172753 0.2056 0.188836 0.1861 9.05795 0.0 14.5952 9.04938 17.9574 23.4475 63.1349 92.9274 121.586 0.199671 0.1619 0.189955 0.0822 0.174331 0.0237 0.163694 0.0 0.170123 0.0 0.223359 0.0 83.1919 81.7023 68.5608 41.7452 0.258436 0.0 0.216563 0.0 0.232283 0.0 0.271222 0.0 0.25898 0.0 0.685099 1.79365 18.9417 2.50397 2.49521 0.541468 1.24931 5.01351 0.974083 0.129752 3.86549 3.52795 2.15316 2.43052 2.38022 247.434 6.32782 2.70907 2.77949 0.534448 0.377842 0.061253 0.0 0.0 
