1 0.1 32.79 3.574286400000009 5.056811599999991 4.818901999999999 17.420480000002215 27.570000000000007 3.0 28.32000000000005 46.2 48.33000000000001 50.51999999999998 25.64159999999842 17.377799999999592 51.9 46.05780000000004 48.705799999999996 50.70284 45.96000000000001 16.75 49.33000000000001 49.35 3.0 6.0 11.57083999999999 
2 0.1 32.79000000000001 22.080000000000034 22.852551999999978 25.5 25.47 27.570000000000007 3.0 31.319999999999993 43.8 48.33000000000001 50.51999999999998 18.81503999999842 12.538999999999703 51.9 7.143408000002587 46.31999999999999 46.50032799999998 14.052896000000057 49.874276 49.49393099999998 48.9 3.0 4.498504000000002 3.0 
3 0.1 32.79000000000001 22.080000000000034 22.852551999999978 25.5 25.47 27.570000000000007 3.0 31.319999999999993 43.8 48.33000000000001 50.51999999999998 18.81503999999842 12.538999999999703 51.9 7.143408000002587 46.31999999999999 46.50032799999998 14.052896000000057 49.874276 49.49393099999998 48.9 3.0 4.498504000000002 3.0 
4 0.1 32.79 30.090000000000003 9.61793439999995 15.376687999999973 3.4859868500024476 27.387105937499996 3.1950870000000107 28.32000000000005 43.8 51.33000000000001 49.34041499999998 10.943511062498391 34.055999999999614 27.955999999999847 48.08000000000001 50.06999999999999 48.909696000000004 47.99152800000002 49.64654 49.58000000000001 17.854144 4.394859999999992 3.0 3.0 
5 0.1 32.78999999999999 14.96769200000107 26.236299999999996 25.5 22.47 27.570000000000007 3.0 31.319999999999993 46.04699999999998 49.676700000000004 50.51999999999998 2.7681399999996117 3.0 2.9193600000004216 43.91230800000005 46.31999999999999 48.77999999999997 48.96000000000001 49.53 49.579999999999956 15.370000000000005 5.8 43.01999999999995 0.0 
6 0.1 32.78999999999999 14.96769200000107 26.236299999999996 25.5 22.47 27.570000000000007 3.0 31.319999999999993 46.04699999999998 49.676700000000004 50.51999999999998 2.7681399999996117 3.0 2.9193600000004216 43.91230800000005 46.31999999999999 48.77999999999997 48.96000000000001 49.53 49.579999999999956 15.370000000000005 5.8 43.01999999999995 0.0 
7 0.1 32.78999999999999 14.96769200000107 26.236299999999996 25.5 22.47 27.570000000000007 3.0 31.319999999999993 46.04699999999998 49.676700000000004 50.51999999999998 2.7681399999996117 3.0 2.9193600000004216 43.91230800000005 46.31999999999999 48.77999999999997 48.96000000000001 49.53 49.579999999999984 15.370000000000005 5.8 43.01999999999995 0.0 
8 0.1 32.78999999999999 14.96769200000107 26.236299999999996 25.5 22.47 27.570000000000007 3.0 31.319999999999993 46.04699999999998 49.676700000000004 50.51999999999998 2.7681399999996117 3.0 2.9193600000004216 43.91230800000005 46.31999999999999 48.77999999999997 48.96000000000001 49.53 49.579999999999984 15.370000000000005 5.8 43.01999999999995 0.0 
9 0.1 32.79000000000001 22.080000000000034 22.852551999999978 25.5 25.47 27.570000000000007 3.0 31.319999999999993 43.8 48.33000000000001 50.51999999999998 18.81503999999842 12.538999999999703 51.9 7.143408000002587 46.31999999999999 46.50032799999998 14.052896000000057 49.874276 49.49393099999998 48.9 3.0 4.498504000000002 3.0 
10 0.1 32.79 38.120000000000005 27.430000000000003 25.5 25.47 27.570000000000007 3.3052999999999315 31.01470000000006 43.8 48.33000000000001 50.51999999999998 16.761879999999877 25.746559999999562 5.15 3.0 27.571560000000744 45.78 5.421640000000053 49.53 49.58000000000001 48.9 13.008359999999982 43.01999999999998 3.4 
