1 0.1 6.0 3.574286400000009 5.056811599999991 4.818901999999999 3.0 3.0 3.0 0.0 5.4 3.0 3.0 0.0 3.1185199999999997 3.0 0.0 2.3858000000000033 4.92284 0.0 3.75 2.75 3.45 3.0 6.0 3.0 
2 0.1 6.0 6.0 4.45 3.0 3.0 3.0 3.0 3.0 3.0 3.0 3.0 3.0 3.0 3.0 3.0 0.0 0.7203280000000065 1.6228959999999937 3.344276000000004 2.913931 3.0 3.0 4.498504000000002 3.0 
3 0.1 6.0 6.0 4.45 3.0 3.0 3.0 3.0 3.0 3.0 3.0 3.0 3.0 3.0 3.0 3.0 0.0 0.7203280000000065 1.6228959999999937 3.344276000000004 2.913931 3.0 3.0 4.498504000000002 3.0 
4 0.1 6.0 6.0 4.45 3.0 3.0 2.81710593749999 3.1950870000000107 0.0 3.0 6.0 1.820414999999997 2.3061203125000036 0.0 3.0 0.0 3.75 3.129696 2.5338400000000005 3.116540000000003 3.0 4.981832000000008 4.394859999999992 3.0 3.0 
5 0.1 6.0 6.0 3.2562999999999915 3.0 0.0 3.0 3.0 3.0 5.247000000000002 4.346699999999992 3.0 2.7681399999996117 3.0 2.9193600000004216 0.0 0.0 3.0 3.0 3.0 3.0 3.0 5.8 6.0 0.0 
6 0.1 6.0 6.0 3.2562999999999915 3.0 0.0 3.0 3.0 3.0 5.247000000000002 4.346699999999992 3.0 2.7681399999996117 3.0 2.9193600000004216 0.0 0.0 3.0 3.0 3.0 3.0 3.0 5.8 6.0 0.0 
7 0.1 6.0 6.0 3.2562999999999915 3.0 0.0 3.0 3.0 3.0 5.247000000000002 4.346699999999992 3.0 2.7681399999996117 3.0 2.9193600000004216 0.0 0.0 3.0 3.0 3.0 3.0 3.0 5.8 6.0 0.0 
8 0.1 6.0 6.0 3.2562999999999915 3.0 0.0 3.0 3.0 3.0 5.247000000000002 4.346699999999992 3.0 2.7681399999996117 3.0 2.9193600000004216 0.0 0.0 3.0 3.0 3.0 3.0 3.0 5.8 6.0 0.0 
9 0.1 6.0 6.0 4.45 3.0 3.0 3.0 3.0 3.0 3.0 3.0 3.0 3.0 3.0 3.0 3.0 0.0 0.7203280000000065 1.6228959999999937 3.344276000000004 2.913931 3.0 3.0 4.498504000000002 3.0 
10 0.1 6.0 6.0 4.45 3.0 3.0 3.0 3.0 3.0 3.0 3.0 3.0 3.0 0.0 5.15 3.0 0.0 0.0 3.0 3.0 3.0 3.0 3.0 6.0 3.4 
