1 0.1 26.789999999999992 0.0 0.0 0.0 14.420480000002215 24.570000000000007 0.0 28.32000000000005 40.8 45.33000000000001 47.51999999999998 25.64159999999842 14.259279999999592 48.9 46.05780000000004 46.31999999999999 45.78 45.96000000000001 13.0 46.58000000000001 45.9 0.0 0.0 8.57083999999999 
2 0.1 26.789999999999992 16.080000000000013 18.402551999999986 22.5 22.47 24.570000000000007 0.0 28.319999999999993 40.8 45.33000000000001 47.51999999999998 15.815039999998419 9.538999999999703 48.9 4.14340800000258 46.31999999999999 45.77999999999997 12.430000000000064 46.53 46.579999999999984 45.9 0.0 0.0 0.0 
3 0.1 26.789999999999992 16.080000000000013 18.402551999999986 22.5 22.47 24.570000000000007 0.0 28.319999999999993 40.8 45.33000000000001 47.51999999999998 15.815039999998419 9.538999999999703 48.9 4.14340800000258 46.31999999999999 45.77999999999997 12.430000000000064 46.53 46.579999999999984 45.9 0.0 0.0 0.0 
4 0.1 26.789999999999992 24.090000000000003 5.16793439999995 12.376687999999973 0.48598685000244757 24.570000000000007 0.0 28.32000000000005 40.8 45.33000000000001 47.51999999999998 8.637390749998389 34.055999999999614 24.955999999999847 48.08000000000001 46.31999999999999 45.78 45.45768800000002 46.53 46.58000000000001 12.872311999999994 0.0 0.0 0.0 
5 0.1 26.789999999999992 8.967692000001051 22.980000000000004 22.5 22.47 24.570000000000007 0.0 28.319999999999993 40.8 45.33000000000001 47.51999999999998 0.0 0.0 0.0 43.91230800000005 46.31999999999999 45.77999999999997 45.96000000000001 46.53 46.579999999999956 12.370000000000005 0.0 37.01999999999995 0.0 
6 0.1 26.789999999999992 8.967692000001051 22.980000000000004 22.5 22.47 24.570000000000007 0.0 28.319999999999993 40.8 45.33000000000001 47.51999999999998 0.0 0.0 0.0 43.91230800000005 46.31999999999999 45.77999999999997 45.96000000000001 46.53 46.579999999999984 12.370000000000005 0.0 37.01999999999995 0.0 
7 0.1 26.789999999999992 8.967692000001051 22.980000000000004 22.5 22.47 24.570000000000007 0.0 28.319999999999993 40.8 45.33000000000001 47.51999999999998 0.0 0.0 0.0 43.91230800000005 46.31999999999999 45.77999999999997 45.96000000000001 46.53 46.579999999999984 12.370000000000005 0.0 37.01999999999995 0.0 
8 0.1 26.789999999999992 8.967692000001051 22.980000000000004 22.5 22.47 24.570000000000007 0.0 28.319999999999993 40.8 45.33000000000001 47.51999999999998 0.0 0.0 0.0 43.91230800000005 46.31999999999999 45.77999999999997 45.96000000000001 46.53 46.579999999999984 12.370000000000005 0.0 37.01999999999995 0.0 
9 0.1 26.789999999999992 16.080000000000013 18.402551999999986 22.5 22.47 24.570000000000007 0.0 28.319999999999993 40.8 45.33000000000001 47.51999999999998 15.815039999998419 9.538999999999703 48.9 4.14340800000258 46.31999999999999 45.77999999999997 12.430000000000064 46.53 46.579999999999984 45.9 0.0 0.0 0.0 
10 0.1 26.789999999999992 32.120000000000005 22.980000000000004 22.5 22.47 24.570000000000007 0.3052999999999315 28.01470000000006 40.8 45.33000000000001 47.51999999999998 13.761879999999877 25.746559999999562 0.0 0.0 27.571560000000744 45.78 2.4216400000000533 46.53 46.58000000000001 45.9 10.008359999999982 37.01999999999998 0.0 
