1 0.1 0.0 2.425713599999991 0.9431884000000088 1.181098000000001 3.0 3.0 3.0 6.0 0.6 3.0 3.0 6.0 2.8814800000000003 3.0 6.0 3.6141999999999967 1.0771600000000001 6.0 2.25 3.25 2.55 3.0 0.0 3.0 
2 0.1 0.0 0.0 1.55 3.0 3.0 3.0 3.0 3.0 3.0 3.0 3.0 3.0 3.0 3.0 3.0 5.000234000000006 5.279672 3.0 2.6557239999999966 3.086069 3.0 3.0 0.0 2.6 
3 0.1 0.0 0.0 1.55 3.0 3.0 3.0 3.0 3.0 3.0 3.0 3.0 3.0 3.0 3.0 3.0 5.000234000000006 5.279672 3.0 2.6557239999999966 3.086069 3.0 3.0 0.0 2.6 
4 0.1 0.0 0.0 1.55 3.0 3.0 3.18289406250001 2.8049129999999893 6.0 3.0 0.0 4.179585000000003 3.6938796874999964 6.0 3.0 6.0 2.25 2.870304 3.4661599999999995 2.883459999999997 3.0 1.0181679999999926 1.6051400000000076 3.0 3.0 
5 0.1 0.0 0.0 2.7437000000000085 3.0 6.0 3.0 3.0 3.0 0.7529999999999983 1.6533000000000078 3.0 3.2318600000003883 3.0 3.0806399999995784 6.0 6.0 3.0 3.0 3.0 3.0 3.0 0.2 0.0 6.0 
6 0.1 0.0 0.0 2.7437000000000085 3.0 6.0 3.0 3.0 3.0 0.7529999999999983 1.6533000000000078 3.0 3.2318600000003883 3.0 3.0806399999995784 6.0 6.0 3.0 3.0 3.0 3.0 3.0 0.2 0.0 6.0 
7 0.1 0.0 0.0 2.7437000000000085 3.0 6.0 3.0 3.0 3.0 0.7529999999999983 1.6533000000000078 3.0 3.2318600000003883 3.0 3.0806399999995784 6.0 6.0 3.0 3.0 3.0 3.0 3.0 0.2 0.0 6.0 
8 0.1 0.0 0.0 2.7437000000000085 3.0 6.0 3.0 3.0 3.0 0.7529999999999983 1.6533000000000078 3.0 3.2318600000003883 3.0 3.0806399999995784 6.0 6.0 3.0 3.0 3.0 3.0 3.0 0.2 0.0 6.0 
9 0.1 0.0 0.0 1.55 3.0 3.0 3.0 3.0 3.0 3.0 3.0 3.0 3.0 3.0 3.0 3.0 5.000234000000006 5.279672 3.0 2.6557239999999966 3.086069 3.0 3.0 0.0 2.6 
10 0.1 0.0 0.0 1.55 3.0 3.0 3.0 3.0 3.0 3.0 3.0 3.0 3.0 6.0 0.85 3.0 6.0 6.0 3.0 3.0 3.0 3.0 3.0 0.0 2.6 
