1 0.1 8.930000000000001 8.030000000000001 7.660000000000002 7.5 7.490000000000002 8.190000000000001 9.570000000000002 11.390000000000002 13.6 15.110000000000003 15.840000000000003 16.040000000000003 15.980000000000004 16.3 16.040000000000003 15.440000000000003 15.260000000000003 15.320000000000004 15.510000000000003 15.540000000000003 15.3 14.060000000000004 12.340000000000003 10.920000000000002 
2 0.1 8.930000000000003 8.030000000000003 7.660000000000004 7.5 7.490000000000004 8.190000000000003 9.570000000000004 11.390000000000004 13.6 15.110000000000007 15.840000000000007 16.040000000000006 15.980000000000008 16.3 16.040000000000006 15.440000000000007 15.260000000000007 15.320000000000007 15.510000000000007 15.540000000000006 15.3 14.060000000000008 12.340000000000007 10.920000000000003 
3 0.1 8.930000000000003 8.030000000000003 7.660000000000004 7.5 7.490000000000004 8.190000000000003 9.570000000000004 11.390000000000004 13.6 15.110000000000007 15.840000000000007 16.040000000000006 15.980000000000008 16.3 16.040000000000006 15.440000000000007 15.260000000000007 15.320000000000007 15.510000000000007 15.540000000000006 15.3 14.060000000000008 12.340000000000007 10.920000000000003 
4 0.1 8.930000000000001 8.030000000000001 7.660000000000002 7.5 7.490000000000002 8.190000000000001 9.570000000000002 11.390000000000002 13.6 15.110000000000003 15.840000000000003 16.040000000000003 15.980000000000004 16.3 16.040000000000003 15.440000000000003 15.260000000000003 15.320000000000004 15.510000000000003 15.540000000000003 15.3 14.060000000000004 12.340000000000003 10.920000000000002 
5 0.1 8.930000000000003 8.030000000000003 7.660000000000004 7.5 7.490000000000004 8.190000000000003 9.570000000000004 11.390000000000004 13.6 15.110000000000007 15.840000000000007 16.040000000000006 15.980000000000008 16.3 16.040000000000006 15.440000000000007 15.260000000000007 15.320000000000007 15.510000000000007 15.540000000000006 15.3 14.060000000000008 12.340000000000007 10.920000000000003 
6 0.1 8.930000000000003 8.030000000000003 7.660000000000004 7.5 7.490000000000004 8.190000000000003 9.570000000000004 11.390000000000004 13.6 15.110000000000007 15.840000000000007 16.040000000000006 15.980000000000008 16.3 16.040000000000006 15.440000000000007 15.260000000000007 15.320000000000007 15.510000000000007 15.540000000000006 15.3 14.060000000000008 12.340000000000007 10.920000000000003 
7 0.1 8.930000000000003 8.030000000000003 7.660000000000004 7.5 7.490000000000004 8.190000000000003 9.570000000000004 11.390000000000004 13.6 15.110000000000007 15.840000000000007 16.040000000000006 15.980000000000008 16.3 16.040000000000006 15.440000000000007 15.260000000000007 15.320000000000007 15.510000000000007 15.540000000000006 15.3 14.060000000000008 12.340000000000007 10.920000000000003 
8 0.1 8.930000000000003 8.030000000000003 7.660000000000004 7.5 7.490000000000004 8.190000000000003 9.570000000000004 11.390000000000004 13.6 15.110000000000007 15.840000000000007 16.040000000000006 15.980000000000008 16.3 16.040000000000006 15.440000000000007 15.260000000000007 15.320000000000007 15.510000000000007 15.540000000000006 15.3 14.060000000000008 12.340000000000007 10.920000000000003 
9 0.1 8.930000000000003 8.030000000000003 7.660000000000004 7.5 7.490000000000004 8.190000000000003 9.570000000000004 11.390000000000004 13.6 15.110000000000007 15.840000000000007 16.040000000000006 15.980000000000008 16.3 16.040000000000006 15.440000000000007 15.260000000000007 15.320000000000007 15.510000000000007 15.540000000000006 15.3 14.060000000000008 12.340000000000007 10.920000000000003 
10 0.1 8.930000000000001 0.0 7.660000000000002 7.5 7.490000000000002 8.190000000000001 9.570000000000002 11.390000000000002 13.6 15.110000000000003 15.840000000000003 16.040000000000003 15.980000000000004 16.3 16.040000000000003 15.440000000000003 15.260000000000003 15.320000000000004 15.510000000000003 15.540000000000003 15.3 14.060000000000004 12.340000000000003 10.920000000000002 
