1 0.1 0 0 0 0 0 0 0 -5.951999999999997 -4.55 -5.9153 0.0 -10.224000000000013 -10.186000000000028 -8.4047125 -9.347249999999999 -8.43775 -7.808719999999998 -8.728672 -8.0672125 -5.8106133333333325 -6.7833483333333335 -6.797523333333335 -4.473740833333338 7.15 
2 0.1 0 0 0 0 0 0 0 6.7200075 -5.7696014 -5.178696666666667 -6.668598 10.224000000000098 10.186000000000028 8.4047125 2.4050250000006272 0.0 -8.7351065 -8.454021999999998 -8.0672125 -5.8106133333333325 -6.7833483333333335 -6.709522833333335 -5.522967833333334 -7.15 
3 0.1 0 0 0 0 0 0 0 6.7200075 -5.769601400000001 -5.178696666666667 -6.668598 10.224000000000098 10.186000000000071 8.4047125 2.4050250000006272 0.0 -8.7351065 -8.454021999999998 -8.0672125 -5.8106133333333325 -6.7833483333333335 -6.709522833333335 -5.522967833333334 -7.15 
4 0.1 0 0 0 0 0 0 0 -0.15 -5.769601400000001 -4.955299999999999 8.020777500000001 -10.224000000000098 -10.186000000000014 -10.38000000000001 9.347249999999999 0.0 -2.9804240000000055 0.0 -8.0672125 -5.8106133333333325 -6.7833483333333335 -6.797523333333335 -6.1053950000000015 7.15 
5 0.1 0 0 0 0 0 0 0 5.322211200000002 0.6989929999999998 1.8832749999999905 -0.12430499999999967 10.22400000000002 10.186000000000025 8.4047125 9.347249999999999 6.044081666666667 4.446655000000019 -5.466458333333334 -5.435521000000001 -5.397356666666667 -6.7833483333333335 -6.225846666666667 3.231207499999989 7.15 
6 0.1 0 0 0 0 0 0 0 5.05544720000001 -4.55 -5.178696666666667 0.0 -10.224000000000018 -10.186000000000048 -8.4047125 -9.347249999999999 -6.044081666666667 -5.443459000000001 -5.466458333333334 -5.435521000000001 -5.397356666666667 -6.7833483333333335 -6.225846666666666 3.7302185000000025 7.15 
7 0.1 0 0 0 0 0 0 0 5.322211200000002 0.6989929999999998 1.8832749999999905 -0.12430499999999967 10.22400000000002 10.186000000000025 8.4047125 9.347249999999999 6.044081666666667 4.446655000000019 -5.466458333333334 -5.435521000000001 -5.397356666666667 -6.7833483333333335 -6.225846666666667 3.231207499999989 7.15 
8 0.1 0 0 0 0 0 0 0 5.05544720000001 -4.55 -5.178696666666667 0.0 -10.224000000000018 -10.186000000000048 -8.4047125 -9.347249999999995 -6.044081666666667 -5.443459000000001 -5.466458333333334 -5.435521000000001 -5.397356666666667 -6.7833483333333335 -6.225846666666667 3.7302185000000025 7.15 
9 0.1 0 0 0 0 0 0 0 6.7200075 -5.7696014 -5.178696666666667 -6.668598 10.224000000000101 10.18600000000002 8.4047125 2.4050250000006272 0.0 -8.7351065 -8.454021999999998 -8.0672125 -5.8106133333333325 -6.7833483333333335 -6.709522833333335 -5.522967833333334 -7.15 
10 0.1 0 0 0 0 0 0 0 -4.44789683333333 -4.874568333333334 -5.178696666666667 -8.020777500000001 -10.224000000000007 -10.186000000000028 -10.38000000000001 -10.22200000000001 -1.0169439999997891 -8.7351065 -8.728672 -8.0672125 -5.397356666666667 -5.376561666666667 -6.225846666666669 -3.391687499999989 7.15 
