1 0.1 0 0 0 0 4.038455 4.250914999999999 4.657762500000003 5.951999999999997 0.0 5.9153 7.7258812500000005 10.224000000000009 10.186000000000028 8.4047125 9.347249999999999 8.43775 7.808719999999998 8.728672 -8.002299999999995 -5.8106133333333325 -6.7833483333333335 -6.797523333333335 -5.522967833333334 7.15 
2 0.1 0 0 0 0 4.038455 4.39884 4.657762500000003 6.7200075 5.769601400000001 0.055680000000002394 6.668598 10.224000000000098 10.186000000000016 8.4047125 9.347249999999999 8.948458500000001 8.7351065 8.454021999999998 0.0 -5.8106133333333325 -6.7833483333333335 -6.709522833333335 -5.522967833333334 5.411984000000004 
3 0.1 0 0 0 0 4.038455 4.39884 4.657762500000004 6.7200075 5.769601400000001 0.055680000000002394 6.668598 10.224000000000098 10.186000000000018 8.4047125 9.347249999999999 8.948458500000001 8.7351065 8.454021999999998 0.0 -5.8106133333333325 -6.7833483333333335 -6.709522833333335 -5.522967833333334 5.411984000000004 
4 0.1 0 0 0 0 0.5502217125006155 4.6525985156250025 6.344000000000007 7.436000000000002 5.769601400000001 4.955299999999999 8.020777500000001 -10.224000000000098 10.18600000000001 10.38000000000001 9.347249999999999 8.43775 7.808719999999998 8.728672 8.0672125 5.8106133333333325 -6.7833483333333335 -6.797523333333335 6.1053950000000015 7.15 
5 0.1 0 0 0 0 3.456865000000003 3.7245769999999965 6.34400000000003 5.322211200000002 -4.55 -5.178696666666667 7.7258812500000005 8.72789800000025 8.277050000000003 -8.4047125 -9.347250000000024 0.0 -5.443459000000001 0.28824400000000416 0.0 0.12710999999999473 -6.7833483333333335 -6.225846666666667 -3.7302185000000025 7.15 
6 0.1 0 0 0 0 4.577745000000001 4.250914999999999 6.344000000000007 5.322211200000002 0.0 0.0 7.7258812500000005 10.224000000000098 10.186000000000025 8.4047125 9.347249999999999 6.044081666666667 5.443459000000001 5.466458333333334 0.0 -5.397356666666667 -6.7833483333333335 -6.225846666666667 -3.7302185000000025 3.104249999999964 
7 0.1 0 0 0 0 3.456865000000003 3.7245769999999965 6.34400000000003 5.322211200000002 -4.55 -5.178696666666667 7.7258812500000005 8.72789800000025 8.277050000000003 -8.4047125 -9.347250000000024 0.0 -5.443459000000001 0.28824400000000416 0.0 0.12710999999999473 -6.7833483333333335 -6.225846666666667 -3.7302185000000025 7.15 
8 0.1 0 0 0 0 4.577745000000001 4.250914999999999 6.344000000000001 5.3222112000000035 0.0 0.0 7.7258812500000005 10.224000000000098 10.186000000000027 8.4047125 9.347249999999999 6.044081666666667 5.443459000000001 5.466458333333334 0.0 -5.397356666666667 -6.7833483333333335 -6.225846666666667 -3.7302185000000025 3.104249999999964 
9 0.1 0 0 0 0 4.038455 4.39884 4.657762500000003 6.7200075 5.769601400000001 0.055680000000002394 6.668598 10.224000000000098 10.18600000000002 8.4047125 9.347249999999999 8.948458500000001 8.7351065 8.454021999999998 0.0 -5.8106133333333325 -6.7833483333333335 -6.709522833333335 -5.522967833333334 5.411984000000004 
10 0.1 0 0 0 0 2.6733408333333344 2.926551666666667 4.657762500000003 4.44789683333333 0.0 0.0 8.020777500000001 10.224000000000007 10.186000000000007 10.380000000000006 10.222000000000007 9.866000000000007 8.7351065 8.728672 -0.3850600000000064 -5.397356666666667 -5.376561666666667 -6.225846666666669 -3.7302185000000025 -7.15 
