1 0.1 0 0 0 0 0 0 0 0 0 0 0 0 0 0 0 0 0 0 0 0 1.296721666666662 -6.797523333333335 -5.522967833333334 -7.15 
2 0.1 0 0 0 0 0 0 0 0 0 0 0 0 0 0 0 0 0 0 0 0 6.0329683333333355 6.341862833333326 -5.192496833333323 -6.856894000000008 
3 0.1 0 0 0 0 0 0 0 0 0 0 0 0 0 0 0 0 0 0 0 0 6.7833483333333335 6.709522833333335 -3.2451408333331795 -6.730824 
4 0.1 0 0 0 0 0 0 0 0 0 0 0 0 0 0 0 0 0 0 0 0 6.7833483333333335 6.797523333333335 6.1053950000000015 -7.15 
5 0.1 0 0 0 0 0 0 0 0 0 0 0 0 0 0 0 0 0 0 0 0 -6.7833483333333335 6.225846666666667 -3.7302185000000025 -7.15 
6 0.1 0 0 0 0 0 0 0 0 0 0 0 0 0 0 0 0 0 0 0 0 6.7833483333333335 -5.95613666666674 -3.7302185000000025 -7.15 
7 0.1 0 0 0 0 0 0 0 0 0 0 0 0 0 0 0 0 0 0 0 0 6.7833483333333335 -5.278696666666663 -3.7302185000000025 -7.15 
8 0.1 0 0 0 0 0 0 0 0 0 0 0 0 0 0 0 0 0 0 0 0 6.7833483333333335 -5.95613666666674 -3.7302185000000025 -7.15 
9 0.1 0 0 0 0 0 0 0 0 0 0 0 0 0 0 0 0 0 0 0 0 4.413208333333336 5.84811583333332 -5.522967833333334 -7.15 
10 0.1 0 0 0 0 0 0 0 0 0 0 0 0 0 0 0 0 0 0 0 0 -5.376561666666667 -6.225846666666669 -3.7302185000000025 -7.15 
