1 0.1 0 0 0 0 0 0 0 0 0 0 0 10.224000000000009 10.186000000000028 8.4047125 9.347249999999999 8.43775 7.808719999999998 8.728672 8.0672125 1.8434699999999964 -6.7833483333333335 6.797523333333335 5.522967833333334 7.15 
2 0.1 0 0 0 0 0 0 0 0 0 0 0 10.224000000000098 10.186000000000018 8.404712499999995 9.347249999999999 8.948458500000001 8.7351065 8.454021999999998 8.0672125 2.128645999999991 -6.7833483333333335 -6.709522833333335 -5.522967833333334 7.15 
3 0.1 0 0 0 0 0 0 0 0 0 0 0 10.224000000000098 10.186000000000018 8.404712499999995 9.347249999999999 8.948458500000001 8.7351065 8.454021999999998 8.0672125 2.128645999999991 -6.7833483333333335 -6.709522833333335 -5.522967833333334 7.15 
4 0.1 0 0 0 0 0 0 0 0 0 0 0 10.224000000000098 10.18600000000001 10.38000000000001 9.347249999999999 8.43775 7.808719999999998 8.728672 8.0672125 -5.8106133333333325 -6.7833483333333335 6.797523333333335 6.1053950000000015 5.411984000000004 
5 0.1 0 0 0 0 0 0 0 0 0 0 0 -10.224000000000098 -10.186000000000025 7.326122499999981 8.066596999999998 6.044081666666667 5.443459000000001 5.1782143333333295 -5.435521000000001 -5.397356666666667 -6.7833483333333335 -6.225846666666667 -3.7302185000000025 2.2262699999999995 
6 0.1 0 0 0 0 0 0 0 0 0 0 0 10.224000000000098 10.186000000000025 8.4047125 9.347249999999999 6.044081666666667 5.443459000000001 0.2882440000000006 -5.435521000000001 -5.397356666666667 -6.7833483333333335 -6.225846666666667 -3.7302185000000025 7.15 
7 0.1 0 0 0 0 0 0 0 0 0 0 0 -7.0305700000000915 -5.9734100000000225 8.4047125 9.347249999999999 6.044081666666667 5.443459000000001 -5.466458333333334 -5.435521000000001 -5.397356666666667 -6.7833483333333335 -6.225846666666667 3.7302185000000025 7.15 
8 0.1 0 0 0 0 0 0 0 0 0 0 0 10.224000000000098 10.186000000000027 8.4047125 9.347249999999999 6.044081666666667 5.443459000000001 0.2882440000000006 -5.435521000000001 -5.397356666666667 -6.7833483333333335 -6.225846666666667 -3.7302185000000025 7.15 
9 0.1 0 0 0 0 0 0 0 0 0 0 0 10.224000000000098 10.18600000000002 8.404712499999995 9.347249999999999 8.948458500000001 8.7351065 8.454021999999998 8.0672125 2.128645999999991 -6.7833483333333335 -6.709522833333335 -5.522967833333334 7.15 
10 0.1 0 0 0 0 0 0 0 0 0 0 0 10.224000000000007 10.186000000000007 10.380000000000006 10.222000000000007 9.866000000000007 8.7351065 8.728672 8.0672125 0.003500000000002501 5.376561666666667 6.225846666666669 3.7302185000000025 7.15 
