1 0.1 3.252926000000001 -3.7539239333333327 0.0 0.0 2.1969550000005498 3.7245769999999965 -4.657762500000003 5.951999999999997 4.55 5.9153 7.7258812500000005 10.224000000000105 10.186000000000028 8.4047125 9.347249999999999 0.0 0.0 -0.665572000000008 8.0672125 5.8106133333333325 6.7833483333333335 -6.797523333333335 5.522967833333334 -7.15 
2 0.1 0.0 0.0 3.2593164000000026 3.2326380000000015 4.038454999999999 4.39884 -4.657762499999983 0.0 5.7696014 5.178696666666667 -6.668598 -10.224000000000098 -10.18600000000002 -8.404712499999995 -9.347249999999999 -8.948458500000001 -8.7351065 -8.454021999999998 8.0672125 5.8106133333333325 6.7833483333333335 6.709522833333335 5.522967833333334 7.15 
3 0.1 0.0 0.0 3.2593164000000026 3.2326380000000015 4.038455 4.39884 -4.657762499999983 0.0 5.769601400000001 5.178696666666667 -6.668598 -10.224000000000098 -10.18600000000002 -8.404712499999995 -9.347249999999999 -8.948458500000001 -8.7351065 -8.454021999999998 8.0672125 5.8106133333333325 6.7833483333333335 6.709522833333335 5.522967833333334 7.15 
4 0.1 0.23488999999999827 0.0 0.0 0.0 4.577745000000001 4.6525985156250025 3.9685120000000316 7.436000000000014 5.769601400000001 4.955299999999999 0.0 10.224000000000098 10.186000000000032 10.38000000000001 -9.347249999999999 -8.43775 -7.808719999999998 -8.728672 8.0672125 5.8106133333333325 6.7833483333333335 6.797523333333335 -6.1053950000000015 -7.15 
5 0.1 3.252926000000001 -3.2684542666663887 -3.2593164000000017 3.232638000000001 4.577745000000001 4.250914999999999 3.773424999999988 -5.322211200000002 4.55 5.178696666666667 7.7258812500000005 8.526672000000017 6.998970000000135 -3.9009274999995753 9.347249999999999 -6.044081666666667 0.9968039999999974 5.466458333333334 5.435521000000001 5.397356666666667 6.7833483333333335 6.225846666666667 3.7302185000000025 -7.15 
6 0.1 3.252926000000001 -3.2684542666663887 -3.2593164000000017 3.232638000000001 4.577745000000001 4.250914999999999 3.773424999999988 -5.322211200000002 4.55 5.178696666666667 7.7258812500000005 8.526672000000017 6.998970000000135 -3.9009274999995753 9.347249999999999 -6.044081666666667 0.9968039999999974 5.466458333333334 5.435521000000001 5.397356666666667 6.7833483333333335 6.225846666666667 3.7302185000000025 -7.15 
7 0.1 3.252926000000001 -3.2684542666663887 -3.2593164000000017 3.232638000000001 4.577745000000001 4.250914999999999 3.773424999999988 -5.322211200000002 4.55 5.178696666666667 7.7258812500000005 8.526672000000017 6.998970000000135 -3.9009274999995753 9.347249999999999 -6.044081666666667 0.9968039999999811 5.466458333333334 5.435521000000001 5.397356666666667 6.7833483333333335 6.225846666666667 3.7302185000000025 -7.15 
8 0.1 3.252926000000001 -3.2684542666663887 -3.2593164000000017 3.232638000000001 4.577745000000001 4.250914999999999 3.773424999999988 -5.322211200000002 4.55 5.178696666666667 7.7258812500000005 8.526672000000017 6.998970000000135 -3.9009274999995753 9.347249999999999 -6.044081666666667 0.9968039999999811 5.466458333333334 5.435521000000001 5.397356666666667 6.7833483333333335 6.225846666666667 3.730218500000002 -7.15 
9 0.1 0.0 0.0 3.2593164000000026 3.2326380000000015 4.038455 4.39884 -4.657762499999984 0.0 5.7696014 5.178696666666667 -6.668598 -10.224000000000098 -10.18600000000002 -8.4047125 -9.347249999999999 -8.948458500000001 -8.7351065 -8.454021999999998 8.0672125 5.8106133333333325 6.7833483333333335 6.709522833333335 5.522967833333334 7.15 
10 0.1 3.252926000000001 0.0 0.0 0.0 -2.6733408333333344 -2.926551666666667 -4.657762500000003 0.0 4.874568333333334 5.178696666666667 0.0 -10.224000000000007 -10.186000000000028 -10.38000000000001 -10.222000000000012 -9.86600000000001 -0.767634000000001 -8.728672 8.0672125 5.397356666666667 5.376561666666667 6.225846666666669 3.7302185000000025 -7.15 
