1 0.1 0.061240000000001515 -3.7539239333333327 -3.2593164000000026 -3.232638000000001 2.1969550000005498 3.7245769999999965 -4.657762500000003 0.0 -4.55 0.0 7.7258812500000005 10.224000000000098 10.186000000000028 8.4047125 9.347249999999999 8.43775 7.808719999999998 8.063099999999991 0.06491250000000548 -3.967143333333336 1.296721666666662 -6.797523333333335 -4.473740833333338 7.15 
2 0.1 -2.7130366666666674 -2.7510121666666656 0.0 4.440892098500626e-16 4.038454999999999 4.39884 -4.657762499999984 6.7200075 8.881784197001252e-16 -5.123016666666665 0.0 10.224000000000098 10.186000000000027 8.404712499999999 2.4050250000006272 8.948458500000001 8.7351065 0.0 8.0672125 -3.6819673333333416 1.4342116666666636 -6.215775833333329 -5.192496833333323 5.705089999999997 
3 0.1 -2.7130366666666674 -2.7510121666666656 0.0 4.440892098500626e-16 4.038455 4.39884 -4.657762499999983 6.7200075 0.0 -5.123016666666665 0.0 10.224000000000098 10.186000000000071 8.404712499999999 2.4050250000006272 8.948458500000001 8.7351065 0.0 8.0672125 -3.6819673333333416 2.1845916666666616 -5.84811583333332 -3.2451408333331795 5.831160000000004 
4 0.1 -2.478146666666669 -2.5084633333333333 -3.2593164000000026 -3.232638000000001 0.5502217125006155 4.6525985156250025 3.9685120000000316 7.286000000000014 0.0 0.0 8.020777500000001 10.224000000000098 10.186000000000025 10.38000000000001 9.347249999999999 8.43775 4.828295999999993 8.728672 5.758002499999996 -5.8106133333333325 -6.7833483333333335 -6.797523333333335 -6.1053950000000015 5.411984000000004 
5 0.1 0.0 0.485469666666944 8.881784197001252e-16 0.0856570000000012 3.456865000000003 3.7245769999999965 3.7734250000000102 0.0 -3.851007 -3.2954216666666767 7.601576250000001 7.0305700000000915 5.090020000000113 -4.979517499999595 8.066596999999973 -6.044081666666667 -5.443459000000001 -5.466458333333334 -5.435521000000001 -5.270246666666672 -6.7833483333333335 -6.225846666666667 -3.7302185000000025 2.2262699999999995 
6 0.1 0.0 0.485469666666944 8.881784197001252e-16 0.0856570000000012 4.577745000000001 4.250914999999999 3.773424999999988 -0.26676399999999134 -4.55 -5.178696666666667 7.7258812500000005 8.526672000000097 6.998970000000112 -3.9009274999995753 9.347249999999999 -4.256391666666669 -4.446655000000003 -5.178214333333333 -5.435521000000001 -5.397356666666667 -6.750928333333333 -5.956136666666739 -3.231207499999989 3.104249999999965 
7 0.1 0.0 0.485469666666944 8.881784197001252e-16 0.0856570000000012 3.456865000000003 3.7245769999999965 3.7734250000000147 0.0 -3.851007 -3.2954216666666767 7.601576250000001 10.224000000000098 9.302610000000127 -3.9009274999995753 9.347249999999974 -5.573425666666662 -5.443459000000001 -5.1782143333333295 -5.435521000000001 -3.8238666666666674 -5.5795783333333295 -5.278696666666663 -2.9378375000001378 3.224759999999998 
8 0.1 0.0 0.485469666666944 8.881784197001252e-16 0.0856570000000012 4.577745000000001 4.250914999999999 3.773424999999988 -0.26676399999999134 -4.55 -5.178696666666667 7.7258812500000005 8.5266720000001 6.998970000000128 -3.9009274999995753 9.347250000000003 -4.256391666666669 -4.446655000000019 -5.178214333333333 -5.435521000000001 -5.397356666666667 -6.750928333333337 -5.95613666666674 -3.2312074999999894 3.104249999999965 
9 0.1 -2.7130366666666674 -2.7510121666666656 0.0 4.440892098500626e-16 4.038455 4.39884 -4.657762499999984 6.7200075 8.881784197001252e-16 -5.123016666666665 0.0 10.224000000000101 10.18600000000002 8.404712499999995 2.4050250000006272 8.948458500000001 8.7351065 0.0 8.0672125 -3.6819673333333416 -0.18554833333333587 -6.709522833333335 -5.522967833333334 5.411984000000004 
10 0.1 0.059789999999999566 -2.1783333333333337 -2.519655 -2.6795888333333338 -2.6733408333333344 -2.926551666666667 -4.657762500000003 -4.44789683333333 -4.874568333333334 -5.178696666666667 8.020777500000001 10.224000000000007 10.186000000000028 8.76571 5.721549999999999 8.849056000000214 7.9674724999999995 0.0 7.682152499999994 -5.3938566666666645 -5.376561666666667 -6.225846666666669 -3.391687499999989 5.989799999999999 
