1 0.1 0 0 0 0 0 0 0 0 0 0 0 0 0 0 0 8.43775 7.808719999999998 8.728672 -8.0672125 -5.8106133333333325 6.7833483333333335 6.797523333333335 -5.522967833333334 7.15 
2 0.1 0 0 0 0 0 0 0 0 0 0 0 0 0 0 0 8.948458500000001 8.7351065 8.454021999999998 -8.0672125 -5.8106133333333325 2.1845916666666616 -5.84811583333332 5.522967833333334 -7.15 
3 0.1 0 0 0 0 0 0 0 0 0 0 0 0 0 0 0 8.948458500000001 8.7351065 8.454021999999998 -8.0672125 -5.8106133333333325 2.1845916666666616 -5.84811583333332 5.522967833333334 -7.15 
4 0.1 0 0 0 0 0 0 0 0 0 0 0 0 0 0 0 8.43775 7.808719999999998 8.728672 -8.0672125 -5.8106133333333325 -6.7833483333333335 -6.797523333333335 -6.1053950000000015 7.15 
5 0.1 0 0 0 0 0 0 0 0 0 0 0 0 0 0 0 -6.044081666666667 -5.443459000000017 -5.466458333333334 -5.435521000000001 -5.397356666666667 6.7833483333333335 -6.225846666666667 3.7302185000000025 7.15 
6 0.1 0 0 0 0 0 0 0 0 0 0 0 0 0 0 0 1.7876899999999978 -5.443459000000001 -5.466458333333334 -5.435521000000001 0.0 -6.750928333333333 6.225846666666667 3.7302185000000025 7.15 
7 0.1 0 0 0 0 0 0 0 0 0 0 0 0 0 0 0 -5.573425666666662 -5.443459000000001 5.466458333333334 -5.435521000000001 -3.950976666666662 -5.5795783333333295 6.225846666666667 -2.9378375000001378 3.224759999999999 
8 0.1 0 0 0 0 0 0 0 0 0 0 0 0 0 0 0 1.7876899999999978 -5.443459000000001 -5.466458333333334 -5.435521000000001 0.0 -6.750928333333337 6.225846666666667 3.7302185000000025 7.15 
9 0.1 0 0 0 0 0 0 0 0 0 0 0 0 0 0 0 8.948458500000001 8.7351065 8.454021999999998 -8.0672125 -5.8106133333333325 2.1845916666666616 -5.84811583333332 5.522967833333334 -7.15 
10 0.1 0 0 0 0 0 0 0 0 0 0 0 0 0 0 0 -9.866000000000007 -8.7351065 -8.728672 -8.0672125 -5.397356666666667 -5.376561666666667 -6.225846666666669 -3.7302185000000025 7.15 
