1 0.1 91.8718 87.7273 83.8238 82.9649 84.2067 81.0807 79.5201 65.1022 83.1747 70.5452 73.8367 70.8769 63.8991 64.4923 56.7381 50.8549 46.7119 33.9266 64.6547 70.1107 86.8584 78.794 89.1241 81.7917 
2 0.1 104.702 88.9182 81.8056 73.2209 78.0891 64.1022 63.2192 65.102 75.6148 78.5682 39.071 51.7147 44.1531 44.6258 35.3282 36.788 35.1032 39.9202 81.3192 105.68 101.318 117.48 108.838 102.652 
3 0.1 104.702 88.9182 81.8056 73.2209 78.0891 64.1022 63.2192 65.102 75.6148 78.5682 39.071 51.7147 44.1531 44.6258 35.3282 36.788 35.1032 39.9202 81.3192 105.68 101.318 117.48 108.838 102.652 
4 0.1 98.0776 95.0543 86.9038 70.7323 74.7724 71.5152 74.2809 49.1741 71.379 84.7801 64.5117 68.0463 64.0114 56.6272 49.4031 43.8085 43.617 54.8088 83.351 90.523 111.601 102.755 94.0756 74.4818 
5 0.1 106.613 84.9624 71.1171 69.6845 66.9195 66.3724 68.239 59.7809 77.7236 77.4234 69.7589 62.3512 58.7158 56.7935 49.4792 46.9186 50.3624 67.1634 79.828 100.965 104.07 115.789 110.507 86.4693 
6 0.1 106.613 84.9624 71.1171 69.6845 66.9195 66.3724 68.239 59.7809 77.7236 77.4234 69.7589 62.3512 58.7158 56.7935 49.4792 46.9186 50.3624 67.1634 79.828 100.965 104.07 115.789 110.507 86.4693 
7 0.1 106.613 84.9624 71.1171 69.6845 66.9195 66.3724 68.239 59.7809 77.7236 77.4234 69.7589 62.3512 58.7158 56.7935 49.4792 46.9186 50.3624 67.1634 79.828 100.965 104.07 115.789 110.507 86.4693 
8 0.1 106.613 84.9624 71.1171 69.6845 66.9195 66.3724 68.239 59.7809 77.7236 77.4234 69.7589 62.3512 58.7158 56.7935 49.4792 46.9186 50.3624 67.1634 79.828 100.965 104.07 115.789 110.507 86.4693 
9 0.1 104.702 88.9182 81.8056 73.2209 78.0891 64.1022 63.2192 65.102 75.6148 78.5682 39.071 51.7147 44.1531 44.6258 35.3282 36.788 35.1032 39.9202 81.3192 105.68 101.318 117.48 108.838 102.652 
10 0.1 101.626 102.225 89.191 83.367 78.814 73.3899 78.4354 62.8765 72.6099 74.3026 60.2506 49.5079 42.6078 41.2608 34.6623 31.4612 32.0894 38.8242 61.2435 98.4903 107.859 111.818 105.776 87.4314 
