1 0.1 87.4587 88.388 75.9816 61.8571 53.7309 53.5204 51.4844 48.1205 56.5173 22.9319 50.5905 50.8834 50.9014 44.6862 40.9166 34.7167 45.3959 31.4433 72.4165 83.307 109.433 94.1974 94.8011 83.3746 
2 0.1 84.3084 77.395 70.8059 54.2762 45.2657 53.5675 51.0571 54.9879 55.5882 47.613 65.6758 43.3409 46.4331 31.6529 25.7907 33.2122 42.498 32.804 70.9903 112.685 128.893 120.605 109.812 91.8722 
3 0.1 84.3084 77.395 70.8059 54.2762 45.2657 53.5675 51.0571 54.9879 55.5882 47.613 65.6758 43.3409 46.4331 31.6529 25.7907 33.2122 42.498 32.804 70.9903 112.685 128.893 120.605 109.812 91.8722 
4 0.1 81.6173 92.3395 81.7865 66.0109 54.5725 63.7435 55.0592 31.0031 44.8472 63.9395 62.8042 67.3583 62.9334 51.7636 43.5876 47.7216 38.1405 47.5332 72.448 81.9742 100.708 85.9179 83.413 68.1807 
5 0.1 95.499 94.4942 78.4556 71.3037 63.6472 67.9632 63.4589 54.5332 52.6144 44.326 55.7535 54.4599 61.5759 53.7003 56.4452 53.3472 61.4799 63.8192 81.7616 92.3145 108.271 98.5651 97.661 88.8406 
6 0.1 88.8257 80.8208 66.5094 54.4393 47.5013 44.7515 39.9803 40.014 38.9392 29.6466 36.5206 33.3473 32.9788 27.7677 28.3979 26.1408 33.8742 49.97 75.8095 94.9092 114.181 121.265 111.231 85.6593 
7 0.1 95.499 94.4942 78.4556 71.3037 63.6472 67.9632 63.4589 54.5332 52.6144 44.326 55.7535 54.4599 61.5759 53.7003 56.4452 53.3472 61.4799 63.8192 81.7616 92.3145 108.271 98.5651 97.661 88.8406 
8 0.1 88.8257 80.8208 66.5094 54.4393 47.5013 44.7515 39.9803 40.014 38.9392 29.6466 36.5206 33.3473 32.9788 27.7677 28.3979 26.1408 33.8742 49.97 75.8095 94.9092 114.181 121.265 111.231 85.6593 
9 0.1 84.3084 77.395 70.8059 54.2762 45.2657 53.5675 51.0571 54.9879 55.5882 47.613 65.6758 43.3409 46.4331 31.6529 25.7907 33.2122 42.498 32.804 70.9903 112.685 128.893 120.605 109.812 91.8722 
10 0.1 99.8482 93.3252 81.7249 66.201 55.5855 49.4646 50.7539 53.7839 63.4338 57.4359 65.4429 54.1508 50.2291 43.2336 41.6503 38.8342 47.7182 48.1295 85.2374 117.717 141.09 125.662 109.353 94.3038 
