1 0.1 0 0 0 0 89.5597 84.3529 80.9334 73.7008 71.7624 64.978 81.9448 87.392 80.3726 56.264 70.3799 61.6909 50.4836 58.801 61.2401 52.5933 39.9044 55.9046 88.0165 92.4331 
2 0.1 0 0 0 0 97.8562 84.6741 82.1811 78.2872 65.484 62.5641 75.2642 78.9389 70.9158 71.7876 79.6817 72.2184 63.2798 68.3873 62.4364 52.5524 48.1505 52.7056 76.6228 83.5542 
3 0.1 0 0 0 0 97.8562 84.6741 82.1811 78.2872 65.484 62.5641 75.2642 78.9389 70.9158 71.7876 79.6817 72.2184 63.2798 68.3873 62.4364 52.5524 48.1505 52.7056 76.6228 83.5542 
4 0.1 0 0 0 0 73.1556 80.9653 113.671 101.226 93.4132 85.4552 76.1025 64.3867 96.7023 122.866 95.2813 88.8715 87.509 90.473 85.6635 88.0188 72.0599 73.6156 99.8032 93.178 
5 0.1 0 0 0 0 80.9462 73.1969 72.9361 73.6411 57.6261 59.5506 76.7034 69.915 68.0551 57.1233 54.4535 49.1627 48.8455 49.4249 59.7526 56.1102 82.4018 75.4536 90.8397 93.4807 
6 0.1 0 0 0 0 88.597 83.7002 79.9263 76.4424 64.582 61.7307 80.5912 93.4688 84.6625 67.1324 71.3423 71.2604 70.7042 74.8748 80.4957 79.1702 66.7879 59.0799 90.8782 93.489 
7 0.1 0 0 0 0 80.9462 73.1969 72.9361 73.6411 57.6261 59.5506 76.7034 69.915 68.0551 57.1233 54.4535 49.1627 48.8455 49.4249 59.7526 56.1102 82.4018 75.4536 90.8397 93.4807 
8 0.1 0 0 0 0 88.597 83.7002 79.9263 76.4424 64.582 61.7307 80.5912 93.4688 84.6625 67.1324 71.3423 71.2604 70.7042 74.8748 80.4957 79.1702 66.7879 59.0799 90.8782 93.489 
9 0.1 0 0 0 0 97.8562 84.6741 82.1811 78.2872 65.484 62.5641 75.2642 78.9389 70.9158 71.7876 79.6817 72.2184 63.2798 68.3873 62.4364 52.5524 48.1505 52.7056 76.6228 83.5542 
10 0.1 0 0 0 0 99.221 92.315 89.7326 79.9449 69.219 59.8667 81.5126 82.2019 75.6928 78.8029 75.924 59.0861 50.3534 54.9038 57.5399 57.668 53.4748 46.7486 74.1091 83.0428 
