1 0.1 0 0 0 0 0 0 0 55.4474 45.613 55.6881 69.8544 52.4699 63.6688 51.6437 25.1061 25.5568 36.5173 10.1757 4.63122 11.1413 40.0914 66.7818 88.6913 105.596 
2 0.1 0 0 0 0 0 0 0 65.243 49.9667 56.9811 53.4993 66.4015 68.6456 56.8604 42.2226 38.4234 31.5476 33.9005 42.4159 35.1696 42.2488 63.6623 84.6192 82.3115 
3 0.1 0 0 0 0 0 0 0 65.243 49.9667 56.9811 53.4993 66.4015 68.6456 56.8604 42.2226 38.4234 31.5476 33.9005 42.4159 35.1696 42.2488 63.6623 84.6192 82.3115 
4 0.1 0 0 0 0 0 0 0 47.7453 50.3567 54.4619 64.5768 53.6997 40.7831 55.875 54.1695 51.9699 56.7139 55.5595 31.8201 31.0292 32.1308 63.7689 84.0013 107.232 
5 0.1 0 0 0 0 0 0 0 67.3895 49.6581 66.4186 70.1011 61.7557 61.4198 62.1815 55.2189 46.8096 42.4296 38.5339 35.9831 31.2858 36.2814 57.118 74.7583 87.1797 
6 0.1 0 0 0 0 0 0 0 60.4794 47.399 45.4592 57.9934 54.7716 47.4505 55.5706 42.3491 32.9736 20.9843 21.253 78.7684 72.0072 78.3481 102.128 129.978 162.364 
7 0.1 0 0 0 0 0 0 0 71.9953 91.1872 81.1656 66.47 91.0263 109.903 88.0084 75.9786 71.883 61.625 58.6683 67.5107 51.7375 67.7348 101.983 121.223 126.279 
8 0.1 0 0 0 0 0 0 0 60.4794 47.399 45.4592 57.9934 54.7716 47.4505 55.5706 42.3491 32.9736 20.9843 21.253 78.7684 72.0072 78.3481 102.128 129.978 162.364 
9 0.1 0 0 0 0 0 0 0 65.243 49.9667 56.9811 53.4993 66.4015 68.6456 56.8604 42.2226 38.4234 31.5476 33.9005 42.4159 35.1696 42.2488 63.6623 84.6192 82.3115 
10 0.1 0 0 0 0 0 0 0 50.6403 48.472 55.9301 47.9445 46.618 33.8179 35.7779 38.7471 32.6439 25.9171 31.0596 23.8508 22.8448 35.7215 67.1924 98.0947 103.562 
