1 0.1 0 0 0 0 0 0 0 0 0 0 0 74.0372 66.6494 80.1289 77.8824 77.9765 72.7342 71.1213 61.5043 59.8759 64.7217 80.4361 91.8257 102.608 
2 0.1 0 0 0 0 0 0 0 0 0 0 0 78.7263 79.2937 51.1288 74.1204 77.0578 85.8036 92.3563 86.873 67.8403 54.3134 76.019 76.0198 94.4969 
3 0.1 0 0 0 0 0 0 0 0 0 0 0 78.7263 79.2937 51.1288 74.1204 77.0578 85.8036 92.3563 86.873 67.8403 54.3134 76.019 76.0198 94.4969 
4 0.1 0 0 0 0 0 0 0 0 0 0 0 79.7076 75.8969 95.8673 92.8517 92.7763 86.4819 91.7333 77.2728 67.1538 74.2406 87.5249 105.148 92.0828 
5 0.1 0 0 0 0 0 0 0 0 0 0 0 72.5872 83.821 76.7805 89.3099 98.8621 44.3366 31.7933 17.3352 15.4191 21.9172 37.2814 63.6467 88.8325 
6 0.1 0 0 0 0 0 0 0 0 0 0 0 109.721 108.275 97.0536 93.0183 76.7441 65.9989 69.2682 64.4736 54.611 65.9998 81.4063 103.564 107.933 
7 0.1 0 0 0 0 0 0 0 0 0 0 0 60.0032 38.528 68.3577 71.2811 68.0887 71.3091 63.1419 52.6029 39.5844 50.8653 84.6492 144.469 168.249 
8 0.1 0 0 0 0 0 0 0 0 0 0 0 109.721 108.275 97.0536 93.0183 76.7441 65.9989 69.2682 64.4736 54.611 65.9998 81.4063 103.564 107.933 
9 0.1 0 0 0 0 0 0 0 0 0 0 0 78.7263 79.2937 51.1288 74.1204 77.0578 85.8036 92.3563 86.873 67.8403 54.3134 76.019 76.0198 94.4969 
10 0.1 0 0 0 0 0 0 0 0 0 0 0 115.879 75.0817 100.378 83.5272 41.8013 60.2462 82.8853 88.5515 81.0747 92.1526 113.317 118.942 154.184 
