#erel:= 0.850;
#emax:= 2535.015;
#q:= 0.000;
#nesce:=     9;
#etime:= 0.049;
#snodes:=   244;
param nS:=    10;
param nSG:=    34;
param nRVSG [*] :=
 1 24    5  2    9  2   13  2   17  2   21  9   25  2   29  2   33  2
 2 24    6  2   10  2   14  2   18  2   22  2   26  2   30  2   34 24
 3 24    7 20   11 17   15  2   19  2   23  2   27  2   31  2
 4 24    8  2   12  2   16 13   20  2   24  2   28  4   32  2
;

param ScenF [*] :=
  1  49.2622       59 101.801       117  51.4296      175  72.4718
  2  77.0875       60  97.1541      118  56.6487      176  66.5261
  3  72.838        61  95.812       119  70.1419      177  71.6165
  4  71.2375       62  95.6806      120  68.1926      178  98.2029
  5  71.2706       63  96.1189      121   0           179 115.007
  6  72.3753       64 103.749       122   0           180 121.542
  7  75.1973       65 113.681       123   0           181  83.4323
  8  77.6495       66 122.12        124   0           182   0
  9  98.9919       67 141.524       125   0.0278105   183   0.606
 10 108.037        68 152.734       126   0           184   0
 11  97.242        69 145.046       127  61.6394      185   0.468
 12  85.6843       70 124.415       128  93.1744      186   0
 13  78.2678       71 105.227       129  92.6618      187   0.245
 14  76.7511       72 100.503       130  84.9846      188   0
 15  75.0406       73  35.1137      131 105.935       189   0.004
 16  76.4898       74  72.2098      132 109.977       190   0
 17  80.9347       75  72.2042      133 106.113       191   0
 18  93.3484       76  71.2679      134  96.0914      192   0
 19 112.898        77  68.4621      135  99.1317      193   0
 20 125.904        78  69.6549      136  94.7157      194  88.4832
 21 116.036        79  68.7229      137  94.3514      195  87.8079
 22 114.83         80  75.2096      138  95.6573      196  75.4408
 23 111.529        81  91.4568      139  95.6675      197  56.5594
 24  93.4191       82  87.2656      140 102.577       198   0
 25  17.6801       83  75.9332      141 110.902       199   0
 26  26.8226       84  72.4325      142 112.01        200   0
 27  31.8022       85  80.1155      143  84.8424      201   0
 28  32.7904       86  84.8985      144   0.0975798   202   0
 29  33.4024       87  87.5212      145   0           203   0
 30  31.9072       88  86.6165      146   0.136702    204   0
 31  33.1958       89  96.2086      147   0           205   0
 32  18.9095       90 106.388       148   0.153017    206   0.044813
 33  13.1247       91 126.761       149   0.0289      207   0
 34  24.1587       92 139.462       150   0.1131      208   1.11856
 35  64.2211       93 131.026       151   0.2431      209   5.67985
 36  76.9722       94 110.863       152  73.3617      210   8.89508
 37  84.7733       95  99.5119      153  92.5382      211   6.58765
 38  76.1518       96  94.5441      154  89.3738      212   5.73908
 39  72.5701       97   0.0968809   155  78.8715      213  10.9884
 40  72.9402       98   0           156  66.9306      214   2.68467
 41  80.2853       99   0.0318889   157  65.9997      215   0.13685
 42  61.6442      100   0           158  65.2743      216   0.76808
 43  46.7316      101  39.38        159  68.159       217   0.96596
 44   0           102  58.1306      160  67.7064      218   0.599213
 45   5.33467     103  56.7389      161  75.2185      219   0.28454
 46  19.5592      104  53.6644      162 100.418       220   1.51891
 47  24.1401      105  48.9016      163 116.643       221   2.44889
 48  21.2705      106  47.6693      164 105.426       222   0
 49  28.0211      107  49.1142      165   0.0333581   223   0
 50  67.4208      108  51.6053      166   0.4578      224  79.0249
 51  59.3173      109  70.7728      167   0           225   3.36995
 52  55.3093      110  74.5173      168   0.6335      226   0.296591
 53  51.0923      111  66.1977      169   0           227   0.0319489
 54  54.597       112  57.6794      170   0.685       228   0.169271
 55  60.5868      113  54.1225      171   0           229   0.464212
 56  69.1502      114  55.8441      172   0.676       230   0.302368
 57 103.592       115  50.9765      173  71.7183      231   0.438057
 58 113.305       116  48.3244      174  75.2316
;

param ScenO [*] :=
  1  76.94        59  94.97       117  74.02       175  86.09
  2  93.24        60  89.35       118  85          176  85.23
  3  90.78        61  82.9        119  97.12       177  73.1
  4  90.78        62  76.01       120 108.93       178 101.4
  5  80           63  77.47       121   0.054      179  99.94
  6  77.82        64  75.37       122   0          180 114.89
  7  82           65  75.02       123   0.048      181 144.2
  8  94           66  89          124   0          182   0.135
  9  96.4         67  96.58       125   0.051      183   0.603
 10  97.7         68 104.6        126   0          184   0.106
 11  96.96        69 110.89       127  81.9        185   0.465
 12  94.1         70 141.2        128  66.14       186   0.097
 13  90.78        71 106.18       129  62.99       187   0.241
 14  82           72  99.46       130  75.2        188   0.118
 15  76.47        73  72.94       131  74.4        189   0.004
 16  73.37        74  79.9        132  97.7        190   0.115
 17  73.02        75  75.78       133  98.14       191   0
 18  89           76  75.78       134  74.3        192   0.095
 19  97.12        77  76          135  72.49       193   0
 20 111.93        78  77.82       136  77.95       194 174.2
 21 110.89        79  78          137  75.22       195 114.67
 22 141.2         80  78.01       138  74.36       196 105.62
 23 109.21        81  80          139  70          197  94.78
 24  99.46        82  84.79       140  80.1        198   0.07
 25  10.56        83  92.97       141  97.27       199   0
 26   8           84  85.62       142 105.03       200   0.054
 27   8           85  77.9        143 108.67       201   0
 28   8           86  79          144   0.057      202   0.038
 29   9.44        87  76.47       145   0          203   0
 30  10.52        88  76.37       146   0.059      204   0.023
 31   8.44        89  78.02       147   0          205   0
 32   5.08        90  84.08       148   0.056      206   0.012
 33   5.08        91  94.61       149   0.047      207   0
 34   7           92 107.93       150   0.055      208   0.979594
 35  20           93 110.89       151   0.328      209   0.863578
 36  30           94 139.2        152  77.12       210   1.06598
 37  30           95 105.21       153  98.14       211   0.99262
 38  55           96  96.47       154 101.4        212   1.17275
 39  55           97   0.132      155  75.28       213   1.22077
 40  55.4         98   0          156  72.49       214   1.14585
 41  60           99   0.094      157  78.05       215   0.829894
 42  70          100   0          158  76.47       216   0.784751
 43  45          101  80.01       159  73.37       217   0.825384
 44   8.2        102  76          160  71.77       218   0.864583
 45   8          103  77.9        161  79          219   1.1356
 46  21.16       104  77.9        162  98.14       220   0.852721
 47   7.56       105  75          163 102.99       221   0.744878
 48  19          106  74.67       164 105.89       222   0.926769
 49  71.93       107  77.5        165   0.098      223   1.38026
 50  87.25       108  79          166   0.524      224   0.804848
 51  84.94       109  80.01       167   0.145      225   0.47764
 52  84.2        110  94          168   0.639      226   0.827224
 53  80.7        111  97.27       169   0.169      227   0.703833
 54  79.06       112  89.1        170   0.686      228   0.858508
 55  82          113  83.15       171   0.166      229   0.858508
 56  83.78       114  81          172   0.674      230   0.750298
 57  88.5        115  78.47       173  86.09       231   0.826563
 58  91.75       116  80.43       174  86.47
;

param Scen0 (tr)
 :    1	    2	    3	    4	    5	    6	    7	    8	    9	   10	   11	   12	   13	   14	   15	   16	   17	   18	   19	   20	   21	   22	   23	   24	   25	   26	   27	   28	   29	   30	   31	   32	   33	   34	   35	   36	   37	   38	   39	   40	   41	   42	   43	   44	   45	   46	   47	   48	   49	   50	   51	   52	   53	   54	   55	   56	   57	   58	   59	   60	   61	   62	   63	   64	   65	   66	   67	   68	   69	   70	   71	   72	   73	   74	   75	   76	   77	   78	   79	   80	   81	   82	   83	   84	   85	   86	   87	   88	   89	   90	   91	   92	   93	   94	   95	   96	   97	   98	   99	  100	  101	  102	  103	  104	  105	  106	  107	  108	  109	  110	  111	  112	  113	  114	  115	  116	  117	  118	  119	  120	  121	  122	  123	  124	  125	  126	  127	  128	  129	  130	  131	  132	  133	  134	  135	  136	  137	  138	  139	  140	  141	  142	  143	  144	  145	  146	  147	  148	  149	  150	  151	  152	  153	  154	  155	  156	  157	  158	  159	  160	  161	  162	  163	  164	  165	  166	  167	  168	  169	  170	  171	  172	  173	  174	  175	  176	  177	  178	  179	  180	  181	  182	  183	  184	  185	  186	  187	  188	  189	  190	  191	  192	  193	  194	  195	  196	  197	  198	  199	  200	  201	  202	  203	  204	  205	  206	  207	  208	  209	  210	  211	  212	  213	  214	  215	  216	  217	  218	  219	  220	  221	  222	  223	  224	  225	  226	  227	  228	  229	  230	  231	:=
    1	51.865800	60.438900	56.518000	55.331000	57.410100	85.665800	81.213700	84.565900	111.142000	117.448000	111.848000	89.615400	79.036000	84.992800	76.574000	68.762600	69.025200	92.671700	103.900000	114.290000	109.255000	117.428000	107.418000	90.308100	22.823600	26.139900	32.782100	30.586900	29.615000	32.146500	32.383800	34.285800	25.442400	43.828300	55.497100	86.578100	85.748900	85.204200	78.504700	81.397800	79.508400	82.236300	48.251600	0.000000	0.000000	16.251000	21.579500	21.713800	50.204700	56.075900	55.236100	47.202000	41.797800	65.608200	64.363700	73.914500	104.778000	116.367000	115.110000	100.493000	94.010600	98.127000	93.798700	89.464200	100.029000	115.356000	125.811000	126.740000	117.764000	106.510000	96.327600	89.794500	56.621400	63.179600	69.852500	61.431200	58.560300	75.848500	74.701800	83.842400	102.708000	105.094000	95.041400	78.677000	80.212900	88.205900	91.377600	82.790600	93.168500	107.332000	128.199000	129.362000	119.466000	108.347000	99.721700	95.919000	0.105399	0.000000	0.058735	0.000000	48.498600	47.182800	54.361500	41.512400	35.318000	55.378500	62.227100	68.338500	87.454800	89.560100	78.787200	67.316700	57.373200	51.653300	48.886600	41.085600	40.994800	49.977000	69.706300	80.565500	0.210559	0.000000	0.260930	0.000000	0.359055	0.000000	57.208900	61.668100	68.756600	84.588100	96.966800	106.312000	101.530000	86.948800	85.315800	83.972900	78.095400	81.372200	93.215000	113.337000	101.057000	100.284000	114.990000	0.162681	0.000000	0.261151	0.000000	0.343839	0.009900	0.369325	0.315000	91.166600	100.293000	110.324000	82.460600	36.066800	52.527400	71.489900	52.053700	40.550700	53.542800	117.427000	133.341000	136.408000	0.000000	0.228100	0.000000	3.991400	0.000000	12.951700	0.000000	0.256100	96.900900	81.171600	77.214900	70.335300	74.843600	90.096000	100.060000	92.478500	87.337100	0.000000	0.105000	0.000000	0.275500	0.000000	0.917400	0.000000	0.001100	0.000000	0.000000	0.000000	0.000000	64.701700	83.816400	66.503600	55.865000	0.000000	0.000000	0.000000	0.000000	0.000000	0.000000	0.000000	0.000000	0.000000	0.000000	1.682470	4.567210	19.796300	6.150170	7.375060	9.648330	3.141020	0.000000	0.771413	0.449938	2.354560	0.666164	3.006720	0.000000	0.000000	166.155000	0.000000	0.000000	3.172510	0.695616	0.415144	0.465659	0.389346	0.261141	
    2	98.612200	87.590700	85.498700	83.438900	85.288000	84.257300	80.751700	80.565700	101.226000	113.155000	107.576000	79.157900	75.813300	74.395500	72.115100	71.039700	88.751200	93.549800	120.664000	117.871000	118.029000	112.603000	96.438000	79.212300	21.578400	16.721200	27.079300	33.332200	31.176200	32.899500	33.805800	29.923400	7.583190	6.699640	16.962000	64.576100	59.418200	57.122700	51.639700	50.929900	79.328500	59.249000	31.878100	0.050125	1.084330	12.317200	22.154100	22.760800	84.632000	67.160400	63.200900	59.095500	59.966700	57.206900	62.815200	65.643600	88.132700	99.854500	104.650000	87.524300	86.437500	85.960900	88.362000	92.800600	104.062000	116.708000	154.297000	147.694000	150.498000	118.268000	100.255000	94.408700	82.570700	68.916600	71.304500	71.852700	71.244700	66.394400	58.846300	59.678000	69.920600	70.049600	61.552100	47.043200	55.146200	65.954700	69.159900	63.932200	78.440700	98.325500	129.913000	126.256000	122.055000	95.830300	86.276500	79.468500	0.081434	0.000000	0.000085	0.000000	88.340800	54.168800	47.703100	43.484200	39.762900	36.286500	43.054300	51.643200	54.856800	51.319100	56.015500	46.041000	39.554300	39.718200	43.064000	41.471000	68.697100	75.599000	95.951300	91.279300	0.000000	0.000000	0.000000	0.000000	0.023647	0.000000	64.560600	69.404100	86.617500	89.234200	107.870000	113.188000	112.372000	107.017000	98.688500	90.576000	87.554200	82.896800	80.447800	91.095500	88.363200	85.042000	87.561500	0.122135	0.000000	0.203704	0.000000	0.227171	0.047700	0.193364	0.046300	84.918300	67.257000	79.579800	71.662400	65.290700	65.607400	53.852900	50.559700	48.390500	62.117800	97.145900	102.258000	104.283000	0.072724	0.395800	0.006814	2.426700	0.001101	1.408800	0.011645	0.200700	102.386000	65.821700	61.243300	59.041400	59.877700	117.615000	129.497000	124.475000	117.864000	0.014535	0.114600	0.017434	1.622800	0.044486	0.122100	0.000000	0.002300	0.000000	0.000000	0.000000	0.000000	61.674700	49.977000	108.203000	76.600800	0.000000	0.000000	0.000000	0.000000	0.000000	0.000000	0.000000	0.000000	0.024112	0.000000	1.238650	3.843080	22.766600	5.421670	4.263600	6.572500	2.335430	0.000000	0.699199	1.052330	0.462976	0.774535	1.544820	0.605285	0.503804	113.243000	41.397900	0.038631	0.566133	0.553604	0.829337	0.461122	0.378669	0.268801	
    3	51.865800	60.438900	56.518000	55.331000	57.410100	85.665800	81.213700	84.565900	111.142000	117.448000	111.848000	89.615400	79.036000	84.992800	76.574000	68.762600	69.025200	92.671700	103.900000	114.290000	109.255000	117.428000	107.418000	90.308100	22.823600	26.139900	32.782100	30.586900	29.615000	32.146500	32.383800	34.285800	25.442400	43.828300	55.497100	86.578100	85.748900	85.204200	78.504700	81.397800	79.508400	82.236300	48.251600	0.000000	0.000000	16.251000	21.579500	21.713800	50.204700	56.075900	55.236100	47.202000	41.797800	65.608200	64.363700	73.914500	104.778000	116.367000	115.110000	100.493000	94.010600	98.127000	93.798700	89.464200	100.029000	115.356000	125.811000	126.740000	117.764000	106.510000	96.327600	89.794500	56.621400	63.179600	69.852500	61.431200	58.560300	75.848500	74.701800	83.842400	102.708000	105.094000	95.041400	78.677000	80.212900	88.205900	91.377600	82.790600	93.168500	107.332000	128.199000	129.362000	119.466000	108.347000	99.721700	95.919000	0.105399	0.000000	0.058735	0.000000	48.498600	47.182800	54.361500	41.512400	35.318000	55.378500	62.227100	68.338500	87.454800	89.560100	78.787200	67.316700	57.373200	51.653300	48.886600	41.085600	40.994800	49.977000	69.706300	80.565500	0.210559	0.000000	0.260930	0.000000	0.359055	0.000000	57.208900	61.668100	68.756600	84.588100	96.966800	106.312000	101.530000	86.948800	85.315800	83.972900	78.095400	81.372200	93.215000	113.337000	101.057000	100.284000	114.990000	0.162681	0.000000	0.261151	0.000000	0.343839	0.009900	0.369325	0.315000	89.326200	87.162000	46.727700	59.837200	58.147500	65.837600	68.708200	71.553900	65.243400	53.646300	78.278700	104.607000	103.941000	0.343854	4.309100	0.303612	0.023900	0.262521	0.644400	0.218729	18.724000	67.951800	64.175200	59.945600	59.477100	79.276400	104.960000	122.121000	97.938500	126.487000	0.183510	0.179000	0.178150	0.174700	0.164161	0.034700	0.113360	0.003100	0.046849	0.000000	0.037474	0.000000	99.746100	95.622500	93.868100	58.540200	0.017277	0.000000	0.000000	0.000000	0.004323	0.000000	0.004799	0.000000	0.042980	0.000000	0.962741	3.867140	4.831200	5.443540	3.137620	8.373370	2.970440	0.000000	0.700281	0.886871	1.256050	0.772543	1.088850	0.000000	0.579368	149.078000	0.000000	0.000000	0.400124	0.380764	0.339359	0.302246	0.162941	0.000000	
    4	89.271700	89.498200	78.280800	74.030800	72.880500	72.438900	82.146300	73.953100	101.024000	111.401000	98.753500	91.165600	84.641200	79.077100	75.962600	79.121200	81.621100	104.672000	129.196000	137.622000	121.788000	113.064000	102.882000	89.802500	16.302600	25.227800	32.109900	33.932700	33.611500	32.626400	34.144900	26.359800	13.380000	34.056100	62.638000	92.293400	103.240000	87.430500	87.018100	72.972400	89.377000	86.342900	54.608700	15.584500	14.355400	23.701300	24.400500	39.875300	75.852700	80.523400	73.531800	66.243700	61.273800	55.768100	68.615800	73.563500	113.437000	123.511000	111.005000	100.789000	97.913400	91.111600	95.537300	102.288000	112.398000	129.369000	143.700000	146.903000	122.898000	104.555000	95.613300	86.626200	66.341200	85.049800	82.816900	84.026500	78.092800	73.781500	67.620800	81.916300	104.526000	103.743000	83.426800	69.433200	79.580600	84.588300	88.832000	85.636900	98.489100	109.847000	127.939000	134.486000	109.604000	90.106300	90.262200	85.154300	0.127407	0.000000	0.084714	0.000000	51.571300	45.481700	41.773700	44.379600	41.226400	37.698300	38.190100	37.042600	39.827000	52.233000	45.022800	46.151700	36.077400	27.560300	20.201800	20.201500	29.698100	35.561000	26.625200	41.774100	0.000000	0.000000	0.000000	0.000000	0.000000	0.000000	71.739400	97.026700	90.846400	78.020500	88.385800	95.544800	102.267000	97.572700	99.920400	98.433700	95.225700	95.426200	99.624300	106.186000	116.038000	114.134000	110.007000	0.000000	0.000000	0.000000	0.000000	0.013862	0.004200	0.000000	0.150800	99.079000	93.747700	94.790700	79.697500	76.136400	68.951700	70.840200	65.977900	69.191600	78.918900	91.767200	108.966000	109.241000	0.000000	0.249200	0.000000	0.580200	0.000000	0.671000	0.000000	1.001800	79.536600	83.861200	81.789100	73.778100	79.734800	91.722400	116.102000	112.722000	115.908000	0.000000	1.713100	0.000000	1.465300	0.000000	0.007700	0.000000	0.003300	0.000000	0.000000	0.000000	0.000000	97.302200	62.545500	59.908100	44.831800	0.000000	0.000000	0.000000	0.000000	0.000000	0.000000	0.000000	0.000000	0.000000	0.000000	1.384160	5.800840	6.196410	7.535230	6.602670	8.872590	3.522690	1.674850	0.914224	0.443055	0.000000	0.025035	1.039910	0.000000	1.657830	194.399000	0.000000	0.000000	1.061010	0.463337	0.465958	0.436611	0.338973	0.238798	
    5	89.271700	89.498200	78.280800	74.030800	72.880500	72.438900	82.146300	73.953100	101.024000	111.401000	98.753500	91.165600	84.641200	79.077100	75.962600	79.121200	81.621100	104.672000	129.196000	137.622000	121.788000	113.064000	102.882000	89.802500	16.302600	25.227800	32.109900	33.932700	33.611500	32.626400	34.144900	26.359800	13.380000	34.056100	62.638000	92.293400	103.240000	87.430500	87.018100	72.972400	89.377000	86.342900	54.608700	15.584500	14.355400	23.701300	24.400500	39.875300	75.852700	80.523400	73.531800	66.243700	61.273800	55.768100	68.615800	73.563500	113.437000	123.511000	111.005000	100.789000	97.913400	91.111600	95.537300	102.288000	112.398000	129.369000	143.700000	146.903000	122.898000	104.555000	95.613300	86.626200	66.341200	85.049800	82.816900	84.026500	78.092800	73.781500	67.620800	81.916300	104.526000	103.743000	83.426800	69.433200	79.580600	84.588300	88.832000	85.636900	98.489100	109.847000	127.939000	134.486000	109.604000	90.106300	90.262200	85.154300	0.127407	0.000000	0.084714	0.000000	72.616700	57.923500	47.338900	47.127000	35.697700	34.899800	47.714600	60.366300	59.678000	59.572300	67.514800	60.579300	56.327200	50.344600	54.812500	54.356600	56.632700	62.393300	76.662300	86.466400	0.091320	0.000000	0.073009	0.000000	0.060823	0.000000	61.643100	73.784400	78.957200	91.211000	83.997600	67.672900	86.076300	88.345000	90.681100	98.403300	97.720800	86.492800	89.294200	100.972000	102.417000	105.457000	91.145800	0.103773	0.000000	0.112985	0.000000	0.120914	0.014800	0.086321	1.406100	86.958600	93.112500	75.970800	79.427000	84.362900	52.250900	57.925600	56.319700	53.153500	72.047200	97.002400	107.308000	109.770000	0.003681	3.350600	0.000000	0.360100	0.011633	0.989300	0.000000	1.136300	73.222500	77.658900	71.520800	52.941600	81.897700	106.666000	108.887000	105.804000	77.076000	0.000000	1.270600	0.000000	0.101900	0.000000	0.229000	0.000000	0.014000	0.000000	0.000000	0.000000	0.000000	68.554500	67.525700	57.474700	46.026000	0.000000	0.000000	0.000000	0.000000	0.000000	0.000000	0.000000	0.000000	0.000000	0.000000	1.431050	4.924320	12.306100	6.064550	7.121960	9.970510	3.091190	0.000000	0.170047	0.048493	0.000000	0.000000	0.000000	0.000000	1.801260	247.893000	24.793800	0.000000	1.241780	0.528951	0.784705	0.606567	0.510825	0.275785	
    6	51.865800	60.438900	56.518000	55.331000	57.410100	85.665800	81.213700	84.565900	111.142000	117.448000	111.848000	89.615400	79.036000	84.992800	76.574000	68.762600	69.025200	92.671700	103.900000	114.290000	109.255000	117.428000	107.418000	90.308100	22.823600	26.139900	32.782100	30.586900	29.615000	32.146500	32.383800	34.285800	25.442400	43.828300	55.497100	86.578100	85.748900	85.204200	78.504700	81.397800	79.508400	82.236300	48.251600	0.000000	0.000000	16.251000	21.579500	21.713800	50.204700	56.075900	55.236100	47.202000	41.797800	65.608200	64.363700	73.914500	104.778000	116.367000	115.110000	100.493000	94.010600	98.127000	93.798700	89.464200	100.029000	115.356000	125.811000	126.740000	117.764000	106.510000	96.327600	89.794500	74.788000	69.317800	76.437900	74.398300	69.744300	67.391600	71.568000	88.289500	98.396900	95.003000	85.262700	57.869000	74.972600	67.604500	62.638600	74.686400	86.933800	88.120400	126.238000	152.194000	143.827000	126.933000	112.935000	100.513000	0.088459	0.000000	0.010858	0.000000	79.342700	62.251300	54.279400	51.433100	49.526800	52.876000	75.411600	85.310000	76.196800	65.598100	75.420000	46.136900	44.620400	33.378000	24.768500	31.706900	34.804800	25.702800	55.065800	82.118200	0.007536	0.000000	0.008941	0.000000	0.031530	0.000000	81.452700	74.809500	94.198900	103.687000	102.712000	98.178600	88.021700	87.935500	84.858400	89.980000	84.220700	83.194800	86.200600	88.957500	98.424600	96.993000	116.685000	0.098655	0.000000	0.135187	0.000000	0.152715	0.019800	0.150242	0.168100	120.645000	75.687300	62.524600	58.605200	43.337200	33.240300	24.741500	23.331900	24.705200	38.935600	46.444800	62.335000	62.489700	0.129180	0.330300	0.121921	0.728100	0.123898	0.089600	0.109384	0.146100	52.228900	59.287400	44.658100	44.664400	55.014700	86.819200	89.078900	114.419000	130.592000	0.095494	2.187700	0.081431	3.060900	0.067779	0.131200	0.051903	0.006500	0.029493	0.000000	0.000501	0.000000	106.167000	109.364000	104.207000	43.549000	0.000000	0.000000	0.000000	0.000000	0.000000	0.000000	0.000000	0.000000	0.000000	0.000000	1.545620	4.978600	10.182000	5.912850	5.589370	8.771460	3.401870	0.782959	0.857619	1.039510	0.555315	0.000000	0.925518	0.405859	0.000000	121.877000	0.000000	0.000000	0.000000	0.198530	0.051566	0.635560	0.411790	0.153243	
    7	98.612200	87.590700	85.498700	83.438900	85.288000	84.257300	80.751700	80.565700	101.226000	113.155000	107.576000	79.157900	75.813300	74.395500	72.115100	71.039700	88.751200	93.549800	120.664000	117.871000	118.029000	112.603000	96.438000	79.212300	21.578400	16.721200	27.079300	33.332200	31.176200	32.899500	33.805800	29.923400	7.583190	6.699640	16.962000	64.576100	59.418200	57.122700	51.639700	50.929900	79.328500	59.249000	31.878100	0.050125	1.084330	12.317200	22.154100	22.760800	84.632000	67.160400	63.200900	59.095500	59.966700	57.206900	62.815200	65.643600	88.132700	99.854500	104.650000	87.524300	86.437500	85.960900	88.362000	92.800600	104.062000	116.708000	154.297000	147.694000	150.498000	118.268000	100.255000	94.408700	82.570700	68.916600	71.304500	71.852700	71.244700	66.394400	58.846300	59.678000	69.920600	70.049600	61.552100	47.043200	55.146200	65.954700	69.159900	63.932200	78.440700	98.325500	129.913000	126.256000	122.055000	95.830300	86.276500	79.468500	0.081434	0.000000	0.000085	0.000000	88.340800	54.168800	47.703100	43.484200	39.762900	36.286500	43.054300	51.643200	54.856800	51.319100	56.015500	46.041000	39.554300	39.718200	43.064000	41.471000	68.697100	75.599000	95.951300	91.279300	0.000000	0.000000	0.000000	0.000000	0.023647	0.000000	64.560600	69.404100	86.617500	89.234200	107.870000	113.188000	112.372000	107.017000	98.688500	90.576000	87.554200	82.896800	80.447800	91.095500	88.363200	85.042000	87.561500	0.122135	0.000000	0.203704	0.000000	0.227171	0.047700	0.193364	0.046300	84.918300	67.257000	79.579800	71.662400	65.290700	65.607400	53.852900	50.559700	48.390500	62.117800	97.145900	102.258000	104.283000	0.072724	0.395800	0.006814	2.426700	0.001101	1.408800	0.011645	0.200700	102.386000	65.821700	61.243300	59.041400	59.877700	117.615000	129.497000	124.475000	117.864000	0.014535	0.114600	0.017434	1.622800	0.044486	0.122100	0.000000	0.002300	0.000000	0.000000	0.000000	0.000000	61.674700	49.977000	108.203000	76.600800	0.000000	0.000000	0.000000	0.000000	0.000000	0.000000	0.000000	0.000000	0.024112	0.000000	1.238650	3.843080	22.766600	5.421670	4.263600	6.572500	2.335430	0.000000	0.699199	1.052330	0.462976	0.774535	1.544820	0.605285	0.503804	113.243000	41.397900	0.038631	0.566133	0.553604	0.829337	0.461122	0.378669	0.268801	
    8	89.271700	89.498200	78.280800	74.030800	72.880500	72.438900	82.146300	73.953100	101.024000	111.401000	98.753500	91.165600	84.641200	79.077100	75.962600	79.121200	81.621100	104.672000	129.196000	137.622000	121.788000	113.064000	102.882000	89.802500	16.302600	25.227800	32.109900	33.932700	33.611500	32.626400	34.144900	26.359800	13.380000	34.056100	62.638000	92.293400	103.240000	87.430500	87.018100	72.972400	89.377000	86.342900	54.608700	15.584500	14.355400	23.701300	24.400500	39.875300	68.229200	56.977000	49.315700	47.997200	45.389900	43.978900	59.502700	65.203500	97.561900	115.677000	107.080000	100.127000	96.496700	93.851800	97.309400	109.161000	124.203000	129.267000	151.981000	166.492000	154.382000	138.965000	117.164000	104.734000	71.609800	77.787500	75.276500	79.840100	75.130500	81.577500	82.954300	76.873700	92.038000	92.381900	76.438200	69.555100	76.936300	80.087600	83.824700	85.655400	98.018500	107.626000	135.030000	153.996000	138.130000	119.526000	103.268000	91.284000	0.080431	0.000000	0.002907	0.000000	60.461300	50.662900	53.253400	55.144800	41.086700	47.667100	68.706100	83.492000	102.229000	94.694900	96.776700	89.389600	87.109900	86.704600	86.119600	89.996300	89.731700	82.340600	106.261000	120.956000	0.000000	0.000000	0.000000	0.000000	0.000000	0.000000	83.931200	84.481300	100.546000	109.731000	126.533000	115.091000	100.206000	103.837000	101.213000	104.761000	99.391500	76.761600	81.684000	91.260900	78.441000	76.499900	68.024600	0.022056	0.000000	0.055525	0.000000	0.043128	0.029300	0.000000	0.460200	126.602000	126.260000	63.595300	80.566200	36.529000	35.184700	19.642300	13.014200	22.300400	30.490600	47.166300	71.524000	96.358400	0.000000	2.897300	0.000000	1.569800	0.000000	0.301000	0.000000	0.508600	87.591200	91.074400	92.103800	55.019100	58.278100	72.174000	88.772000	90.596300	90.876400	0.000000	0.297800	0.000000	1.549900	0.000000	0.059300	0.000000	0.007200	0.000000	0.000000	0.000000	0.000000	76.633900	84.941100	73.826700	43.000100	0.000000	0.000000	0.000000	0.000000	0.000000	0.000000	0.000000	0.000000	0.000000	0.000000	1.746480	5.737780	16.241700	7.622130	6.009270	10.350400	3.538180	4.248920	0.936211	0.549938	1.299060	0.964771	1.994480	0.000000	0.886701	230.220000	0.000000	0.000000	0.926012	0.473967	0.558388	0.427494	0.168869	0.055428	
    9	51.865800	60.438900	56.518000	55.331000	57.410100	85.665800	81.213700	84.565900	111.142000	117.448000	111.848000	89.615400	79.036000	84.992800	76.574000	68.762600	69.025200	92.671700	103.900000	114.290000	109.255000	117.428000	107.418000	90.308100	22.823600	26.139900	32.782100	30.586900	29.615000	32.146500	32.383800	34.285800	25.442400	43.828300	55.497100	86.578100	85.748900	85.204200	78.504700	81.397800	79.508400	82.236300	48.251600	0.000000	0.000000	16.251000	21.579500	21.713800	50.204700	56.075900	55.236100	47.202000	41.797800	65.608200	64.363700	73.914500	104.778000	116.367000	115.110000	100.493000	94.010600	98.127000	93.798700	89.464200	100.029000	115.356000	125.811000	126.740000	117.764000	106.510000	96.327600	89.794500	56.621400	63.179600	69.852500	61.431200	58.560300	75.848500	74.701800	83.842400	102.708000	105.094000	95.041400	78.677000	80.212900	88.205900	91.377600	82.790600	93.168500	107.332000	128.199000	129.362000	119.466000	108.347000	99.721700	95.919000	0.105399	0.000000	0.058735	0.000000	70.994900	61.006900	59.560900	57.572000	44.619100	45.473400	68.024700	76.184200	96.433900	98.778100	92.310300	88.595300	87.750300	81.801300	74.963100	75.264300	76.661600	90.075800	98.032200	118.149000	0.042641	0.000000	0.051894	0.000000	0.084781	0.000000	71.777600	71.807700	86.934900	105.349000	101.348000	109.529000	105.540000	108.394000	107.450000	100.930000	100.117000	102.198000	99.040300	110.009000	116.867000	120.331000	110.700000	0.157040	0.000000	0.177629	0.000000	0.225744	0.050200	0.233914	0.269400	70.417500	64.582400	63.017800	68.092600	54.011200	50.708800	52.286600	52.261000	50.509000	54.468000	67.989700	132.174000	127.628000	0.164134	2.163100	0.123194	0.052900	0.119062	0.046600	0.119798	0.422700	72.664100	58.811000	55.238200	54.531100	73.820600	91.623500	95.018100	84.719100	78.628300	0.124265	0.061900	0.154134	0.369700	0.183339	0.037900	0.184026	0.026500	0.143395	0.000000	0.128680	0.000000	103.414000	105.612000	101.619000	53.191100	0.126681	0.000000	0.136863	0.000000	0.146012	0.000000	0.146569	0.000000	0.217253	0.000000	1.488730	4.512100	9.461940	6.658580	4.975950	10.061200	3.188330	0.000127	0.904638	1.233840	3.029940	2.702950	4.039280	0.000000	0.000000	123.170000	0.000000	0.000000	0.000000	0.469442	0.427917	0.505082	0.427101	0.329268	
   10	89.271700	89.498200	78.280800	74.030800	72.880500	72.438900	82.146300	73.953100	101.024000	111.401000	98.753500	91.165600	84.641200	79.077100	75.962600	79.121200	81.621100	104.672000	129.196000	137.622000	121.788000	113.064000	102.882000	89.802500	16.302600	25.227800	32.109900	33.932700	33.611500	32.626400	34.144900	26.359800	13.380000	34.056100	62.638000	92.293400	103.240000	87.430500	87.018100	72.972400	89.377000	86.342900	54.608700	15.584500	14.355400	23.701300	24.400500	39.875300	68.229200	56.977000	49.315700	47.997200	45.389900	43.978900	59.502700	65.203500	97.561900	115.677000	107.080000	100.127000	96.496700	93.851800	97.309400	109.161000	124.203000	129.267000	151.981000	166.492000	154.382000	138.965000	117.164000	104.734000	71.609800	77.787500	75.276500	79.840100	75.130500	81.577500	82.954300	76.873700	92.038000	92.381900	76.438200	69.555100	76.936300	80.087600	83.824700	85.655400	98.018500	107.626000	135.030000	153.996000	138.130000	119.526000	103.268000	91.284000	0.080431	0.000000	0.002907	0.000000	60.461300	50.662900	53.253400	55.144800	41.086700	47.667100	68.706100	83.492000	102.229000	94.694900	96.776700	89.389600	87.109900	86.704600	86.119600	89.996300	89.731700	82.340600	106.261000	120.956000	0.000000	0.000000	0.000000	0.000000	0.000000	0.000000	83.931200	84.481300	100.546000	109.731000	126.533000	115.091000	100.206000	103.837000	101.213000	104.761000	99.391500	76.761600	81.684000	91.260900	78.441000	76.499900	68.024600	0.022056	0.000000	0.055525	0.000000	0.043128	0.029300	0.000000	0.460200	126.602000	126.260000	63.595300	80.566200	36.529000	35.184700	19.642300	13.014200	22.300400	30.490600	47.166300	71.524000	96.358400	0.000000	2.897300	0.000000	1.569800	0.000000	0.301000	0.000000	0.508600	87.591200	91.074400	92.103800	55.019100	58.278100	72.174000	88.772000	90.596300	90.876400	0.000000	0.297800	0.000000	1.549900	0.000000	0.059300	0.000000	0.007200	0.000000	0.000000	0.000000	0.000000	76.633900	84.941100	73.826700	43.000100	0.000000	0.000000	0.000000	0.000000	0.143573	0.000000	0.149136	0.000000	0.186221	0.000000	1.653950	5.264560	8.763800	6.264420	5.147940	9.091470	4.104150	0.000000	0.767781	0.649723	0.554068	0.313727	1.778670	3.089350	0.238354	0.000000	70.656600	2.731400	0.801106	0.307757	0.457253	0.463008	0.425799	0.229124	
;
param Prob0 :=
    1	0.100
    2	0.000
    3	0.100
    4	0.100
    5	0.100
    6	0.100
    7	0.200
    8	0.100
    9	0.100
   10	0.100
;
set c[0,5] := 5 1 2 3 4 6 7 8 9 10;
set c[1,5] := 5 4 8 10;
set c[1,7] := 7 2;
set c[1,3] := 3 1 6 9;
set c[2,7] := 7 2;
set c[2,1] := 1 3 6 9;
set c[2,4] := 4 5 8 10;
set c[3,3] := 3 1 6 9;
set c[3,8] := 8 10;
set c[3,5] := 5 4;
set c[3,7] := 7 2;
set c[4,8] := 8 10;
set c[4,5] := 5 4;
set c[4,7] := 7 2;
set c[4,3] := 3 1 9;
set c[4,6] := 6;
set c[5,9] := 9 3 1;
set c[5,6] := 6;
set c[5,5] := 5 4;
set c[5,7] := 7 2;
set c[5,8] := 8 10;
set c[6,5] := 5 4;
set c[6,6] := 6;
set c[6,8] := 8 10;
set c[6,7] := 7 2;
set c[6,9] := 9 3 1;
set c[7,6] := 6;
set c[7,8] := 8 10;
set c[7,3] := 3 1;
set c[7,9] := 9;
set c[7,7] := 7 2;
set c[7,5] := 5;
set c[7,4] := 4;
set c[8,3] := 3 1;
set c[8,4] := 4;
set c[8,7] := 7 2;
set c[8,5] := 5;
set c[8,8] := 8 10;
set c[8,9] := 9;
set c[8,6] := 6;
set c[9,5] := 5;
set c[9,7] := 7 2;
set c[9,9] := 9;
set c[9,8] := 8 10;
set c[9,6] := 6;
set c[9,4] := 4;
set c[9,3] := 3 1;
set c[10,7] := 7 2;
set c[10,8] := 8 10;
set c[10,9] := 9;
set c[10,6] := 6;
set c[10,3] := 3 1;
set c[10,4] := 4;
set c[10,5] := 5;
set c[11,4] := 4;
set c[11,3] := 3 1;
set c[11,9] := 9;
set c[11,6] := 6;
set c[11,8] := 8 10;
set c[11,5] := 5;
set c[11,7] := 7 2;
set c[12,5] := 5;
set c[12,7] := 7 2;
set c[12,9] := 9;
set c[12,6] := 6;
set c[12,8] := 8 10;
set c[12,3] := 3 1;
set c[12,4] := 4;
set c[13,7] := 7 2;
set c[13,9] := 9;
set c[13,3] := 3 1;
set c[13,4] := 4;
set c[13,8] := 8 10;
set c[13,6] := 6;
set c[13,5] := 5;
set c[14,4] := 4;
set c[14,9] := 9;
set c[14,8] := 8 10;
set c[14,3] := 3 1;
set c[14,5] := 5;
set c[14,6] := 6;
set c[14,7] := 7 2;
set c[15,6] := 6;
set c[15,3] := 3 1;
set c[15,7] := 7 2;
set c[15,9] := 9;
set c[15,8] := 8 10;
set c[15,5] := 5;
set c[15,4] := 4;
set c[16,9] := 9;
set c[16,7] := 7 2;
set c[16,8] := 8 10;
set c[16,5] := 5;
set c[16,4] := 4;
set c[16,3] := 3;
set c[16,1] := 1;
set c[16,6] := 6;
set c[17,4] := 4;
set c[17,1] := 1;
set c[17,3] := 3;
set c[17,5] := 5;
set c[17,8] := 8 10;
set c[17,7] := 7 2;
set c[17,6] := 6;
set c[17,9] := 9;
set c[18,1] := 1;
set c[18,9] := 9;
set c[18,6] := 6;
set c[18,8] := 8 10;
set c[18,5] := 5;
set c[18,3] := 3;
set c[18,7] := 7 2;
set c[18,4] := 4;
set c[19,8] := 8 10;
set c[19,5] := 5;
set c[19,4] := 4;
set c[19,7] := 7 2;
set c[19,3] := 3;
set c[19,9] := 9;
set c[19,6] := 6;
set c[19,1] := 1;
set c[20,1] := 1;
set c[20,9] := 9;
set c[20,5] := 5;
set c[20,7] := 7 2;
set c[20,4] := 4;
set c[20,6] := 6;
set c[20,3] := 3;
set c[20,8] := 8 10;
set c[21,6] := 6;
set c[21,3] := 3;
set c[21,8] := 8 10;
set c[21,5] := 5;
set c[21,9] := 9;
set c[21,7] := 7 2;
set c[21,4] := 4;
set c[21,1] := 1;
set c[22,8] := 8 10;
set c[22,7] := 7 2;
set c[22,4] := 4;
set c[22,3] := 3;
set c[22,1] := 1;
set c[22,9] := 9;
set c[22,5] := 5;
set c[22,6] := 6;
set c[23,9] := 9;
set c[23,5] := 5;
set c[23,1] := 1;
set c[23,3] := 3;
set c[23,6] := 6;
set c[23,7] := 7 2;
set c[23,4] := 4;
set c[23,8] := 8 10;
set c[24,6] := 6;
set c[24,8] := 8 10;
set c[24,7] := 7 2;
set c[24,4] := 4;
set c[24,1] := 1;
set c[24,3] := 3;
set c[24,5] := 5;
set c[24,9] := 9;
set c[25,9] := 9;
set c[25,5] := 5;
set c[25,3] := 3;
set c[25,1] := 1;
set c[25,8] := 8 10;
set c[25,7] := 7 2;
set c[25,4] := 4;
set c[25,6] := 6;
set c[26,1] := 1;
set c[26,4] := 4;
set c[26,5] := 5;
set c[26,7] := 7 2;
set c[26,8] := 8 10;
set c[26,3] := 3;
set c[26,6] := 6;
set c[26,9] := 9;
set c[27,8] := 8 10;
set c[27,4] := 4;
set c[27,5] := 5;
set c[27,7] := 7 2;
set c[27,6] := 6;
set c[27,3] := 3;
set c[27,9] := 9;
set c[27,1] := 1;
set c[28,7] := 7 2;
set c[28,4] := 4;
set c[28,9] := 9;
set c[28,3] := 3;
set c[28,6] := 6;
set c[28,5] := 5;
set c[28,1] := 1;
set c[28,8] := 8 10;
set c[29,9] := 9;
set c[29,4] := 4;
set c[29,5] := 5;
set c[29,1] := 1;
set c[29,3] := 3;
set c[29,8] := 8 10;
set c[29,6] := 6;
set c[29,7] := 7 2;
set c[30,5] := 5;
set c[30,8] := 8 10;
set c[30,7] := 7 2;
set c[30,3] := 3;
set c[30,4] := 4;
set c[30,1] := 1;
set c[30,6] := 6;
set c[30,9] := 9;
set c[31,7] := 7 2;
set c[31,8] := 8;
set c[31,10] := 10;
set c[31,9] := 9;
set c[31,3] := 3;
set c[31,1] := 1;
set c[31,4] := 4;
set c[31,6] := 6;
set c[31,5] := 5;
set c[32,5] := 5;
set c[32,3] := 3;
set c[32,1] := 1;
set c[32,4] := 4;
set c[32,9] := 9;
set c[32,6] := 6;
set c[32,8] := 8;
set c[32,10] := 10;
set c[32,7] := 7 2;
set c[33,10] := 10;
set c[33,3] := 3;
set c[33,1] := 1;
set c[33,7] := 7 2;
set c[33,6] := 6;
set c[33,8] := 8;
set c[33,4] := 4;
set c[33,9] := 9;
set c[33,5] := 5;
set c[34,5] := 5;
set c[34,8] := 8;
set c[34,4] := 4;
set c[34,6] := 6;
set c[34,1] := 1;
set c[34,7] := 7 2;
set c[34,3] := 3;
set c[34,9] := 9;
set c[34,10] := 10;

