#erel:= 0.850;
#emax:= 2615.723;
#q:= 0.000;
#nesce:=     8;
#etime:= 0.050;
#snodes:=   239;
param nS:=    10;
param nSG:=    34;
param nRVSG [*] :=
 1 24    5  2    9  2   13  2   17  2   21  9   25  2   29  2   33  2
 2 24    6  2   10  2   14  2   18  2   22  2   26  2   30  2   34 24
 3 24    7 20   11 17   15  2   19  2   23  2   27  2   31  2
 4 24    8  2   12  2   16 13   20  2   24  2   28  4   32  2
;

param ScenF [*] :=
  1  23.0295      59  75.3051     117  63.5988     175  52.5673
  2  41.2904      60  61.3261     118  70.2563     176  50.3597
  3  33.6862      61  56.197      119  80.0585     177  51.8447
  4  28.3335      62  60.0839     120  71.6207     178  68.612
  5  26.1814      63  65.471      121   0.476462   179  80.1486
  6  33.2121      64  76.8966     122   0          180  83.057
  7  54.6966      65  90.3626     123   0.470571   181  57.8704
  8  81.2598      66  97.1621     124   0          182   0.374208
  9 107.562       67 123.118      125   0.484716   183   0.3814
 10 108.857       68 151.287      126   0          184   0.330461
 11  85.5833      69 147.968      127   9.78074    185   0.202
 12  77.6869      70 128.56       128  22.5239     186   0.285668
 13  74.1469      71 113.693      129  26.5808     187   0.1133
 14  75.0215      72 106.068      130  29.819      188   0.248546
 15  73.8733      73  44.0436     131  48.4593     189   0.0026
 16  67.9571      74  80.5591     132  59.9111     190   0.232426
 17  67.8079      75  71.3913     133  58.6308     191   0
 18  79.4804      76  66.7011     134  49.8236     192   0.232506
 19 101.037       77  67.507      135  48.5032     193   0
 20 121.23        78  71.3727     136  51.9044     194  79.4268
 21 124.729       79  83.7933     137  52.7655     195  80.0032
 22 112.477       80 103.908      138  46.4708     196  71.545
 23 102.159       81 128.993      139  44.6394     197  58.1968
 24  88.8231      82 120.81       140  52.8777     198   0.268675
 25  28.7141      83 103.154      141  65.3538     199   0
 26  37.9136      84  90.345      142  67.5644     200   0.339273
 27  47.3108      85  92.2301     143  47.5615     201   0
 28  51.5098      86  98.2453     144   0.501931   202   0.358124
 29  54.1616      87 108.115      145   0          203   0
 30  51.74        88 115.754      146   0.532393   204   0.342713
 31  51.3945      89 120.703      147   0          205   0
 32  38.507       90 121.513      148   0.571536   206   0.33365
 33  44.5541      91 149.613      149   0.0102     207   0
 34  57.7533      92 177.664      150   0.587459   208   1.06458
 35  69.4502      93 171.994      151   0.1122     209   9.24783
 36  65.373       94 144.804      152  50.65       210   0
 37  74.2788      95 131.071      153  60.4536     211   5.53914
 38  68.1104      96 128.85       154  50.6894     212  23.5211
 39  68.7769      97   0.485018   155  35.5981     213  39.1585
 40  72.9838      98   0          156  29.8805     214   5.69155
 41  84.3734      99   0.487202   157  34.1211     215   0
 42  69.4203     100   0          158  34.7949     216   0.628139
 43  67.8362     101  30.4836     159  35.6211     217   4.12617
 44  25.3252     102  47.9357     160  32.6812     218  10.4801
 45  24.3852     103  40.0035     161  41.4087     219   1.48803
 46  20.0479     104  30.5        162  66.8172     220   9.17947
 47  21.8727     105  32.3938     163  74.689      221   0
 48  20.7013     106  36.151      164  65.8303     222   7.99873
 49  47.7198     107  40.3136     165   0.595759   223   0
 50  85.0033     108  45.5095     166   0.273      224   0
 51  68.971      109  61.3206     167   0.56634    225  57.8087
 52  63.6371     110  70.173      168   0.4503     226   7.22662
 53  58.6223     111  68.8478     169   0.497512   227   1.30021
 54  61.2892     112  72.0096     170   0.5554     228   0.552024
 55  64.7794     113  75.1163     171   0.428523   229   0.863521
 56  70.1658     114  81.7302     172   0.4974     230   0.498768
 57  98.0865     115  77.1524     173  51.1404     231   0.896964
 58 100.945      116  69.6735     174  53.5037
;

param ScenO [*] :=
  1 66.01        48 18.12        95 74.91       142 75          189  0
  2 50           49 66.01        96 66.04       143 79.11       190  0.037
  3 44.99        50 49.99        97  0.491      144  0.239      191  0
  4 42.24        51 44.99        98  0          145  0          192  0.027
  5 40.7         52 42.22        99  0.506      146  0.157      193  0
  6 39.98        53 40.29       100  0          147  0          194 84.72
  7 40.7         54 39.04       101 61.01       148  0.149      195 81
  8 44.63        55 40.29       102 43.14       149  0          196 67
  9 47           56 44.61       103 39.99       150  0.124      197 40.14
 10 71           57 47          104 35.8        151  0.024      198  0.023
 11 77.9         58 61.01       105 34.59       152 40          199  0
 12 60.1         59 70.69       106 34.98       153 40          200  0.019
 13 45.1         60 49.99       107 35.8        154 44.25       201  0
 14 43.6         61 45.1        108 44.62       155 42.37       202  0.014
 15 42.24        62 43.6        109 46.47       156 38          203  0
 16 40.72        63 44.24       110 55          157 38          204  0.009
 17 42.24        64 43.72       111 69.96       158 35.1        205  0
 18 48.85        65 46.24       112 48.1        159 35.2        206  0.009
 19 74.88        66 48.86       113 45.1        160 38          207  0
 20 80           67 67.98       114 43.6        161 43.96       208  0.045902
 21 87.9         68 69.9        115 42.24       162 64.88       209  0.1186
 22 90.1         69 77.91       116 40.72       163 72.82       210  0.439209
 23 85.01        70 82.36       117 42.24       164 82          211  0.07339
 24 71.04        71 74.91       118 46.47       165  0.071      212  0
 25 50.32        72 66.04       119 60          166  0.059      213  0
 26 49.12        73 66.01       120 72          167  0.059      214  0.052088
 27 37.16        74 46.47       121  0.519      168  0.083      215  0.012772
 28 36           75 44.99       122  0          169  0.042      216  0.590426
 29 37.28        76 42.23       123  0.471      170  0.095      217  0.256901
 30 38.04        77 37.71       124  0          171  0.029      218  0.106547
 31 37.76        78 38.47       125  0.362      172  0.101      219  0.293344
 32 42.4         79 39.14       126  0          173 53.6        220  0.276497
 33 38.12        80 44.62       127 57.3        174 50.69       221  0.73922
 34 55.16        81 47          128 18.77       175 48.86       222  1.5187
 35 59.4         82 47.11       129 20          176 50.69       223  0.168222
 36 54           83 66.96       130 37.63       177 44.61       224  0.551373
 37 57.92        84 51.08       131 51.7        178 59.9        225  0.529171
 38 58.4         85 45.96       132 64          179 78.38       226  0.422543
 39 55.52        86 46.6        133 72.9        180 87.12       227  0.768
 40 55.32        87 47.2        134 54.09       181 85.26       228  0.990557
 41 76.2         88 45.7        135 42.1        182  0.021      229  0.930633
 42 69.6         89 50.24       136 41.67       183  0.099      230  0.745206
 43 53.96        90 48.86       137 40.2        184  0.018      231  0.802928
 44 13           91 59.87       138 39.9        185  0.074
 45  6.08        92 74.85       139 41.74       186  0.026
 46  5.2         93 80.91       140 45.85       187  0.04
 47  8.96        94 82.36       141 66.76       188  0.037
;

param Scen0 (tr)
 :    1	    2	    3	    4	    5	    6	    7	    8	    9	   10	   11	   12	   13	   14	   15	   16	   17	   18	   19	   20	   21	   22	   23	   24	   25	   26	   27	   28	   29	   30	   31	   32	   33	   34	   35	   36	   37	   38	   39	   40	   41	   42	   43	   44	   45	   46	   47	   48	   49	   50	   51	   52	   53	   54	   55	   56	   57	   58	   59	   60	   61	   62	   63	   64	   65	   66	   67	   68	   69	   70	   71	   72	   73	   74	   75	   76	   77	   78	   79	   80	   81	   82	   83	   84	   85	   86	   87	   88	   89	   90	   91	   92	   93	   94	   95	   96	   97	   98	   99	  100	  101	  102	  103	  104	  105	  106	  107	  108	  109	  110	  111	  112	  113	  114	  115	  116	  117	  118	  119	  120	  121	  122	  123	  124	  125	  126	  127	  128	  129	  130	  131	  132	  133	  134	  135	  136	  137	  138	  139	  140	  141	  142	  143	  144	  145	  146	  147	  148	  149	  150	  151	  152	  153	  154	  155	  156	  157	  158	  159	  160	  161	  162	  163	  164	  165	  166	  167	  168	  169	  170	  171	  172	  173	  174	  175	  176	  177	  178	  179	  180	  181	  182	  183	  184	  185	  186	  187	  188	  189	  190	  191	  192	  193	  194	  195	  196	  197	  198	  199	  200	  201	  202	  203	  204	  205	  206	  207	  208	  209	  210	  211	  212	  213	  214	  215	  216	  217	  218	  219	  220	  221	  222	  223	  224	  225	  226	  227	  228	  229	  230	  231	:=
    1	68.744200	47.356200	30.397400	20.994100	22.914600	27.627600	52.949800	73.905500	109.017000	117.403000	76.045400	76.021200	79.698000	69.134100	69.726400	66.265600	77.913400	81.174500	108.052000	112.391000	127.576000	113.290000	88.182300	74.796200	29.177600	29.618300	41.014900	44.258700	44.021500	47.664800	47.653500	41.741400	26.628200	72.196400	83.336100	74.006700	80.122500	76.292600	79.587600	80.716300	90.763500	72.006300	68.204400	23.195700	13.652700	11.357700	20.886800	26.294200	99.728200	74.025300	80.055900	60.040900	58.348100	57.719400	74.254700	65.931400	106.166000	125.013000	72.754700	67.093900	65.449900	59.431800	65.714000	72.788500	81.924000	93.076600	138.765000	150.408000	159.589000	130.191000	113.581000	105.138000	84.023000	79.553100	76.513000	66.389500	59.385600	74.549300	85.195800	90.922700	130.906000	148.350000	97.946900	89.861500	96.685000	96.145300	99.736900	118.337000	105.596000	115.283000	156.336000	168.432000	165.630000	133.028000	120.598000	116.584000	0.462994	0.000000	0.511110	0.000000	56.345400	45.632100	36.465500	23.513100	28.816900	29.935100	50.940000	60.137400	45.995400	25.724200	46.956500	52.788400	53.194500	59.839800	61.188400	52.682200	36.139400	74.689100	75.946500	75.772400	0.529931	0.000000	0.490100	0.000000	0.448447	0.000000	23.779800	7.822010	23.545300	31.407200	37.310100	29.501300	34.154300	41.726900	35.478600	40.919400	49.014300	36.368300	36.203600	50.144800	65.263100	76.069000	83.539900	0.424437	0.000000	0.406417	0.000000	0.409561	0.008500	0.416667	0.086100	67.867000	67.721000	71.498800	39.567300	0.000000	20.703900	41.354900	20.459900	6.154770	19.670200	84.754200	93.948100	100.762000	0.425518	0.281400	0.407276	1.782100	0.366132	0.842700	0.314960	0.389600	76.380900	0.000000	15.344700	14.379500	24.758400	24.839800	53.333900	71.669700	91.129500	0.265731	0.694000	0.230423	0.150600	0.177359	0.939000	0.122693	0.001300	0.090138	0.000000	0.109548	0.000000	67.781500	73.260600	62.346100	53.793600	0.163901	0.000000	0.252935	0.000000	0.276775	0.000000	0.258490	0.000000	0.264861	0.000000	1.604060	7.899360	11.666100	5.130750	24.800900	36.913300	6.203600	0.000000	0.660749	3.530920	11.755700	1.855350	10.271600	0.000000	8.027820	189.321000	0.000000	27.063000	10.017700	1.927740	0.786167	0.862003	0.603842	0.807404	
    2	66.200000	51.176400	41.551600	39.519900	38.272100	38.228400	70.125900	94.650700	115.061000	115.304000	98.927500	90.418900	93.282600	93.733800	81.037800	76.914600	72.405300	74.154500	103.692000	102.903000	119.738000	104.243000	97.084200	93.068200	33.392200	30.684800	41.026000	42.928800	47.706400	44.898400	47.889100	46.174600	52.824900	56.398600	65.481400	77.369300	69.924900	65.414500	69.802200	71.356500	85.454200	69.742700	55.175400	14.769300	13.965400	24.857700	28.543600	23.369800	90.870000	79.068200	68.740600	65.576600	64.013100	50.904200	66.899200	77.935400	92.192600	93.772600	77.239100	65.065900	61.456300	65.717000	79.399500	84.850500	96.018100	93.514200	137.439000	140.522000	149.223000	124.107000	123.906000	115.973000	85.142700	94.262100	85.557300	85.128600	86.781800	76.056100	97.785900	119.749000	135.990000	129.621000	106.682000	90.443500	95.770400	100.822000	94.421400	104.353000	103.315000	94.680100	138.177000	150.316000	153.809000	123.254000	114.849000	111.125000	0.495984	0.000000	0.513539	0.000000	68.539300	49.920800	42.412100	36.609900	31.959200	37.088700	52.985800	61.475100	49.960900	54.651700	68.902900	74.055600	74.496500	79.385800	81.860700	78.629300	68.561300	65.810400	88.740200	89.738200	0.510829	0.000000	0.506223	0.000000	0.513915	0.000000	3.543630	0.000000	1.644190	27.185400	37.915900	56.648700	52.186600	40.485000	34.048700	42.060200	37.027500	31.186600	16.148300	49.739300	60.565900	62.565500	81.112500	0.510486	0.000000	0.536207	0.000000	0.576220	0.009300	0.605748	0.034300	28.192800	39.507900	37.539000	38.419200	39.871400	40.227400	39.402400	34.247900	32.203900	35.254400	70.570700	63.687100	77.371900	0.645064	0.099900	0.613266	0.805100	0.521613	0.628800	0.430731	0.482700	44.747800	38.342800	34.798900	38.928900	44.300700	88.260100	83.350300	54.086900	94.703000	0.351349	0.270500	0.258174	0.495400	0.205335	0.196800	0.171120	0.002500	0.146016	0.000000	0.139547	0.000000	66.079600	68.948700	71.647400	62.953700	0.183886	0.000000	0.268529	0.000000	0.318273	0.000000	0.317434	0.000000	0.297208	0.000000	1.746360	8.705240	18.268100	6.208460	22.065400	38.029300	5.980120	0.000000	0.631163	4.062610	11.775700	3.317530	10.163100	0.000000	10.164700	236.851000	0.000000	58.745000	8.354280	2.143340	1.127490	1.029320	0.780774	0.781873	
    3	66.200000	51.176400	41.551600	39.519900	38.272100	38.228400	70.125900	94.650700	115.061000	115.304000	98.927500	90.418900	93.282600	93.733800	81.037800	76.914600	72.405300	74.154500	103.692000	102.903000	119.738000	104.243000	97.084200	93.068200	33.392200	30.684800	41.026000	42.928800	47.706400	44.898400	47.889100	46.174600	52.824900	56.398600	65.481400	77.369300	69.924900	65.414500	69.802200	71.356500	85.454200	69.742700	55.175400	14.769300	13.965400	24.857700	28.543600	23.369800	90.870000	79.068200	68.740600	65.576600	64.013100	50.904200	66.899200	77.935400	92.192600	93.772600	77.239100	65.065900	61.456300	65.717000	79.399500	84.850500	96.018100	93.514200	137.439000	140.522000	149.223000	124.107000	123.906000	115.973000	85.142700	94.262100	85.557300	85.128600	86.781800	76.056100	97.785900	119.749000	135.990000	129.621000	106.682000	90.443500	95.770400	100.822000	94.421400	104.353000	103.315000	94.680100	138.177000	150.316000	153.809000	123.254000	114.849000	111.125000	0.495984	0.000000	0.513539	0.000000	68.539300	49.920800	42.412100	36.609900	31.959200	37.088700	52.985800	61.475100	49.960900	54.651700	68.902900	74.055600	74.496500	79.385800	81.860700	78.629300	68.561300	65.810400	88.740200	89.738200	0.510829	0.000000	0.506223	0.000000	0.513915	0.000000	3.543630	0.000000	1.644190	27.185400	37.915900	56.648700	52.186600	40.485000	34.048700	42.060200	37.027500	31.186600	16.148300	49.739300	60.565900	62.565500	81.112500	0.510486	0.000000	0.536207	0.000000	0.576220	0.009300	0.605748	0.034300	28.192800	39.507900	37.539000	38.419200	39.871400	40.227400	39.402400	34.247900	32.203900	35.254400	70.570700	63.687100	77.371900	0.645064	0.099900	0.613266	0.805100	0.521613	0.628800	0.430731	0.482700	44.747800	38.342800	34.798900	38.928900	44.300700	88.260100	83.350300	54.086900	94.703000	0.351349	0.270500	0.258174	0.495400	0.205335	0.196800	0.171120	0.002500	0.146016	0.000000	0.139547	0.000000	66.079600	68.948700	71.647400	62.953700	0.183886	0.000000	0.268529	0.000000	0.318273	0.000000	0.317434	0.000000	0.297208	0.000000	1.746360	8.705240	18.268100	6.208460	22.065400	38.029300	5.980120	0.000000	0.631163	4.062610	11.775700	3.317530	10.163100	0.000000	10.164700	236.851000	0.000000	58.745000	8.354280	2.143340	1.127490	1.029320	0.780774	0.781873	
    4	68.744200	47.356200	30.397400	20.994100	22.914600	27.627600	52.949800	73.905500	109.017000	117.403000	76.045400	76.021200	79.698000	69.134100	69.726400	66.265600	77.913400	81.174500	108.052000	112.391000	127.576000	113.290000	88.182300	74.796200	33.608000	38.001800	37.823600	46.482200	50.238200	46.332900	46.495800	38.228200	47.563000	61.678000	69.117500	55.622000	66.978600	61.984400	69.521100	68.755000	77.047400	72.918500	78.992900	35.658000	32.800900	29.961200	30.312700	30.327200	103.060000	84.856700	73.958700	67.050700	66.476700	62.844700	65.533300	67.550500	87.891600	91.150300	79.031500	54.423700	50.753100	53.339000	59.839000	68.966100	77.523600	92.881500	116.000000	142.610000	169.258000	141.467000	131.598000	118.888000	81.654000	83.632200	71.342300	62.566300	61.383600	58.817400	80.303100	109.054000	129.276000	119.920000	91.167600	79.455700	87.460100	92.921000	103.252000	114.420000	123.229000	135.930000	164.663000	183.715000	177.834000	164.511000	151.129000	135.940000	0.495818	0.000000	0.469268	0.000000	77.396200	34.014800	30.996500	26.166400	26.867000	30.149800	62.505700	78.391400	69.900700	56.023500	64.663800	76.134900	85.845700	87.503200	89.615300	88.738400	71.118800	66.585100	87.529800	88.574200	0.445578	0.000000	0.453162	0.000000	0.492884	0.000000	60.313500	4.435490	9.808970	39.923600	49.343100	59.635800	64.849800	63.178000	57.671300	61.823300	60.114500	52.701500	49.752100	60.747700	56.657800	48.955200	135.054000	0.525380	0.000000	0.563243	0.000000	0.613284	0.001600	0.637007	0.035800	52.418200	35.663200	0.000000	0.000000	0.000000	0.000000	0.000000	18.159600	17.764500	33.072400	54.261500	70.307400	78.954400	0.607898	0.755000	0.533174	0.771800	0.433574	0.550600	0.337158	0.838800	61.498700	61.855100	59.057000	56.546200	58.427100	60.851400	65.140900	56.946200	116.414000	0.250886	0.159300	0.181146	0.092600	0.126058	0.007900	0.098593	0.000700	0.106734	0.000000	0.128617	0.000000	88.611200	84.496800	72.809400	64.028500	0.202647	0.000000	0.320965	0.000000	0.354554	0.000000	0.334541	0.000000	0.351714	0.000000	1.548970	7.342760	4.250180	4.742510	24.359100	37.666300	5.957290	0.033482	0.462616	3.703620	10.681400	1.893600	9.565850	0.000000	8.322370	226.062000	0.000000	51.163000	7.607920	1.715270	1.019870	0.888397	0.632417	0.648428	
    5	68.744200	47.356200	30.397400	20.994100	22.914600	27.627600	52.949800	73.905500	109.017000	117.403000	76.045400	76.021200	79.698000	69.134100	69.726400	66.265600	77.913400	81.174500	108.052000	112.391000	127.576000	113.290000	88.182300	74.796200	33.608000	38.001800	37.823600	46.482200	50.238200	46.332900	46.495800	38.228200	47.563000	61.678000	69.117500	55.622000	66.978600	61.984400	69.521100	68.755000	77.047400	72.918500	78.992900	35.658000	32.800900	29.961200	30.312700	30.327200	103.060000	84.856700	73.958700	67.050700	66.476700	62.844700	65.533300	67.550500	87.891600	91.150300	79.031500	54.423700	50.753100	53.339000	59.839000	68.966100	77.523600	92.881500	116.000000	142.610000	169.258000	141.467000	131.598000	118.888000	81.654000	83.632200	71.342300	62.566300	61.383600	58.817400	80.303100	109.054000	129.276000	119.920000	91.167600	79.455700	87.460100	92.921000	103.252000	114.420000	123.229000	135.930000	164.663000	183.715000	177.834000	164.511000	151.129000	135.940000	0.481469	0.000000	0.464506	0.000000	78.160700	45.056600	32.745000	23.708300	26.915400	28.827700	37.708500	48.793300	50.714100	53.461100	63.653200	64.560300	64.422500	68.589300	71.934100	67.036700	87.544400	102.317000	106.251000	118.288000	0.448025	0.000000	0.426116	0.000000	0.427228	0.000000	28.688800	3.821480	27.197700	45.805100	42.970900	47.911900	52.110900	51.090100	42.460900	49.920400	48.474800	39.921800	39.693100	42.906400	57.275300	57.530900	81.529800	0.607841	0.000000	0.624838	0.000000	0.626160	0.005000	0.595404	0.229100	66.601700	65.883800	38.474000	37.381400	48.651500	18.898100	26.159800	22.645900	15.926500	35.781200	59.896300	62.800000	68.859400	0.556849	0.172200	0.501128	0.074700	0.605027	0.195800	0.538753	0.692800	33.735400	39.377400	25.277400	29.169400	64.864100	53.768200	48.607300	72.038400	100.052000	0.470665	0.301500	0.399903	0.307300	0.345487	0.054600	0.293545	0.000300	0.250591	0.000000	0.234078	0.000000	57.120300	83.440200	70.104500	44.074200	0.249431	0.000000	0.284112	0.000000	0.298493	0.000000	0.298092	0.000000	0.310493	0.000000	1.303140	7.452590	7.050990	4.470500	23.947600	37.345000	5.858970	0.000000	0.024518	3.278700	10.680800	1.570540	8.913050	0.000000	8.185580	152.441000	0.000000	54.493300	7.261400	1.561250	0.468280	0.986527	0.637530	0.621972	
    6	68.744200	47.356200	30.397400	20.994100	22.914600	27.627600	52.949800	73.905500	109.017000	117.403000	76.045400	76.021200	79.698000	69.134100	69.726400	66.265600	77.913400	81.174500	108.052000	112.391000	127.576000	113.290000	88.182300	74.796200	29.177600	29.618300	41.014900	44.258700	44.021500	47.664800	47.653500	41.741400	26.628200	72.196400	83.336100	74.006700	80.122500	76.292600	79.587600	80.716300	90.763500	72.006300	68.204400	23.195700	13.652700	11.357700	20.886800	26.294200	99.728200	74.025300	80.055900	60.040900	58.348100	57.719400	74.254700	65.931400	106.166000	125.013000	72.754700	67.093900	65.449900	59.431800	65.714000	72.788500	81.924000	93.076600	138.765000	150.408000	159.589000	130.191000	113.581000	105.138000	84.023000	79.553100	76.513000	66.389500	59.385600	74.549300	85.195800	90.922700	130.906000	148.350000	97.946900	89.861500	96.685000	96.145300	99.736900	118.337000	105.596000	115.283000	156.336000	168.432000	165.630000	133.028000	120.598000	116.584000	0.462994	0.000000	0.430587	0.000000	65.566100	50.363700	68.488200	50.012000	51.943600	54.004500	53.038100	47.174900	79.140500	110.695000	88.149100	93.483400	102.529000	104.456000	97.665000	98.451700	78.940300	87.648500	104.013000	92.470700	0.500042	0.000000	0.484752	0.000000	0.520638	0.000000	14.344500	0.000000	0.000000	23.589000	42.537900	64.421300	66.528200	62.960400	50.493200	49.518700	48.356900	36.907200	32.200800	42.788400	45.962300	45.547900	55.544600	0.568450	0.000000	0.572663	0.000000	0.526404	0.123000	0.530329	0.272000	95.059300	42.611400	23.716000	15.859100	6.737100	1.745730	0.000000	0.000000	0.000000	6.545390	14.036400	23.251900	27.110600	0.523973	1.552500	0.490607	0.142900	0.416559	0.759500	0.345782	0.234300	84.429200	83.145000	81.315400	61.788500	88.119200	89.668500	92.418300	82.614100	89.046400	0.295151	0.578600	0.264510	0.385500	0.237281	0.044500	0.208499	0.003400	0.207806	0.000000	0.239763	0.000000	99.025500	103.838000	103.382000	83.029200	0.282429	0.000000	0.363032	0.000000	0.415638	0.000000	0.428822	0.000000	0.440695	0.000000	1.517590	8.315620	1.366400	5.585850	23.885700	38.341700	5.551590	0.077500	0.633240	3.733570	10.473300	1.949470	9.278770	0.000000	8.164820	125.917000	0.000000	54.413200	7.524540	1.871800	1.246160	0.859340	0.635700	0.775029	
    7	68.744200	47.356200	30.397400	20.994100	22.914600	27.627600	52.949800	73.905500	109.017000	117.403000	76.045400	76.021200	79.698000	69.134100	69.726400	66.265600	77.913400	81.174500	108.052000	112.391000	127.576000	113.290000	88.182300	74.796200	33.608000	38.001800	37.823600	46.482200	50.238200	46.332900	46.495800	38.228200	47.563000	61.678000	69.117500	55.622000	66.978600	61.984400	69.521100	68.755000	77.047400	72.918500	78.992900	35.658000	32.800900	29.961200	30.312700	30.327200	103.060000	84.856700	73.958700	67.050700	66.476700	62.844700	65.533300	67.550500	87.891600	91.150300	79.031500	54.423700	50.753100	53.339000	59.839000	68.966100	77.523600	92.881500	116.000000	142.610000	169.258000	141.467000	131.598000	118.888000	81.654000	83.632200	71.342300	62.566300	61.383600	58.817400	80.303100	109.054000	129.276000	119.920000	91.167600	79.455700	87.460100	92.921000	103.252000	114.420000	123.229000	135.930000	164.663000	183.715000	177.834000	164.511000	151.129000	135.940000	0.481469	0.000000	0.464506	0.000000	78.160700	45.056600	32.745000	23.708300	26.915400	28.827700	37.708500	48.793300	50.714100	53.461100	63.653200	64.560300	64.422500	68.589300	71.934100	67.036700	87.544400	102.317000	106.251000	118.288000	0.448025	0.000000	0.426116	0.000000	0.427228	0.000000	28.688800	3.821480	27.197700	45.805100	42.970900	47.911900	52.110900	51.090100	42.460900	49.920400	48.474800	39.921800	39.693100	42.906400	57.275300	57.530900	81.529800	0.431436	0.000000	0.457671	0.000000	0.497629	0.008000	0.525065	0.034500	60.896600	34.158400	39.992200	27.865300	27.315500	33.607900	23.316600	18.360900	13.519400	27.763300	63.569700	30.365600	58.455900	0.552456	0.497200	0.542770	0.063100	0.496223	0.112700	0.445059	0.145100	67.406700	50.585000	45.738000	45.380200	45.818500	48.939900	57.237700	54.801200	66.477000	0.395896	0.322600	0.359626	0.448300	0.307482	0.064600	0.217020	0.003100	0.226353	0.000000	0.240506	0.000000	60.429200	46.441000	80.360400	59.312400	0.283617	0.000000	0.366587	0.000000	0.399533	0.000000	0.385084	0.000000	0.396663	0.000000	1.236890	7.531240	16.064300	4.734990	22.728200	36.926500	5.770940	0.000000	0.654341	4.247590	10.608100	2.051890	9.121070	0.000000	8.709690	163.532000	0.000000	50.583200	6.987390	1.790510	0.845696	0.913705	0.674006	0.818441	
    8	66.200000	51.176400	41.551600	39.519900	38.272100	38.228400	70.125900	94.650700	115.061000	115.304000	98.927500	90.418900	93.282600	93.733800	81.037800	76.914600	72.405300	74.154500	103.692000	102.903000	119.738000	104.243000	97.084200	93.068200	33.392200	30.684800	41.026000	42.928800	47.706400	44.898400	47.889100	46.174600	52.824900	56.398600	65.481400	77.369300	69.924900	65.414500	69.802200	71.356500	85.454200	69.742700	55.175400	14.769300	13.965400	24.857700	28.543600	23.369800	88.241300	76.911700	60.869600	58.050000	55.704800	53.100700	63.195600	83.841400	116.060000	119.283000	91.782200	83.686200	80.575700	86.184800	93.194800	105.873000	120.048000	125.433000	148.742000	171.653000	166.757000	151.989000	137.025000	128.867000	79.225000	85.073600	72.056500	72.927700	72.535700	83.333800	96.902900	100.733000	129.122000	119.452000	100.508000	90.590100	95.665200	103.378000	115.343000	125.917000	128.252000	129.116000	152.530000	174.481000	164.683000	150.102000	143.855000	132.326000	0.493929	0.000000	0.517458	0.000000	49.263200	40.925300	36.101900	32.071300	25.597100	37.077000	59.415600	40.392700	63.561000	68.691300	67.354200	68.979000	67.991400	73.288100	70.830900	65.395100	62.268900	76.949500	82.855600	82.243400	0.519562	0.000000	0.515369	0.000000	0.525473	0.000000	20.751600	2.050890	7.132260	35.270000	37.931100	38.473700	49.761300	41.961100	32.085700	30.259500	29.444600	9.079110	10.899600	21.639100	36.170900	47.893700	60.924200	0.537599	0.000000	0.547911	0.000000	0.645855	0.001400	0.632478	0.561300	105.721000	96.599700	62.616700	56.270900	65.766500	65.185100	63.119100	64.543300	51.938300	67.672200	85.967400	93.506100	91.829800	0.606356	0.107500	0.557811	0.479500	0.459334	0.856600	0.372589	0.621400	53.005000	37.455100	28.288200	29.601800	30.721200	29.530100	43.897000	60.555600	82.103100	0.291399	0.855900	0.226589	0.126900	0.171342	0.435000	0.102361	0.004100	0.053184	0.000000	0.041121	0.000000	74.301700	79.989500	71.227700	99.882500	0.089571	0.000000	0.174112	0.000000	0.205747	0.000000	0.216347	0.000000	0.233546	0.000000	1.661530	8.460380	11.360600	6.287030	23.272100	37.861000	6.389160	0.000000	0.629220	3.734500	10.426300	1.764910	9.502830	0.472663	8.452890	0.000000	0.000000	57.560300	7.796150	1.647970	0.879186	0.862609	0.671473	0.735817	
    9	68.744200	47.356200	30.397400	20.994100	22.914600	27.627600	52.949800	73.905500	109.017000	117.403000	76.045400	76.021200	79.698000	69.134100	69.726400	66.265600	77.913400	81.174500	108.052000	112.391000	127.576000	113.290000	88.182300	74.796200	33.608000	38.001800	37.823600	46.482200	50.238200	46.332900	46.495800	38.228200	47.563000	61.678000	69.117500	55.622000	66.978600	61.984400	69.521100	68.755000	77.047400	72.918500	78.992900	35.658000	32.800900	29.961200	30.312700	30.327200	103.060000	84.856700	73.958700	67.050700	66.476700	62.844700	65.533300	67.550500	87.891600	91.150300	79.031500	54.423700	50.753100	53.339000	59.839000	68.966100	77.523600	92.881500	116.000000	142.610000	169.258000	141.467000	131.598000	118.888000	81.654000	83.632200	71.342300	62.566300	61.383600	58.817400	80.303100	109.054000	129.276000	119.920000	91.167600	79.455700	87.460100	92.921000	103.252000	114.420000	123.229000	135.930000	164.663000	183.715000	177.834000	164.511000	151.129000	135.940000	0.481469	0.000000	0.464506	0.000000	78.160700	45.056600	32.745000	23.708300	26.915400	28.827700	37.708500	48.793300	50.714100	53.461100	63.653200	64.560300	64.422500	68.589300	71.934100	67.036700	87.544400	102.317000	106.251000	118.288000	0.448025	0.000000	0.426116	0.000000	0.427228	0.000000	29.736300	6.993380	43.781600	45.992400	79.657900	106.918000	87.681100	78.306100	72.370800	73.333200	72.993800	74.293500	58.492900	77.817600	97.002000	97.437600	98.128400	0.460545	0.000000	0.508016	0.000000	0.434837	0.009100	0.447957	0.083300	49.458300	35.777100	27.634500	28.944400	20.322900	21.727200	25.003300	23.755700	19.680500	24.030600	37.565300	110.961000	139.099000	0.439661	0.125200	0.392702	0.447000	0.299228	2.479000	0.208562	0.331700	85.559500	74.461400	74.732500	46.242700	52.561200	85.062500	91.375900	85.867800	82.139000	0.141012	0.548500	0.090265	0.114900	0.058454	0.266800	0.027358	0.002600	0.000000	0.000000	0.000000	0.000000	97.114500	100.479000	100.176000	60.474200	0.038183	0.000000	0.121746	0.000000	0.155735	0.000000	0.151791	0.000000	0.155157	0.000000	1.383100	7.417610	1.445540	5.478120	21.927400	37.638700	6.155480	0.637813	0.523815	3.514770	10.029700	1.404650	8.664650	0.000000	8.604700	185.890000	0.000000	54.004500	8.024570	1.341220	0.607072	0.833413	0.661296	0.899309	
   10	68.744200	47.356200	30.397400	20.994100	22.914600	27.627600	52.949800	73.905500	109.017000	117.403000	76.045400	76.021200	79.698000	69.134100	69.726400	66.265600	77.913400	81.174500	108.052000	112.391000	127.576000	113.290000	88.182300	74.796200	33.608000	38.001800	37.823600	46.482200	50.238200	46.332900	46.495800	38.228200	47.563000	61.678000	69.117500	55.622000	66.978600	61.984400	69.521100	68.755000	77.047400	72.918500	78.992900	35.658000	32.800900	29.961200	30.312700	30.327200	103.060000	84.856700	73.958700	67.050700	66.476700	62.844700	65.533300	67.550500	87.891600	91.150300	79.031500	54.423700	50.753100	53.339000	59.839000	68.966100	77.523600	92.881500	116.000000	142.610000	169.258000	141.467000	131.598000	118.888000	81.654000	83.632200	71.342300	62.566300	61.383600	58.817400	80.303100	109.054000	129.276000	119.920000	91.167600	79.455700	87.460100	92.921000	103.252000	114.420000	123.229000	135.930000	164.663000	183.715000	177.834000	164.511000	151.129000	135.940000	0.495818	0.000000	0.469268	0.000000	77.396200	34.014800	30.996500	26.166400	26.867000	30.149800	62.505700	78.391400	69.900700	56.023500	64.663800	76.134900	85.845700	87.503200	89.615300	88.738400	71.118800	66.585100	87.529800	88.574200	0.445578	0.000000	0.453162	0.000000	0.492884	0.000000	60.313500	4.435490	9.808970	39.923600	49.343100	59.635800	64.849800	63.178000	57.671300	61.823300	60.114500	52.701500	49.752100	60.747700	56.657800	48.955200	135.054000	0.525380	0.000000	0.563243	0.000000	0.613284	0.001600	0.637007	0.035800	52.418200	35.663200	0.000000	0.000000	0.000000	0.000000	0.000000	18.159600	17.764500	33.072400	54.261500	70.307400	78.954400	0.607898	0.755000	0.533174	0.771800	0.433574	0.550600	0.337158	0.838800	61.498700	61.855100	59.057000	56.546200	58.427100	60.851400	65.140900	56.946200	116.414000	0.250886	0.159300	0.181146	0.092600	0.126058	0.007900	0.098593	0.000700	0.106734	0.000000	0.128617	0.000000	88.611200	84.496800	72.809400	64.028500	0.202647	0.000000	0.320965	0.000000	0.354554	0.000000	0.334541	0.000000	0.351714	0.000000	1.548970	7.342760	4.250180	4.742510	24.359100	37.666300	5.957290	0.033482	0.462616	3.703620	10.681400	1.893600	9.565850	0.000000	8.322370	226.062000	0.000000	51.163000	7.607920	1.715270	1.019870	0.888397	0.632417	0.648428	
;
param Prob0 :=
    1	0.100
    2	0.200
    3	0.000
    4	0.000
    5	0.100
    6	0.100
    7	0.100
    8	0.100
    9	0.100
   10	0.200
;
set c[0,5] := 5 1 2 3 4 6 7 8 9 10;
set c[1,6] := 6 5 1 4 7 9 10;
set c[1,2] := 2 3 8;
set c[2,8] := 8 2 3;
set c[2,10] := 10 5 4 7 9;
set c[2,6] := 6 1;
set c[3,6] := 6 1;
set c[3,7] := 7 10 5 4 9;
set c[3,2] := 2 3;
set c[3,8] := 8;
set c[4,2] := 2 3;
set c[4,10] := 10 7 5 4 9;
set c[4,8] := 8;
set c[4,6] := 6 1;
set c[5,8] := 8;
set c[5,6] := 6 1;
set c[5,9] := 9 7 5;
set c[5,10] := 10 4;
set c[5,2] := 2 3;
set c[6,6] := 6;
set c[6,1] := 1;
set c[6,2] := 2 3;
set c[6,5] := 5 9 7;
set c[6,10] := 10 4;
set c[6,8] := 8;
set c[7,8] := 8;
set c[7,7] := 7 5 9;
set c[7,1] := 1;
set c[7,2] := 2 3;
set c[7,10] := 10 4;
set c[7,6] := 6;
set c[8,9] := 9 7 5;
set c[8,2] := 2 3;
set c[8,6] := 6;
set c[8,10] := 10 4;
set c[8,1] := 1;
set c[8,8] := 8;
set c[9,2] := 2 3;
set c[9,1] := 1;
set c[9,10] := 10 4;
set c[9,6] := 6;
set c[9,8] := 8;
set c[9,9] := 9 7 5;
set c[10,9] := 9 7 5;
set c[10,6] := 6;
set c[10,8] := 8;
set c[10,1] := 1;
set c[10,10] := 10 4;
set c[10,2] := 2 3;
set c[11,8] := 8;
set c[11,2] := 2 3;
set c[11,1] := 1;
set c[11,6] := 6;
set c[11,10] := 10 4;
set c[11,5] := 5 7;
set c[11,9] := 9;
set c[12,1] := 1;
set c[12,5] := 5;
set c[12,7] := 7;
set c[12,6] := 6;
set c[12,2] := 2 3;
set c[12,9] := 9;
set c[12,10] := 10 4;
set c[12,8] := 8;
set c[13,6] := 6;
set c[13,9] := 9;
set c[13,8] := 8;
set c[13,10] := 10 4;
set c[13,7] := 7;
set c[13,5] := 5;
set c[13,2] := 2 3;
set c[13,1] := 1;
set c[14,2] := 2 3;
set c[14,5] := 5;
set c[14,8] := 8;
set c[14,1] := 1;
set c[14,10] := 10 4;
set c[14,9] := 9;
set c[14,7] := 7;
set c[14,6] := 6;
set c[15,7] := 7;
set c[15,8] := 8;
set c[15,5] := 5;
set c[15,9] := 9;
set c[15,10] := 10 4;
set c[15,6] := 6;
set c[15,1] := 1;
set c[15,2] := 2 3;
set c[16,1] := 1;
set c[16,10] := 10 4;
set c[16,9] := 9;
set c[16,5] := 5;
set c[16,6] := 6;
set c[16,2] := 2 3;
set c[16,8] := 8;
set c[16,7] := 7;
set c[17,6] := 6;
set c[17,2] := 2 3;
set c[17,8] := 8;
set c[17,5] := 5;
set c[17,9] := 9;
set c[17,7] := 7;
set c[17,10] := 10 4;
set c[17,1] := 1;
set c[18,10] := 10 4;
set c[18,2] := 2 3;
set c[18,1] := 1;
set c[18,7] := 7;
set c[18,5] := 5;
set c[18,9] := 9;
set c[18,8] := 8;
set c[18,6] := 6;
set c[19,1] := 1;
set c[19,5] := 5;
set c[19,7] := 7;
set c[19,6] := 6;
set c[19,8] := 8;
set c[19,9] := 9;
set c[19,2] := 2 3;
set c[19,10] := 10 4;
set c[20,2] := 2 3;
set c[20,10] := 10 4;
set c[20,8] := 8;
set c[20,5] := 5;
set c[20,6] := 6;
set c[20,7] := 7;
set c[20,9] := 9;
set c[20,1] := 1;
set c[21,10] := 10 4;
set c[21,9] := 9;
set c[21,7] := 7;
set c[21,1] := 1;
set c[21,5] := 5;
set c[21,8] := 8;
set c[21,6] := 6;
set c[21,2] := 2 3;
set c[22,5] := 5;
set c[22,7] := 7;
set c[22,8] := 8;
set c[22,6] := 6;
set c[22,9] := 9;
set c[22,2] := 2 3;
set c[22,1] := 1;
set c[22,10] := 10 4;
set c[23,8] := 8;
set c[23,2] := 2 3;
set c[23,1] := 1;
set c[23,9] := 9;
set c[23,6] := 6;
set c[23,10] := 10 4;
set c[23,7] := 7;
set c[23,5] := 5;
set c[24,7] := 7;
set c[24,6] := 6;
set c[24,5] := 5;
set c[24,10] := 10 4;
set c[24,9] := 9;
set c[24,2] := 2 3;
set c[24,1] := 1;
set c[24,8] := 8;
set c[25,10] := 10 4;
set c[25,8] := 8;
set c[25,1] := 1;
set c[25,2] := 2 3;
set c[25,9] := 9;
set c[25,6] := 6;
set c[25,5] := 5;
set c[25,7] := 7;
set c[26,8] := 8;
set c[26,9] := 9;
set c[26,7] := 7;
set c[26,1] := 1;
set c[26,5] := 5;
set c[26,6] := 6;
set c[26,2] := 2 3;
set c[26,10] := 10 4;
set c[27,9] := 9;
set c[27,5] := 5;
set c[27,7] := 7;
set c[27,1] := 1;
set c[27,6] := 6;
set c[27,2] := 2 3;
set c[27,10] := 10 4;
set c[27,8] := 8;
set c[28,1] := 1;
set c[28,6] := 6;
set c[28,5] := 5;
set c[28,10] := 10 4;
set c[28,2] := 2 3;
set c[28,8] := 8;
set c[28,7] := 7;
set c[28,9] := 9;
set c[29,10] := 10 4;
set c[29,6] := 6;
set c[29,5] := 5;
set c[29,8] := 8;
set c[29,9] := 9;
set c[29,2] := 2 3;
set c[29,7] := 7;
set c[29,1] := 1;
set c[30,9] := 9;
set c[30,5] := 5;
set c[30,2] := 2 3;
set c[30,1] := 1;
set c[30,7] := 7;
set c[30,6] := 6;
set c[30,8] := 8;
set c[30,10] := 10 4;
set c[31,2] := 2 3;
set c[31,1] := 1;
set c[31,5] := 5;
set c[31,10] := 10 4;
set c[31,7] := 7;
set c[31,6] := 6;
set c[31,8] := 8;
set c[31,9] := 9;
set c[32,8] := 8;
set c[32,9] := 9;
set c[32,10] := 10 4;
set c[32,7] := 7;
set c[32,6] := 6;
set c[32,5] := 5;
set c[32,1] := 1;
set c[32,2] := 2 3;
set c[33,7] := 7;
set c[33,10] := 10 4;
set c[33,1] := 1;
set c[33,9] := 9;
set c[33,6] := 6;
set c[33,2] := 2 3;
set c[33,5] := 5;
set c[33,8] := 8;
set c[34,6] := 6;
set c[34,2] := 2 3;
set c[34,5] := 5;
set c[34,8] := 8;
set c[34,1] := 1;
set c[34,9] := 9;
set c[34,10] := 10 4;
set c[34,7] := 7;

