#erel:= 0.850;
#emax:= 2523.325;
#q:= 0.000;
#nesce:=    10;
#etime:= 0.041;
#snodes:=   247;
param nS:=    10;
param nSG:=    34;
param nRVSG [*] :=
 1 24    5  2    9  2   13  2   17  2   21  9   25  2   29  2   33  2
 2 24    6  2   10  2   14  2   18  2   22  2   26  2   30  2   34 24
 3 24    7 20   11 17   15  2   19  2   23  2   27  2   31  2
 4 24    8  2   12  2   16 13   20  2   24  2   28  4   32  2
;

param ScenF [*] :=
  1  23.3647       59  73.9665      117  62.7383      175  79.033
  2  33.7457       60  69.3099      118  65.0381      176  72.9894
  3  33.5797       61  61.5862      119  77.6675      177  72.114
  4  29.5859       62  64.0764      120  74.11        178  93.7484
  5  23.9904       63  62.9707      121   0.746133    179 113.624
  6  21.662        64  66.1156      122   0           180 127.893
  7  26.0778       65  61.0707      123   0.69637     181  90.2893
  8  32.5681       66  61.399       124   0           182   0.67349
  9  48.9852       67  79.2993      125   0.716168    183   0.5985
 10  46.6864       68 112.808       126   0           184   0.724454
 11  37.7923       69 132.86        127  31.0017      185   0.4618
 12  40.6923       70 124.127       128  49.5731      186   0.755178
 13  36.6101       71 103.83        129  53.8511      187   0.2414
 14  35.7346       72  96.3826      130  56.157       188   0.759597
 15  32.9237       73  36.6032      131  79.1731      189   0.0034
 16  29.3961       74  55.652       132  81.5369      190   0.754318
 17  22.3893       75  52.386       133  70.438       191   0
 18  17.9339       76  52.0941      134  56.9827      192   0.733627
 19  31.4539       77  52.7778      135  55.8286      193   0
 20  59.5585       78  57.4956      136  50.7258      194 120.312
 21  91.5242       79  63.9342      137  48.8262      195  95.9776
 22  88.113        80  66.4646      138  49.2882      196  80.928
 23  75.4681       81  81.0843      139  50.8847      197  69.6057
 24  68.891        82  75.0385      140  57.5658      198   0.705318
 25  17.6607       83  78.0583      141  68.9891      199   0
 26  17.2338       84  74.3572      142  75.9061      200   0.626141
 27  28.8848       85  68.3144      143  56.3354      201   0
 28  32.9191       86  62.1834      144   0.713891    202   0.534779
 29  38.3996       87  60.4218      145   0           203   0
 30  37.4901       88  64.1134      146   0.682004    204   0.510039
 31  40.1519       89  59.4388      147   0           205   0
 32  30.7038       90  64.246       148   0.645212    206   0.517494
 33  29.0636       91  77.7296      149   0.0442      207   0
 34  44.7513       92 103.147       150   0.586248    208   0.289146
 35  32.3243       93 124.369       151   0.3109      209   0.889354
 36  43.5042       94 121.557       152  75.7536      210   4.16318
 37  41.3173       95  99.1367      153 101.947       211   0.165333
 38  41.0255       96  87.8746      154  95.7749      212   0.69638
 39  27.5974       97   0.933939    155  90.1459      213   2.04695
 40  20.5117       98   0           156  80.8428      214   0.633026
 41  23.4257       99   0.846288    157  75.9556      215   0.201947
 42  17.4617      100   0           158  74.1113      216   1.57638
 43  15.0867      101  43.449       159  72.057       217   1.97527
 44  11.8868      102  63.0901      160  68.6317      218   3.12079
 45  27.2997      103  61.9566      161  74.2861      219   2.34933
 46  23.1428      104  58.7896      162  87.1676      220   4.70707
 47  21.0739      105  52.9661      163  94.4099      221   4.25362
 48  10.1502      106  51.4021      164  80.6832      222   0.0565219
 49  25.3964      107  54.8492      165   0.554364    223   0
 50  53.0046      108  58.4548      166   0.5118      224  57.4595
 51  52.2705      109  82.3852      167   0.541916    225   6.66273
 52  53.2352      110  87.8949      168   0.6294      226   0
 53  49.4305      111  84.1502      169   0.546434    227   0.149319
 54  49.1553      112  74.9256      170   0.6789      228   0.295097
 55  49.9         113  70.1957      171   0.594172    229   0.545447
 56  54.8517      114  72.001       172   0.6679      230   0.686877
 57  82.1881      115  65.314       173  75.3443      231   1.01315
 58  88.4359      116  61.7381      174  79.9373
;

param ScenO [*] :=
  1 59.9         48 34.68        95 77.5        142 88.06       189  0.003
  2 57.85        49 62.12        96 71.49       143 85.87       190  0.331
  3 50.48        50 62.35        97  0.947      144  0.459      191  0
  4 48           51 61.59        98  0          145  0          192  0.398
  5 39.98        52 58           99  0.895      146  0.516      193  0
  6 33.88        53 40          100  0          147  0          194 72.11
  7 42.16        54 30.11       101 57.82       148  0.485      195 72.1
  8 49.8         55 42.16       102 59.28       149  0.022      196 60
  9 65.49        56 60.91       103 64.93       150  0.386      197 58.92
 10 78.88        57 67          104 65          151  0.195      198  0.5
 11 75.86        58 78.95       105 45          152 66.26       199  0
 12 65.26        59 77.5        106 41          153 64.8        200  0.583
 13 61.82        60 68.25       107 56          154 64.8        201  0
 14 55           61 63.82       108 62.25       155 63.79       202  0.595
 15 50.1         62 55          109 72.04       156 61.79       203  0
 16 49.8         63 55.05       110 84.22       157 55          204  0.561
 17 50.1         64 54          111 81.1        158 51.1        205  0
 18 61.82        65 55          112 77.26       159 49.8        206  0.51
 19 77.62        66 66.82       113 72.9        160 50.1        207  0
 20 88.06        67 78.4        114 66.76       161 61.82       208  0.644908
 21 84.44        68 89.83       115 70.1        162 69.86       209  0.38185
 22 78.37        69 85.41       116 69.8        163 79.25       210  0.447504
 23 71.86        70 78.37       117 70.1        164 80          211  0.095208
 24 61.42        71 72.63       118 71.82       165  0.319      212  0.001251
 25 43.6         72 62.42       119 84.62       166  0.308      213  0.001181
 26 60           73 64.97       120 90.83       167  0.277      214  0.418169
 27 39.2         74 59.86       121  0.819      168  0.178      215  0.729719
 28 39.32        75 65.48       122  0          169  0.218      216  0.791724
 29 40.2         76 62.49       123  0.637      170  0.11       217  1.06161
 30 37.2         77 48.43       124  0          171  0.169      218  1.10243
 31 35.44        78 35          125  0.479      172  0.125      219  1.40116
 32 36.28        79 58.19       126  0          173 66          220  1.68441
 33 22.4         80 65.49       127 59.85       174 60.12       221  0.947636
 34 43.4         81 70.49       128 38          175 59.76       222  1.70299
 35 39.68        82 80.2        129 48          176 60.12       223  1.65341
 36 42.32        83 78.4        130 75          177 74.18       224  1.60998
 37 55           84 71.49       131 72.04       178 86.77       225  0.238919
 38 60           85 68.49       132 78.88       179 91.77       226  0.686035
 39 57.6         86 62.49       133 69.77       180 86.77       227  0.69305
 40 44.8         87 62.85       134 71.79       181 82.07       228  0.959143
 41 66.32        88 62.65       135 68          182  0.146      229  0.743269
 42 58.88        89 65.1        136 60.5        183  0.283      230  0.937935
 43 45.6         90 71.27       137 58.09       184  0.155      231  0.863237
 44  8.88        91 81.1        138 60          185  0.303
 45  9.84        92 90.83       139 58.09       186  0.2
 46 14.36        93 86.26       140 67.72       187  0.187
 47 20.96        94 78.64       141 77.72       188  0.27
;

param Scen0 (tr)
 :    1	    2	    3	    4	    5	    6	    7	    8	    9	   10	   11	   12	   13	   14	   15	   16	   17	   18	   19	   20	   21	   22	   23	   24	   25	   26	   27	   28	   29	   30	   31	   32	   33	   34	   35	   36	   37	   38	   39	   40	   41	   42	   43	   44	   45	   46	   47	   48	   49	   50	   51	   52	   53	   54	   55	   56	   57	   58	   59	   60	   61	   62	   63	   64	   65	   66	   67	   68	   69	   70	   71	   72	   73	   74	   75	   76	   77	   78	   79	   80	   81	   82	   83	   84	   85	   86	   87	   88	   89	   90	   91	   92	   93	   94	   95	   96	   97	   98	   99	  100	  101	  102	  103	  104	  105	  106	  107	  108	  109	  110	  111	  112	  113	  114	  115	  116	  117	  118	  119	  120	  121	  122	  123	  124	  125	  126	  127	  128	  129	  130	  131	  132	  133	  134	  135	  136	  137	  138	  139	  140	  141	  142	  143	  144	  145	  146	  147	  148	  149	  150	  151	  152	  153	  154	  155	  156	  157	  158	  159	  160	  161	  162	  163	  164	  165	  166	  167	  168	  169	  170	  171	  172	  173	  174	  175	  176	  177	  178	  179	  180	  181	  182	  183	  184	  185	  186	  187	  188	  189	  190	  191	  192	  193	  194	  195	  196	  197	  198	  199	  200	  201	  202	  203	  204	  205	  206	  207	  208	  209	  210	  211	  212	  213	  214	  215	  216	  217	  218	  219	  220	  221	  222	  223	  224	  225	  226	  227	  228	  229	  230	  231	:=
    1	29.151900	16.025100	17.680000	13.324400	9.632470	31.006600	30.091800	39.805700	61.085700	56.629100	53.100700	49.251200	39.796400	46.026700	36.856700	22.451200	12.077800	15.125400	16.828100	40.390200	68.740800	75.933700	69.293700	62.471500	29.194400	9.222890	25.131300	30.196800	32.680700	27.476800	36.648500	15.039600	15.774400	32.697600	6.508980	47.470600	10.524900	37.349200	24.910700	5.117450	6.706540	34.535900	16.309300	25.449600	25.393500	11.528800	16.863300	11.343200	49.001100	43.265700	50.622200	47.468000	42.764200	57.156300	50.463500	57.552400	82.212400	90.096300	84.097600	70.054700	58.656000	65.444400	59.686900	50.883000	47.038900	54.222900	62.238900	82.586200	102.358000	103.699000	91.744500	83.209600	59.133700	48.934300	52.818000	45.195300	45.285500	64.510900	70.033200	75.442500	92.911200	95.283700	97.511600	81.538700	68.952000	65.669200	64.413800	60.628500	56.716900	65.609700	79.545600	93.082000	112.740000	118.160000	98.699400	89.243500	0.940630	0.000000	0.871280	0.000000	72.739300	62.907000	60.149500	52.345700	49.589100	45.261800	66.309300	75.090300	68.928800	44.255900	63.695100	57.131800	50.778500	53.209800	52.333600	46.761400	36.803400	65.876400	69.902700	75.465900	0.801851	0.000000	0.706730	0.000000	0.650723	0.000000	44.899700	29.715400	35.078900	64.744400	77.831800	79.579900	75.331400	69.556300	64.409900	61.401400	56.516800	54.610400	55.447200	66.145800	59.408500	53.637600	58.644400	0.597403	0.000000	0.513988	0.000000	0.438586	0.337000	0.364852	0.354500	91.719300	109.953000	116.551000	93.412500	49.499900	62.157500	79.840100	55.641100	41.462100	52.510600	104.375000	111.100000	111.415000	0.328708	0.045500	0.319243	0.035900	0.337909	0.804100	0.392953	0.563200	101.663000	85.999900	83.938400	76.644400	75.093800	86.078800	100.023000	100.306000	94.960800	0.474424	0.889800	0.539994	0.055800	0.571158	0.020000	0.566590	0.000600	0.910498	0.000000	0.834253	0.000000	99.271900	91.822300	72.113100	68.099800	0.767767	0.000000	0.676383	0.000000	0.581281	0.000000	0.522417	0.000000	0.521338	0.000000	0.771502	0.000000	15.989000	0.000000	2.233780	0.000000	1.022790	0.000000	1.627010	1.469500	4.645290	2.686230	5.947740	0.281693	0.000000	173.975000	0.000000	0.000000	2.838820	0.804015	0.537845	0.547341	0.771845	0.859327	
    2	66.102300	39.859300	38.996100	37.322700	30.932900	20.900500	35.136900	41.689400	53.549800	52.243900	43.356100	44.429900	45.464000	43.354700	35.421300	35.706900	26.275300	13.908400	35.490200	45.953700	97.343000	93.881100	90.290000	77.876200	22.925400	14.889500	18.520700	26.926000	32.110400	30.010800	33.511500	29.216200	27.408200	44.207900	28.079100	28.202000	27.219800	28.991400	22.073200	9.774070	12.457000	18.790300	10.680700	14.614200	34.573200	29.716500	25.951100	15.733200	80.264100	48.421700	46.554700	45.799000	47.046000	35.571200	51.157600	70.484700	91.124500	86.613200	69.697500	63.789400	60.256200	65.524000	72.250100	74.590700	71.549400	83.614300	99.399400	117.531000	142.804000	150.910000	138.446000	108.997000	73.924900	62.966300	56.619200	61.553500	60.830700	71.849200	79.931800	63.195900	79.847400	71.384500	75.304600	74.237500	71.620100	67.723200	68.205300	75.140000	66.672400	71.079200	78.172200	97.077600	116.056000	127.153000	110.978000	89.317600	0.935037	0.000000	0.861640	0.000000	87.298100	66.845400	66.287400	66.324400	53.463300	52.512000	68.855900	77.333400	73.095300	72.387800	84.596800	77.037900	70.434300	71.062500	69.296900	69.146300	66.284200	59.531200	84.034600	91.310400	0.756933	0.000000	0.695857	0.000000	0.701597	0.000000	50.237400	33.527100	47.391800	67.620200	79.598700	71.065900	63.041300	54.843800	45.627400	43.004700	32.190100	16.265600	36.930200	42.783300	54.489000	72.847800	105.925000	0.703680	0.000000	0.668750	0.000000	0.636558	0.016900	0.586545	0.267400	53.749300	82.308100	82.581800	92.311600	90.259600	81.587600	77.733500	69.208900	66.140200	66.408200	89.477000	81.427900	91.143000	0.581168	0.672000	0.559497	1.104700	0.539420	0.448000	0.565600	0.499700	67.514000	70.603700	63.166400	52.001700	42.342700	49.542300	87.807300	115.704000	123.603000	0.619408	0.283100	0.584884	1.227300	0.585813	0.113300	0.595444	0.041600	0.585199	0.000000	0.551620	0.000000	106.846000	84.249500	81.606700	74.916300	0.514819	0.000000	0.424768	0.000000	0.354458	0.000000	0.320526	0.000000	0.290207	0.000000	0.919237	0.353077	24.967000	0.435283	0.000000	0.042730	0.626276	0.000000	1.572200	2.108320	4.357260	4.022940	6.111000	2.676340	2.248690	207.746000	0.000000	8.193810	1.132980	0.943010	0.863086	0.757569	0.958293	0.938938	
    3	29.151900	16.025100	17.680000	13.324400	9.632470	31.006600	30.091800	39.805700	61.085700	56.629100	53.100700	49.251200	39.796400	46.026700	36.856700	22.451200	12.077800	15.125400	16.828100	40.390200	68.740800	75.933700	69.293700	62.471500	29.194400	9.222890	25.131300	30.196800	32.680700	27.476800	36.648500	15.039600	15.774400	32.697600	6.508980	47.470600	10.524900	37.349200	24.910700	5.117450	6.706540	34.535900	16.309300	25.449600	25.393500	11.528800	16.863300	11.343200	49.001100	43.265700	50.622200	47.468000	42.764200	57.156300	50.463500	57.552400	82.212400	90.096300	84.097600	70.054700	58.656000	65.444400	59.686900	50.883000	47.038900	54.222900	62.238900	82.586200	102.358000	103.699000	91.744500	83.209600	59.133700	48.934300	52.818000	45.195300	45.285500	64.510900	70.033200	75.442500	92.911200	95.283700	97.511600	81.538700	68.952000	65.669200	64.413800	60.628500	56.716900	65.609700	79.545600	93.082000	112.740000	118.160000	98.699400	89.243500	0.972894	0.000000	0.968142	0.000000	52.035300	51.601100	59.063500	46.537400	39.111700	60.732900	69.247800	76.522500	101.483000	106.068000	99.467100	86.711400	75.765000	70.224900	65.857000	57.542800	55.145000	61.758100	80.493400	88.911400	0.958770	0.000000	0.961598	0.000000	1.052970	0.000000	25.594400	18.319300	30.247000	55.661200	70.638300	79.034000	65.544800	48.171100	42.325200	41.207300	32.939300	35.255900	49.255200	69.095100	61.853700	67.848400	89.067000	0.722463	0.000000	0.695432	0.000000	0.678967	0.053200	0.626560	0.900700	91.066500	96.178300	52.371700	70.352400	71.303400	75.005500	76.791200	74.805600	65.491700	52.006700	64.440900	80.574100	77.127200	0.588987	0.377100	0.559280	1.499900	0.534983	0.766600	0.559466	2.907100	69.884100	67.253800	64.854900	64.492700	78.535700	100.163000	120.936000	104.288000	133.128000	0.639218	0.074100	0.707131	0.269300	0.753372	0.699700	0.750389	0.031500	0.728947	0.000000	0.711367	0.000000	131.014000	103.271000	99.429800	74.208200	0.697361	0.000000	0.629327	0.000000	0.561350	0.000000	0.563735	0.000000	0.589876	0.000000	0.166559	0.000000	0.000000	0.000000	0.000000	0.000437	0.991418	0.242428	1.491420	1.738790	3.778180	3.017180	4.447590	0.966152	0.500433	150.712000	0.000000	1.092410	0.033502	0.505889	0.480642	0.351940	0.547708	0.533746	
    4	68.702700	35.582700	39.902900	34.958400	31.094100	27.820600	25.970600	30.821500	46.894500	46.202200	43.274900	31.381100	32.842700	31.831700	27.790300	19.885800	14.795600	18.373600	28.498000	58.163700	111.954000	104.798000	98.005700	85.878800	16.494200	17.826300	29.189000	33.776500	38.177600	37.933200	42.065700	39.613800	30.994200	55.625400	31.888100	58.099000	59.045300	51.217600	41.500200	19.709900	33.499900	42.717200	25.730000	27.057500	35.919200	27.096700	21.750800	29.089300	71.804400	64.929500	66.413700	63.620500	60.123800	51.129300	56.894600	60.497000	94.252600	98.658000	83.052400	49.576900	44.415100	39.570200	34.754500	40.679500	35.466200	34.191200	65.103000	115.861000	129.932000	134.380000	118.637000	103.317000	85.201100	54.845100	53.550100	53.668100	56.208600	56.295400	55.429900	53.197700	61.632000	61.066200	63.672500	49.997700	44.275800	44.016700	43.118900	42.717300	69.503400	77.140800	92.741500	121.788000	167.803000	155.544000	130.024000	116.684000	0.929942	0.000000	0.869381	0.000000	76.670800	62.123400	51.394500	51.141900	39.322900	38.092800	52.410300	66.425400	70.306800	71.841100	84.628600	64.979800	62.811400	51.146900	40.677900	47.428200	48.392700	36.543900	64.763300	89.084200	0.771133	0.000000	0.719607	0.000000	0.734853	0.000000	30.932500	31.754200	41.855900	63.897600	58.238700	40.687600	51.670000	50.767300	48.946000	56.292500	54.137200	42.807500	42.434100	54.300700	59.036200	68.308600	61.588700	0.725323	0.000000	0.688943	0.000000	0.654068	0.018400	0.606300	0.626100	100.962000	103.539000	100.826000	90.702500	89.911800	78.760700	79.558700	69.620700	69.529000	77.274800	77.964300	85.889400	82.967600	0.560555	1.547200	0.527794	1.298100	0.516344	0.974600	0.552119	0.327100	85.609500	90.975600	90.730500	80.570700	80.740200	87.937100	115.226000	118.655000	122.275000	0.626086	1.501500	0.680211	0.084100	0.730728	0.087000	0.758755	0.001600	0.742195	0.000000	0.711543	0.000000	126.018000	69.448900	64.669000	57.171300	0.686488	0.000000	0.619663	0.000000	0.551499	0.000000	0.540650	0.000000	0.546026	0.000000	0.545810	0.832006	4.387600	1.072540	1.240950	0.145421	1.393220	1.107870	1.665010	1.472070	2.403010	2.168440	4.246250	1.406270	1.846040	210.301000	0.000000	2.204890	0.866451	0.623141	0.610838	0.522820	0.730462	0.796032	
    5	68.702700	35.582700	39.902900	34.958400	31.094100	27.820600	25.970600	30.821500	46.894500	46.202200	43.274900	31.381100	32.842700	31.831700	27.790300	19.885800	14.795600	18.373600	28.498000	58.163700	111.954000	104.798000	98.005700	85.878800	16.494200	17.826300	29.189000	33.776500	38.177600	37.933200	42.065700	39.613800	30.994200	55.625400	31.888100	58.099000	59.045300	51.217600	41.500200	19.709900	33.499900	42.717200	25.730000	27.057500	35.919200	27.096700	21.750800	29.089300	71.804400	64.929500	66.413700	63.620500	60.123800	51.129300	56.894600	60.497000	94.252600	98.658000	83.052400	49.576900	44.415100	39.570200	34.754500	40.679500	35.466200	34.191200	65.103000	115.861000	129.932000	134.380000	118.637000	103.317000	85.201100	54.845100	53.550100	53.668100	56.208600	56.295400	55.429900	53.197700	61.632000	61.066200	63.672500	49.997700	44.275800	44.016700	43.118900	42.717300	69.503400	77.140800	92.741500	121.788000	167.803000	155.544000	130.024000	116.684000	0.929942	0.000000	0.869381	0.000000	76.670800	62.123400	51.394500	51.141900	39.322900	38.092800	52.410300	66.425400	70.306800	71.841100	84.628600	64.979800	62.811400	51.146900	40.677900	47.428200	48.392700	36.543900	64.763300	89.084200	0.771133	0.000000	0.719607	0.000000	0.734853	0.000000	30.932500	31.754200	41.855900	63.897600	58.238700	40.687600	51.670000	50.767300	48.946000	56.292500	54.137200	42.807500	42.434100	54.300700	59.036200	68.308600	61.588700	0.725323	0.000000	0.688943	0.000000	0.650652	0.017700	0.597989	0.293100	90.415900	104.471000	83.140900	91.274800	98.555900	61.191400	65.636900	59.102500	52.725600	69.835500	82.110500	82.505400	81.829400	0.562995	2.096100	0.552951	2.054800	0.743082	3.854300	0.838635	0.725500	78.953500	84.852800	80.388400	61.552400	83.044100	103.217000	108.036000	111.615000	83.405400	0.928679	1.734000	0.961463	0.219700	0.973145	2.548600	0.968658	0.002200	0.963625	0.000000	0.945228	0.000000	100.214000	100.517000	81.401400	58.053400	0.907716	0.000000	0.793771	0.000000	0.664975	0.000000	0.618052	0.000000	0.613015	0.000000	0.591512	0.000000	8.921260	0.000000	2.033380	1.326720	1.000260	0.000000	0.989269	1.087600	2.659880	1.802610	4.210610	1.446510	0.000000	154.354000	0.000000	2.515440	0.000000	0.350751	0.189330	0.667676	0.757380	0.644781	
    6	72.144100	38.363200	35.074700	26.230300	23.488800	18.598300	28.283600	31.409000	57.790800	63.850900	28.064500	39.327200	40.369200	28.885000	29.376000	26.119700	31.603900	18.090700	45.258500	66.531500	109.571000	98.248000	82.260700	78.125000	18.877900	9.081350	20.350900	23.740000	26.264500	31.599600	34.957500	35.749900	16.887700	66.436700	43.808100	47.218500	42.697900	47.687400	35.886200	24.473200	27.586100	18.384400	7.678530	14.062900	22.181000	15.117000	19.132000	12.202300	80.017800	46.729300	62.365500	48.357200	47.918800	44.660000	58.617100	49.849200	87.347600	109.594000	70.755100	74.800300	70.960100	63.578100	62.803600	60.880000	50.427500	55.418300	92.292500	109.450000	140.636000	120.696000	101.370000	93.115100	76.337800	53.403600	56.350900	50.258500	41.819900	58.278300	63.758300	51.654700	81.618200	101.713000	74.242300	75.343200	74.183200	60.499700	50.945300	65.584800	42.986700	57.241000	83.330400	94.208700	120.010000	111.475000	89.645300	75.443000	0.927667	0.000000	0.830332	0.000000	83.111300	66.517100	92.816900	80.758900	74.973000	71.315600	69.645600	62.354200	101.835000	129.682000	104.583000	96.787500	97.785600	95.128200	86.400100	91.063200	79.832300	83.846300	102.310000	95.951100	0.943918	0.000000	0.893446	0.000000	0.847297	0.000000	49.306400	29.871500	53.799100	73.103900	73.962400	71.008400	53.956200	51.476800	44.276100	49.549100	42.328500	40.546100	44.892000	46.437900	59.514300	63.825400	90.610000	0.762826	0.000000	0.701658	0.000000	0.636558	0.057500	0.556244	0.360600	123.256000	83.293200	67.766800	69.477900	57.214400	43.285500	33.994000	27.538800	25.507200	37.606800	32.960300	39.879800	37.248300	0.504273	1.377100	0.492461	0.056200	0.523544	0.687900	0.606646	0.131300	56.061700	64.588600	51.715300	50.916400	54.832800	81.931800	87.307000	119.591000	136.354000	0.710074	0.809900	0.782660	1.976700	0.819095	0.314700	0.817931	0.002300	0.804595	0.000000	0.774899	0.000000	137.807000	117.994000	110.512000	89.957800	0.706812	0.000000	0.590652	0.000000	0.488085	0.000000	0.459518	0.000000	0.469396	0.000000	0.783087	0.522162	5.465780	0.186803	1.417070	1.301730	0.459509	0.323633	1.584530	1.631060	3.158800	2.605420	4.844330	2.633470	0.103708	121.499000	15.223800	3.133690	0.289577	0.693471	0.974441	0.542268	0.779549	0.844877	
    7	68.702700	35.582700	39.902900	34.958400	31.094100	27.820600	25.970600	30.821500	46.894500	46.202200	43.274900	31.381100	32.842700	31.831700	27.790300	19.885800	14.795600	18.373600	28.498000	58.163700	111.954000	104.798000	98.005700	85.878800	16.494200	17.826300	29.189000	33.776500	38.177600	37.933200	42.065700	39.613800	30.994200	55.625400	31.888100	58.099000	59.045300	51.217600	41.500200	19.709900	33.499900	42.717200	25.730000	27.057500	35.919200	27.096700	21.750800	29.089300	71.804400	64.929500	66.413700	63.620500	60.123800	51.129300	56.894600	60.497000	94.252600	98.658000	83.052400	49.576900	44.415100	39.570200	34.754500	40.679500	35.466200	34.191200	65.103000	115.861000	129.932000	134.380000	118.637000	103.317000	85.201100	54.845100	53.550100	53.668100	56.208600	56.295400	55.429900	53.197700	61.632000	61.066200	63.672500	49.997700	44.275800	44.016700	43.118900	42.717300	69.503400	77.140800	92.741500	121.788000	167.803000	155.544000	130.024000	116.684000	0.929942	0.000000	0.869381	0.000000	76.670800	62.123400	51.394500	51.141900	39.322900	38.092800	52.410300	66.425400	70.306800	71.841100	84.628600	64.979800	62.811400	51.146900	40.677900	47.428200	48.392700	36.543900	64.763300	89.084200	0.771133	0.000000	0.719607	0.000000	0.734853	0.000000	30.932500	31.754200	41.855900	63.897600	58.238700	40.687600	51.670000	50.767300	48.946000	56.292500	54.137200	42.807500	42.434100	54.300700	59.036200	68.308600	61.588700	0.725323	0.000000	0.688943	0.000000	0.685327	0.564900	0.637796	0.145900	87.798600	78.029400	86.215700	82.573400	78.986500	75.816900	62.989600	54.830700	49.819400	61.453200	84.341400	50.122500	71.847300	0.568336	0.601700	0.523268	6.266500	0.523789	0.365500	0.589752	0.050000	108.510000	72.865200	69.922200	67.357300	62.218300	113.709000	127.574000	129.135000	123.393000	0.680778	0.115800	0.737582	9.287600	0.795956	0.127300	0.817113	0.003200	0.845571	0.000000	0.831606	0.000000	94.210000	58.976900	85.848100	65.330300	0.798821	0.000000	0.686161	0.000000	0.544635	0.000000	0.476109	0.000000	0.446688	0.000000	0.440031	0.000000	17.301800	0.000000	0.000000	0.000000	0.272031	0.000000	1.462420	1.992390	3.104660	2.904640	4.761340	1.928930	0.378390	120.195000	0.000000	0.000000	0.000000	0.607817	0.563332	0.580227	0.807425	0.872572	
    8	66.102300	39.859300	38.996100	37.322700	30.932900	20.900500	35.136900	41.689400	53.549800	52.243900	43.356100	44.429900	45.464000	43.354700	35.421300	35.706900	26.275300	13.908400	35.490200	45.953700	97.343000	93.881100	90.290000	77.876200	22.925400	14.889500	18.520700	26.926000	32.110400	30.010800	33.511500	29.216200	27.408200	44.207900	28.079100	28.202000	27.219800	28.991400	22.073200	9.774070	12.457000	18.790300	10.680700	14.614200	34.573200	29.716500	25.951100	15.733200	80.264100	48.421700	46.554700	45.799000	47.046000	35.571200	51.157600	70.484700	91.124500	86.613200	69.697500	63.789400	60.256200	65.524000	72.250100	74.590700	71.549400	83.614300	99.399400	117.531000	142.804000	150.910000	138.446000	108.997000	73.924900	62.966300	56.619200	61.553500	60.830700	71.849200	79.931800	63.195900	79.847400	71.384500	75.304600	74.237500	71.620100	67.723200	68.205300	75.140000	66.672400	71.079200	78.172200	97.077600	116.056000	127.153000	110.978000	89.317600	0.935037	0.000000	0.861640	0.000000	87.298100	66.845400	66.287400	66.324400	53.463300	52.512000	68.855900	77.333400	73.095300	72.387800	84.596800	77.037900	70.434300	71.062500	69.296900	69.146300	66.284200	59.531200	84.034600	91.310400	0.756933	0.000000	0.695857	0.000000	0.701597	0.000000	50.237400	33.527100	47.391800	67.620200	79.598700	71.065900	63.041300	54.843800	45.627400	43.004700	32.190100	16.265600	36.930200	42.783300	54.489000	72.847800	105.925000	0.703680	0.000000	0.668750	0.000000	0.636558	0.016900	0.586545	0.267400	53.749300	82.308100	82.581800	92.311600	90.259600	81.587600	77.733500	69.208900	66.140200	66.408200	89.477000	81.427900	91.143000	0.581168	0.672000	0.559497	1.104700	0.539420	0.448000	0.565600	0.499700	67.514000	70.603700	63.166400	52.001700	42.342700	49.542300	87.807300	115.704000	123.603000	0.619408	0.283100	0.584884	1.227300	0.585813	0.113300	0.595444	0.041600	0.585199	0.000000	0.551620	0.000000	106.846000	84.249500	81.606700	74.916300	0.514819	0.000000	0.424768	0.000000	0.354458	0.000000	0.320526	0.000000	0.290207	0.000000	0.902813	0.664625	15.787600	1.179430	1.064480	1.380970	1.467510	0.032836	1.576980	1.606820	3.072030	2.433780	5.013510	4.700430	0.358162	0.000000	39.013500	6.008640	0.539517	0.465709	0.607630	0.545261	0.814866	0.798357	
    9	66.102300	39.859300	38.996100	37.322700	30.932900	20.900500	35.136900	41.689400	53.549800	52.243900	43.356100	44.429900	45.464000	43.354700	35.421300	35.706900	26.275300	13.908400	35.490200	45.953700	97.343000	93.881100	90.290000	77.876200	22.925400	14.889500	18.520700	26.926000	32.110400	30.010800	33.511500	29.216200	27.408200	44.207900	28.079100	28.202000	27.219800	28.991400	22.073200	9.774070	12.457000	18.790300	10.680700	14.614200	34.573200	29.716500	25.951100	15.733200	80.264100	48.421700	46.554700	45.799000	47.046000	35.571200	51.157600	70.484700	91.124500	86.613200	69.697500	63.789400	60.256200	65.524000	72.250100	74.590700	71.549400	83.614300	99.399400	117.531000	142.804000	150.910000	138.446000	108.997000	73.924900	62.966300	56.619200	61.553500	60.830700	71.849200	79.931800	63.195900	79.847400	71.384500	75.304600	74.237500	71.620100	67.723200	68.205300	75.140000	66.672400	71.079200	78.172200	97.077600	116.056000	127.153000	110.978000	89.317600	0.935037	0.000000	0.861640	0.000000	87.298100	66.845400	66.287400	66.324400	53.463300	52.512000	68.855900	77.333400	73.095300	72.387800	84.596800	77.037900	70.434300	71.062500	69.296900	69.146300	66.284200	59.531200	84.034600	91.310400	0.756933	0.000000	0.695857	0.000000	0.701597	0.000000	50.237400	33.527100	47.391800	67.620200	79.598700	71.065900	63.041300	54.843800	45.627400	43.004700	32.190100	16.265600	36.930200	42.783300	54.489000	72.847800	105.925000	0.703680	0.000000	0.668750	0.000000	0.636558	0.016900	0.562856	0.586800	72.270200	74.322600	70.350500	80.988400	69.573100	62.164300	62.742200	57.570700	52.403500	54.370700	55.810800	132.622000	154.817000	0.549705	0.178100	0.598911	2.372800	0.675133	1.093500	0.786625	3.162200	75.425900	62.681100	40.641700	49.215300	46.882200	53.291800	77.613800	103.780000	114.710000	0.910165	11.488400	0.972947	0.627800	0.947104	0.214700	0.934123	0.015600	0.896766	0.000000	0.840539	0.000000	135.714000	114.506000	107.808000	73.204100	0.794324	0.000000	0.677136	0.000000	0.534023	0.000000	0.486249	0.000000	0.514315	0.000000	0.629182	0.000000	3.682300	0.208149	0.000000	0.965215	1.103010	2.062000	1.280830	0.990968	2.645580	2.007100	3.249730	0.695159	0.231795	218.554000	0.000000	0.000000	0.720607	0.149832	0.292488	0.426112	0.727650	0.829206	
   10	66.102300	39.859300	38.996100	37.322700	30.932900	20.900500	35.136900	41.689400	53.549800	52.243900	43.356100	44.429900	45.464000	43.354700	35.421300	35.706900	26.275300	13.908400	35.490200	45.953700	97.343000	93.881100	90.290000	77.876200	22.925400	14.889500	18.520700	26.926000	32.110400	30.010800	33.511500	29.216200	27.408200	44.207900	28.079100	28.202000	27.219800	28.991400	22.073200	9.774070	12.457000	18.790300	10.680700	14.614200	34.573200	29.716500	25.951100	15.733200	80.264100	48.421700	46.554700	45.799000	47.046000	35.571200	51.157600	70.484700	91.124500	86.613200	69.697500	63.789400	60.256200	65.524000	72.250100	74.590700	71.549400	83.614300	99.399400	117.531000	142.804000	150.910000	138.446000	108.997000	73.924900	62.966300	56.619200	61.553500	60.830700	71.849200	79.931800	63.195900	79.847400	71.384500	75.304600	74.237500	71.620100	67.723200	68.205300	75.140000	66.672400	71.079200	78.172200	97.077600	116.056000	127.153000	110.978000	89.317600	0.935037	0.000000	0.861640	0.000000	87.298100	66.845400	66.287400	66.324400	53.463300	52.512000	68.855900	77.333400	73.095300	72.387800	84.596800	77.037900	70.434300	71.062500	69.296900	69.146300	66.284200	59.531200	84.034600	91.310400	0.756933	0.000000	0.695857	0.000000	0.701597	0.000000	50.237400	33.527100	47.391800	67.620200	79.598700	71.065900	63.041300	54.843800	45.627400	43.004700	32.190100	16.265600	36.930200	42.783300	54.489000	72.847800	105.925000	0.703680	0.000000	0.668750	0.000000	0.636558	0.016900	0.562856	0.586800	72.270200	74.322600	70.350500	80.988400	69.573100	62.164300	62.742200	57.570700	52.403500	54.370700	55.810800	132.622000	154.817000	0.603073	4.210400	0.579780	6.027700	0.553827	0.518200	0.566469	1.017000	109.924000	102.100000	93.799900	67.732800	98.086200	107.348000	109.703000	140.361000	111.091000	0.606697	2.345900	0.631263	0.152200	0.654606	1.534600	0.665774	0.041600	0.681773	0.000000	0.690754	0.000000	134.073000	102.295000	83.643600	74.742100	0.662180	0.000000	0.587343	0.000000	0.462438	0.000000	0.405548	0.000000	0.421660	0.000000	0.774583	0.000000	8.263020	0.000000	2.022740	0.564772	0.764505	0.300578	1.536850	1.813590	4.062080	2.929620	5.839020	1.441220	0.252387	208.058000	0.000000	0.650949	0.405456	0.538315	0.749397	0.587752	0.771389	0.731288	
;
param Prob0 :=
    1	0.100
    2	0.100
    3	0.100
    4	0.100
    5	0.100
    6	0.100
    7	0.100
    8	0.100
    9	0.100
   10	0.100
;
set c[0,5] := 5 1 2 3 4 6 7 8 9 10;
set c[1,2] := 2 8 9 10;
set c[1,6] := 6;
set c[1,7] := 7 5 4;
set c[1,3] := 3 1;
set c[2,6] := 6;
set c[2,3] := 3 1;
set c[2,4] := 4 7 5;
set c[2,10] := 10 2 8 9;
set c[3,10] := 10 2 8 9;
set c[3,5] := 5 4 7;
set c[3,3] := 3 1;
set c[3,6] := 6;
set c[4,3] := 3 1;
set c[4,6] := 6;
set c[4,7] := 7 5 4;
set c[4,8] := 8 10 2 9;
set c[5,4] := 4 7 5;
set c[5,6] := 6;
set c[5,10] := 10 8 2 9;
set c[5,3] := 3;
set c[5,1] := 1;
set c[6,6] := 6;
set c[6,1] := 1;
set c[6,3] := 3;
set c[6,10] := 10 8 2 9;
set c[6,4] := 4 7 5;
set c[7,3] := 3;
set c[7,2] := 2 10 8 9;
set c[7,1] := 1;
set c[7,5] := 5 4 7;
set c[7,6] := 6;
set c[8,6] := 6;
set c[8,1] := 1;
set c[8,4] := 4 5 7;
set c[8,10] := 10 2 8 9;
set c[8,3] := 3;
set c[9,10] := 10 2 8 9;
set c[9,4] := 4 5 7;
set c[9,1] := 1;
set c[9,3] := 3;
set c[9,6] := 6;
set c[10,6] := 6;
set c[10,1] := 1;
set c[10,3] := 3;
set c[10,4] := 4 5 7;
set c[10,10] := 10 2 8 9;
set c[11,1] := 1;
set c[11,3] := 3;
set c[11,10] := 10 2 8 9;
set c[11,5] := 5 4 7;
set c[11,6] := 6;
set c[12,6] := 6;
set c[12,4] := 4 5 7;
set c[12,3] := 3;
set c[12,10] := 10 2 8 9;
set c[12,1] := 1;
set c[13,4] := 4 5 7;
set c[13,1] := 1;
set c[13,2] := 2 10 8 9;
set c[13,3] := 3;
set c[13,6] := 6;
set c[14,3] := 3;
set c[14,6] := 6;
set c[14,8] := 8 2 10 9;
set c[14,1] := 1;
set c[14,4] := 4;
set c[14,5] := 5;
set c[14,7] := 7;
set c[15,6] := 6;
set c[15,5] := 5;
set c[15,7] := 7;
set c[15,4] := 4;
set c[15,9] := 9 10;
set c[15,2] := 2 8;
set c[15,1] := 1;
set c[15,3] := 3;
set c[16,5] := 5;
set c[16,9] := 9 10;
set c[16,7] := 7;
set c[16,3] := 3;
set c[16,4] := 4;
set c[16,2] := 2 8;
set c[16,1] := 1;
set c[16,6] := 6;
set c[17,1] := 1;
set c[17,9] := 9;
set c[17,10] := 10;
set c[17,3] := 3;
set c[17,6] := 6;
set c[17,4] := 4;
set c[17,7] := 7;
set c[17,2] := 2 8;
set c[17,5] := 5;
set c[18,4] := 4;
set c[18,2] := 2 8;
set c[18,5] := 5;
set c[18,3] := 3;
set c[18,6] := 6;
set c[18,7] := 7;
set c[18,10] := 10;
set c[18,9] := 9;
set c[18,1] := 1;
set c[19,5] := 5;
set c[19,7] := 7;
set c[19,9] := 9;
set c[19,2] := 2 8;
set c[19,1] := 1;
set c[19,10] := 10;
set c[19,6] := 6;
set c[19,3] := 3;
set c[19,4] := 4;
set c[20,7] := 7;
set c[20,2] := 2 8;
set c[20,10] := 10;
set c[20,1] := 1;
set c[20,4] := 4;
set c[20,3] := 3;
set c[20,6] := 6;
set c[20,9] := 9;
set c[20,5] := 5;
set c[21,9] := 9;
set c[21,5] := 5;
set c[21,3] := 3;
set c[21,2] := 2 8;
set c[21,1] := 1;
set c[21,10] := 10;
set c[21,6] := 6;
set c[21,4] := 4;
set c[21,7] := 7;
set c[22,6] := 6;
set c[22,10] := 10;
set c[22,4] := 4;
set c[22,2] := 2 8;
set c[22,5] := 5;
set c[22,3] := 3;
set c[22,7] := 7;
set c[22,1] := 1;
set c[22,9] := 9;
set c[23,3] := 3;
set c[23,1] := 1;
set c[23,10] := 10;
set c[23,9] := 9;
set c[23,7] := 7;
set c[23,4] := 4;
set c[23,2] := 2 8;
set c[23,5] := 5;
set c[23,6] := 6;
set c[24,2] := 2 8;
set c[24,4] := 4;
set c[24,6] := 6;
set c[24,10] := 10;
set c[24,5] := 5;
set c[24,7] := 7;
set c[24,9] := 9;
set c[24,1] := 1;
set c[24,3] := 3;
set c[25,3] := 3;
set c[25,5] := 5;
set c[25,1] := 1;
set c[25,10] := 10;
set c[25,6] := 6;
set c[25,9] := 9;
set c[25,7] := 7;
set c[25,4] := 4;
set c[25,2] := 2 8;
set c[26,5] := 5;
set c[26,9] := 9;
set c[26,2] := 2 8;
set c[26,1] := 1;
set c[26,6] := 6;
set c[26,4] := 4;
set c[26,10] := 10;
set c[26,7] := 7;
set c[26,3] := 3;
set c[27,6] := 6;
set c[27,7] := 7;
set c[27,9] := 9;
set c[27,4] := 4;
set c[27,2] := 2 8;
set c[27,1] := 1;
set c[27,10] := 10;
set c[27,3] := 3;
set c[27,5] := 5;
set c[28,9] := 9;
set c[28,2] := 2 8;
set c[28,1] := 1;
set c[28,7] := 7;
set c[28,3] := 3;
set c[28,10] := 10;
set c[28,5] := 5;
set c[28,4] := 4;
set c[28,6] := 6;
set c[29,7] := 7;
set c[29,1] := 1;
set c[29,2] := 2 8;
set c[29,5] := 5;
set c[29,4] := 4;
set c[29,3] := 3;
set c[29,6] := 6;
set c[29,10] := 10;
set c[29,9] := 9;
set c[30,2] := 2 8;
set c[30,6] := 6;
set c[30,9] := 9;
set c[30,3] := 3;
set c[30,1] := 1;
set c[30,5] := 5;
set c[30,4] := 4;
set c[30,10] := 10;
set c[30,7] := 7;
set c[31,6] := 6;
set c[31,10] := 10;
set c[31,9] := 9;
set c[31,1] := 1;
set c[31,3] := 3;
set c[31,4] := 4;
set c[31,7] := 7;
set c[31,5] := 5;
set c[31,2] := 2 8;
set c[32,4] := 4;
set c[32,5] := 5;
set c[32,3] := 3;
set c[32,7] := 7;
set c[32,9] := 9;
set c[32,1] := 1;
set c[32,10] := 10;
set c[32,2] := 2 8;
set c[32,6] := 6;
set c[33,3] := 3;
set c[33,6] := 6;
set c[33,1] := 1;
set c[33,2] := 2 8;
set c[33,7] := 7;
set c[33,9] := 9;
set c[33,10] := 10;
set c[33,5] := 5;
set c[33,4] := 4;
set c[34,5] := 5;
set c[34,9] := 9;
set c[34,2] := 2;
set c[34,8] := 8;
set c[34,1] := 1;
set c[34,6] := 6;
set c[34,7] := 7;
set c[34,4] := 4;
set c[34,10] := 10;
set c[34,3] := 3;

