#erel:= 0.850;
#emax:= 2454.719;
#q:= 0.000;
#nesce:=     9;
#etime:= 0.039;
#snodes:=   214;
param nS:=    10;
param nSG:=    34;
param nRVSG [*] :=
 1 24    5  2    9  2   13  2   17  2   21  9   25  2   29  2   33  2
 2 24    6  2   10  2   14  2   18  2   22  2   26  2   30  2   34 24
 3 24    7 20   11 17   15  2   19  2   23  2   27  2   31  2
 4 24    8  2   12  2   16 13   20  2   24  2   28  4   32  2
;

param ScenF [*] :=
  1  78.6221       59  71.2451      117  77.1932      175  58.2627
  2 100.285        60  64.9841      118  82.6143      176  48.5879
  3  93.9206       61  61.9102      119  98.059       177  48.0948
  4  87.4579       62  65.9303      120  82.4409      178  71.5131
  5  85.9655       63  62.8385      121   0.166313    179  94.9793
  6  79.6134       64  53.9622      122   0           180 113.745
  7  74.942        65  45.5795      123   0.183308    181  82.4514
  8  62.3806       66  49.0785      124   0           182   0.0842221
  9  57.8538       67  73.0203      125   0.202732    183   0.1973
 10  63.3115       68  96.1853      126   0           184   0.089815
 11  64.8754       69  95.2264      127  69.5306      185   0.1318
 12  56.1453       70  83.7346      128  94.2618      186   0.109272
 13  54.6419       71  82.7653      129  77.9199      187   0.0544
 14  60.6893       72  79.2959      130  52.0523      188   0.106333
 15  60.3391       73  69.87        131  58.7479      189   0
 16  52.1142       74 100.237       132  73.0027      190   0.0785538
 17  46.4348       75  91.4352      133  68.5137      191   0
 18  43.8176       76  89.0592      134  60.3611      192   0.074879
 19  62.4765       77  90.2499      135  62.524       193   0
 20  77.8319       78  89.7774      136  58.22        194 110.64
 21  83.5086       79  82.6497      137  52.2847      195  96.31
 22  72.7237       80  77.0546      138  47.3194      196  79.4318
 23  82.0965       81  80.1821      139  46.9129      197  71.4055
 24  81.3165       82  76.4444      140  60.8845      198   0.0790731
 25  27.644        83  70.8748      141  70.9999      199   0
 26  33.7977       84  68.0215      142  75.033       200   0.0788352
 27  33.3617       85  68.3732      143  52.3936      201   0
 28  36.1521       86  72.4271      144   0.203436    202   0.0928407
 29  41.406        87  71.7562      145   0           203   0
 30  36.8299       88  63.0959      146   0.185512    204   0.128851
 31  38.5197       89  65.1082      147   0           205   0
 32  28.7617       90  68.6149      148   0.162002    206   0.166771
 33  34.1891       91  86.6634      149   0           207   0
 34  47.8216       92 104.381       150   0.123261    208   0
 35  39.414        93 103.724       151   0.0465      209   0
 36  24.5901       94  96.5727      152  50.3015      210   0
 37  33.4889       95  98.1688      153  65.9908      211   0
 38  34.745        96  94.0817      154  67.6471      212   1.99019
 39  35.6938       97   0.109727    155  61.9559      213   2.16823
 40  39.1631       98   0           156  54.6643      214   0.210747
 41  58.4542       99   0.141808    157  53.7232      215   5.86365
 42  49.4218      100   0           158  54.9404      216   0.679934
 43  52.8912      101  61.4407      159  52.5628      217   0.461907
 44  27.2472      102  93.4206      160  44.4128      218   2.59151
 45  24.1354      103  90.2327      161  50.1522      219   1.53012
 46  11.5469      104  83.8764      162  71.272       220   4.61334
 47   3.94306     105  83.1426      163  87.7355      221   3.8692
 48   0           106  81.7471      164  79.9444      222   0.523483
 49  63.4037      107  70.7335      165   0.0976511   223   0
 50  97.4068      108  64.9304      166   0.1038      224   0
 51  90.3095      109  70.8788      167   0.0962196   225   9.35875
 52  86.8454      110  86.0012      168   0.153       226   0.719662
 53  82.0922      111  91.8434      169   0.0957439   227   0.267026
 54  81.1656      112  85.5122      170   0.2019      228   0.323297
 55  73.5832      113  81.4008      171   0.0875069   229   0.327419
 56  66.9401      114  90.8246      172   0.219       230   0.405536
 57  83.5048      115  89.4689      173  54.0268      231   0.617742
 58  85.9283      116  81.7931      174  58.4078
;

param ScenO [*] :=
  1 102.07        59  83.21       117  48.49       175  35.01
  2  86.31        60  76.02       118  59.1        176  42
  3  82.33        61  58.1        119  75          177  48.51
  4  78.77        62  52.99       120  83.99       178  62.55
  5  70           63  48          121   0.117      179  82.67
  6  62.06        64  43.68       122   0          180  81.3
  7  59.01        65  47          123   0.135      181  77
  8  76.02        66  54.79       124   0          182   0.42
  9  79.39        67  75          125   0.15       183   0.559
 10  86.31        68  84          126   0          184   0.407
 11  88.21        69  81.5        127 108.07       185   0.416
 12  76.02        70  80          128  50.14       186   0.401
 13  58.1         71  75          129  50.14       187   0.193
 14  52.99        72  59          130  50.14       188   0.459
 15  48           73 102.3        131  64.96       189   0.002
 16  42.04        74  82.35       132  73.36       190   0.513
 17  46.49        75  75          133  74.97       191   0
 18  54.1         76  78.77       134  66.42       192   0.517
 19  75           77  71.5        135  50.14       193   0
 20  84           78  62.06       136  52.38       194  74
 21  81.5         79  58.92       137  46          195  60
 22  80           80  72.02       138  44          196  70.4
 23  75           81  68.32       139  46.5        197  43
 24  56.85        82  72.32       140  58          198   0.476
 25  17.8         83  74.32       141  75          199   0
 26  17           84  70.72       142  84          200   0.437
 27  17.44        85  61.4        143  81.5        201   0
 28  20.12        86  57          144   0.161      202   0.436
 29  25.24        87  52.8        145   0          203   0
 30  28.76        88  49.44       146   0.163      204   0.437
 31  30.04        89  56.48       147   0          205   0
 32  21.88        90  68.53       148   0.157      206   0.412
 33  15.84        91  74.06       149   0.018      207   0
 34  13.96        92  84          150   0.14       208   0.667777
 35  14.48        93  81.5        151   0.204      209   0.660989
 36  55           94  80          152  44.59       210   0.591522
 37  63.08        95  75          153  41.66       211   0.787863
 38  54.96        96  60.3        154  51.39       212   1.5
 39  49.04        97   0.095      155  51          213   1.51515
 40  56.48        98   0          156  43.96       214   1.62667
 41  60           99   0.101      157  49.81       215   0.544462
 42  75.2        100   0          158  43.7        216   0.88588
 43  43.04       101 100          159  45.03       217   0.629939
 44  15.6        102  84.7        160  49.07       218   0.540868
 45  16          103  65.86       161  59.51       219   0.357537
 46  17.28       104  53.06       162  75          220   0.693287
 47  21.88       105  70          163  84          221   0.138705
 48  49.2        106  59          164  81.5        222   0.131042
 49 102.07       107  54.31       165   0.177      223  -1.49738
 50  82.35       108  58.35       166   0.426      224   0.615401
 51  78.98       109  66.32       167   0.231      225   0.627172
 52  77.82       110  76          168   0.582      226   0.5008
 53  70          111  74.22       169   0.3        227   0.51869
 54  62.06       112  67.42       170   0.641      228   1.16123
 55  59.01       113  54.31       171   0.379      229   0.68175
 56  75.53       114  52.99       172   0.632      230   0.988133
 57  77.78       115  48.51       173  43          231   0.811609
 58  80.02       116  44.04       174  44.28
;

param Scen0 (tr)
 :    1	    2	    3	    4	    5	    6	    7	    8	    9	   10	   11	   12	   13	   14	   15	   16	   17	   18	   19	   20	   21	   22	   23	   24	   25	   26	   27	   28	   29	   30	   31	   32	   33	   34	   35	   36	   37	   38	   39	   40	   41	   42	   43	   44	   45	   46	   47	   48	   49	   50	   51	   52	   53	   54	   55	   56	   57	   58	   59	   60	   61	   62	   63	   64	   65	   66	   67	   68	   69	   70	   71	   72	   73	   74	   75	   76	   77	   78	   79	   80	   81	   82	   83	   84	   85	   86	   87	   88	   89	   90	   91	   92	   93	   94	   95	   96	   97	   98	   99	  100	  101	  102	  103	  104	  105	  106	  107	  108	  109	  110	  111	  112	  113	  114	  115	  116	  117	  118	  119	  120	  121	  122	  123	  124	  125	  126	  127	  128	  129	  130	  131	  132	  133	  134	  135	  136	  137	  138	  139	  140	  141	  142	  143	  144	  145	  146	  147	  148	  149	  150	  151	  152	  153	  154	  155	  156	  157	  158	  159	  160	  161	  162	  163	  164	  165	  166	  167	  168	  169	  170	  171	  172	  173	  174	  175	  176	  177	  178	  179	  180	  181	  182	  183	  184	  185	  186	  187	  188	  189	  190	  191	  192	  193	  194	  195	  196	  197	  198	  199	  200	  201	  202	  203	  204	  205	  206	  207	  208	  209	  210	  211	  212	  213	  214	  215	  216	  217	  218	  219	  220	  221	  222	  223	  224	  225	  226	  227	  228	  229	  230	  231	:=
    1	116.165000	98.694700	91.464100	89.008200	88.246400	71.501800	75.191900	67.547300	55.023200	55.555500	60.775300	56.698100	59.770000	65.400000	55.807600	52.572400	46.486100	36.565700	61.775500	63.657900	83.496800	72.337000	90.894400	81.829600	25.802900	31.853700	32.910600	36.266600	40.476800	36.112900	37.690700	34.346600	34.672000	57.989600	39.394500	38.875900	52.346700	46.080000	50.604200	37.921400	65.894800	76.373800	70.919400	45.087300	33.253000	14.807400	3.700480	19.869000	83.741400	85.126900	85.980100	78.701400	72.268300	92.387800	76.750600	71.020700	83.449000	87.044300	83.207500	67.486100	59.726400	68.714300	60.147600	39.329500	30.810100	41.471900	56.132400	70.146900	69.285500	65.409400	74.204100	68.193700	100.342000	112.101000	100.920000	101.181000	99.394700	93.903500	82.118900	84.236600	93.224400	91.438700	76.778400	62.507800	64.706100	68.917600	69.020200	57.747800	63.690000	70.534000	85.586100	97.353000	79.822900	72.394500	86.574200	82.162700	0.116756	0.000000	0.170640	0.000000	88.689400	89.711100	84.479000	73.462700	75.876700	72.308200	79.885100	79.011500	55.658900	40.216000	69.216200	65.408300	58.985100	69.020300	73.162700	62.940200	47.125100	79.923100	88.304800	82.956200	0.217244	0.000000	0.216747	0.000000	0.222991	0.000000	76.868700	94.054600	72.995800	44.176300	43.147200	58.916300	60.720200	58.102500	61.819800	62.367200	54.829300	34.129600	34.640300	46.066900	59.096500	61.951100	65.291800	0.197835	0.000000	0.169158	0.000000	0.137116	0.000100	0.119034	0.040900	63.815300	66.657000	54.286300	62.519500	72.290900	38.969500	46.415300	39.660500	28.534000	45.927600	68.147900	79.840000	86.316600	0.075993	0.071500	0.000000	0.101600	0.000000	0.078100	0.000000	0.594700	79.482700	63.890700	62.059900	52.320100	52.169600	61.280100	79.179600	84.495900	82.844900	0.000000	0.418400	0.000000	0.452500	0.000000	0.651500	0.000000	0.000000	0.043420	0.000000	0.005883	0.000000	87.013200	92.138800	71.633300	72.333200	0.028082	0.000000	0.073585	0.000000	0.015286	0.000000	0.115547	0.000000	0.224524	0.000000	0.510915	0.000000	8.892720	0.000000	3.099790	0.000000	0.398375	5.021640	0.625899	0.000000	4.410560	2.016920	6.048040	0.095659	0.220969	152.003000	0.000000	0.000000	3.630740	0.935887	0.570985	0.329098	0.484626	0.421378	
    2	116.165000	98.694700	91.464100	89.008200	88.246400	71.501800	75.191900	67.547300	55.023200	55.555500	60.775300	56.698100	59.770000	65.400000	55.807600	52.572400	46.486100	36.565700	61.775500	63.657900	83.496800	72.337000	90.894400	81.829600	25.802900	31.853700	32.910600	36.266600	40.476800	36.112900	37.690700	34.346600	34.672000	57.989600	39.394500	38.875900	52.346700	46.080000	50.604200	37.921400	65.894800	76.373800	70.919400	45.087300	33.253000	14.807400	3.700480	19.869000	83.741400	85.126900	85.980100	78.701400	72.268300	92.387800	76.750600	71.020700	83.449000	87.044300	83.207500	67.486100	59.726400	68.714300	60.147600	39.329500	30.810100	41.471900	56.132400	70.146900	69.285500	65.409400	74.204100	68.193700	100.342000	112.101000	100.920000	101.181000	99.394700	93.903500	82.118900	84.236600	93.224400	91.438700	76.778400	62.507800	64.706100	68.917600	69.020200	57.747800	63.690000	70.534000	85.586100	97.353000	79.822900	72.394500	86.574200	82.162700	0.116756	0.000000	0.170640	0.000000	88.689400	89.711100	84.479000	73.462700	75.876700	72.308200	79.885100	79.011500	55.658900	40.216000	69.216200	65.408300	58.985100	69.020300	73.162700	62.940200	47.125100	79.923100	88.304800	82.956200	0.217244	0.000000	0.216747	0.000000	0.222991	0.000000	76.868700	94.054600	72.995800	44.176300	43.147200	58.916300	60.720200	58.102500	61.819800	62.367200	54.829300	34.129600	34.640300	46.066900	59.096500	61.951100	65.291800	0.197835	0.000000	0.169158	0.000000	0.137116	0.000100	0.119034	0.040900	63.815300	66.657000	54.286300	62.519500	72.290900	38.969500	46.415300	39.660500	28.534000	45.927600	68.147900	79.840000	86.316600	0.075993	0.071500	0.131348	0.053300	0.110603	0.276300	0.084481	0.985800	46.885500	49.485300	42.454600	28.032700	17.720000	25.446300	67.119500	99.447900	112.301000	0.057609	0.086400	0.000000	0.056600	0.008317	0.066500	0.021158	0.000000	0.009979	0.000000	0.014296	0.000000	92.558100	81.987300	79.339800	75.725000	0.000000	0.000000	0.000000	0.000000	0.000000	0.000000	0.001014	0.000000	0.032967	0.000000	0.580396	0.000000	23.909100	0.000000	0.412971	0.000000	0.133305	2.501060	0.629505	0.698122	3.596520	2.880000	5.643330	2.737500	2.536590	204.649000	0.000000	9.972830	1.718390	0.977832	0.833886	0.497916	0.607346	0.479366	
    3	116.165000	98.694700	91.464100	89.008200	88.246400	71.501800	75.191900	67.547300	55.023200	55.555500	60.775300	56.698100	59.770000	65.400000	55.807600	52.572400	46.486100	36.565700	61.775500	63.657900	83.496800	72.337000	90.894400	81.829600	25.802900	31.853700	32.910600	36.266600	40.476800	36.112900	37.690700	34.346600	34.672000	57.989600	39.394500	38.875900	52.346700	46.080000	50.604200	37.921400	65.894800	76.373800	70.919400	45.087300	33.253000	14.807400	3.700480	19.869000	83.741400	85.126900	85.980100	78.701400	72.268300	92.387800	76.750600	71.020700	83.449000	87.044300	83.207500	67.486100	59.726400	68.714300	60.147600	39.329500	30.810100	41.471900	56.132400	70.146900	69.285500	65.409400	74.204100	68.193700	88.849400	89.306200	87.740200	79.058600	79.836400	96.777400	89.645500	86.301300	92.308900	94.322000	89.567400	74.557300	68.823100	75.877900	75.351300	59.085000	61.428000	70.076000	87.831200	93.546200	91.935100	92.591900	97.846900	94.349700	0.149471	0.000000	0.268082	0.000000	70.484300	81.766400	86.514100	70.099600	67.358700	90.898500	85.014300	82.295800	88.563500	102.287000	106.587000	96.659800	85.884200	88.058800	88.378000	75.483600	68.382900	77.563500	100.496000	97.366300	0.381518	0.000000	0.451708	0.000000	0.546726	0.000000	80.611100	72.776400	58.887600	48.162200	47.767800	78.956000	72.929800	56.446000	54.869800	55.921300	47.130700	44.693300	49.502600	74.563900	81.550600	78.563600	88.665800	0.028700	0.000000	0.000000	0.000000	0.000000	0.000000	0.000000	0.034000	65.777600	60.214400	24.626100	42.400700	45.297700	52.982400	57.928600	55.510400	41.315900	27.833200	48.616500	74.004900	77.284200	0.000000	0.035600	0.000000	0.038200	0.000000	0.192900	0.000000	0.749300	50.086500	46.605300	44.050700	40.620300	57.389300	77.924300	102.128000	88.510000	120.873000	0.000000	0.074200	0.000000	0.119700	0.000000	0.051300	0.018071	0.000000	0.011905	0.000000	0.015217	0.000000	119.033000	103.016000	96.851700	72.005200	0.022228	0.000000	0.025825	0.000000	0.043377	0.000000	0.072631	0.000000	0.125603	0.000000	0.000000	0.000000	0.000000	0.000000	0.000000	0.099488	0.665573	4.975870	0.570592	0.388953	3.050100	1.777220	3.976250	0.611958	1.037840	156.561000	0.000000	4.177980	0.718467	0.567798	0.459684	0.122577	0.213897	0.095458	
    4	116.165000	98.694700	91.464100	89.008200	88.246400	71.501800	75.191900	67.547300	55.023200	55.555500	60.775300	56.698100	59.770000	65.400000	55.807600	52.572400	46.486100	36.565700	61.775500	63.657900	83.496800	72.337000	90.894400	81.829600	25.802900	31.853700	32.910600	36.266600	40.476800	36.112900	37.690700	34.346600	34.672000	57.989600	39.394500	38.875900	52.346700	46.080000	50.604200	37.921400	65.894800	76.373800	70.919400	45.087300	33.253000	14.807400	3.700480	19.869000	83.741400	85.126900	85.980100	78.701400	72.268300	92.387800	76.750600	71.020700	83.449000	87.044300	83.207500	67.486100	59.726400	68.714300	60.147600	39.329500	30.810100	41.471900	56.132400	70.146900	69.285500	65.409400	74.204100	68.193700	100.342000	112.101000	100.920000	101.181000	99.394700	93.903500	82.118900	84.236600	93.224400	91.438700	76.778400	62.507800	64.706100	68.917600	69.020200	57.747800	63.690000	70.534000	85.586100	97.353000	79.822900	72.394500	86.574200	82.162700	0.116756	0.000000	0.170640	0.000000	88.689400	89.711100	84.479000	73.462700	75.876700	72.308200	79.885100	79.011500	55.658900	40.216000	69.216200	65.408300	58.985100	69.020300	73.162700	62.940200	47.125100	79.923100	88.304800	82.956200	0.217244	0.000000	0.216747	0.000000	0.222991	0.000000	76.868700	94.054600	72.995800	44.176300	43.147200	58.916300	60.720200	58.102500	61.819800	62.367200	54.829300	34.129600	34.640300	46.066900	59.096500	61.951100	65.291800	0.197835	0.000000	0.169158	0.000000	0.137116	0.000100	0.119034	0.040900	63.815300	66.657000	54.286300	62.519500	72.290900	38.969500	46.415300	39.660500	28.534000	45.927600	68.147900	79.840000	86.316600	0.075993	0.071500	0.009816	0.124900	0.009940	0.141700	0.000000	0.201200	63.349600	68.401800	68.686000	54.191800	56.474400	64.398000	96.103100	104.678000	111.590000	0.000000	0.039400	0.000000	0.051600	0.000000	0.137900	0.000000	0.000000	0.000000	0.000000	0.000000	0.000000	123.179000	70.539800	63.831200	59.840400	0.001753	0.000000	0.013063	0.000000	0.045603	0.000000	0.101185	0.000000	0.148113	0.000000	0.276422	0.319304	0.000000	1.020590	2.566480	0.000000	0.915573	7.694610	0.769734	0.000000	1.892610	1.367200	4.188660	1.505250	2.241220	191.719000	0.000000	4.917550	1.594070	0.682473	0.609886	0.303103	0.414354	0.398310	
    5	116.165000	98.694700	91.464100	89.008200	88.246400	71.501800	75.191900	67.547300	55.023200	55.555500	60.775300	56.698100	59.770000	65.400000	55.807600	52.572400	46.486100	36.565700	61.775500	63.657900	83.496800	72.337000	90.894400	81.829600	25.802900	31.853700	32.910600	36.266600	40.476800	36.112900	37.690700	34.346600	34.672000	57.989600	39.394500	38.875900	52.346700	46.080000	50.604200	37.921400	65.894800	76.373800	70.919400	45.087300	33.253000	14.807400	3.700480	19.869000	83.741400	85.126900	85.980100	78.701400	72.268300	92.387800	76.750600	71.020700	83.449000	87.044300	83.207500	67.486100	59.726400	68.714300	60.147600	39.329500	30.810100	41.471900	56.132400	70.146900	69.285500	65.409400	74.204100	68.193700	100.342000	112.101000	100.920000	101.181000	99.394700	93.903500	82.118900	84.236600	93.224400	91.438700	76.778400	62.507800	64.706100	68.917600	69.020200	57.747800	63.690000	70.534000	85.586100	97.353000	79.822900	72.394500	86.574200	82.162700	0.116756	0.000000	0.170640	0.000000	88.689400	89.711100	84.479000	73.462700	75.876700	72.308200	79.885100	79.011500	55.658900	40.216000	69.216200	65.408300	58.985100	69.020300	73.162700	62.940200	47.125100	79.923100	88.304800	82.956200	0.217244	0.000000	0.216747	0.000000	0.222991	0.000000	76.868700	94.054600	72.995800	44.176300	43.147200	58.916300	60.720200	58.102500	61.819800	62.367200	54.829300	34.129600	34.640300	46.066900	59.096500	61.951100	65.291800	0.197835	0.000000	0.169158	0.000000	0.137116	0.000100	0.119034	0.040900	63.815300	66.657000	54.286300	62.519500	72.290900	38.969500	46.415300	39.660500	28.534000	45.927600	68.147900	79.840000	86.316600	0.075993	0.071500	0.082004	0.800300	0.132289	0.049000	0.138739	0.078800	57.004600	62.117400	57.978400	36.217700	59.406500	80.014400	88.933100	97.635200	74.471700	0.157041	0.197400	0.175414	0.133100	0.181483	0.009500	0.147132	0.000000	0.076449	0.000000	0.056265	0.000000	91.590500	75.302400	60.581000	60.504500	0.067408	0.000000	0.055467	0.000000	0.047156	0.000000	0.068351	0.000000	0.115461	0.000000	0.351992	0.000000	4.164100	0.000000	3.711470	1.674780	0.734911	5.599830	0.113192	0.000000	1.765600	0.858424	2.819250	1.186290	2.325290	231.093000	0.000000	4.703540	1.587690	0.734289	0.931076	0.474430	0.612003	0.476228	
    6	116.165000	98.694700	91.464100	89.008200	88.246400	71.501800	75.191900	67.547300	55.023200	55.555500	60.775300	56.698100	59.770000	65.400000	55.807600	52.572400	46.486100	36.565700	61.775500	63.657900	83.496800	72.337000	90.894400	81.829600	25.802900	31.853700	32.910600	36.266600	40.476800	36.112900	37.690700	34.346600	34.672000	57.989600	39.394500	38.875900	52.346700	46.080000	50.604200	37.921400	65.894800	76.373800	70.919400	45.087300	33.253000	14.807400	3.700480	19.869000	83.741400	85.126900	85.980100	78.701400	72.268300	92.387800	76.750600	71.020700	83.449000	87.044300	83.207500	67.486100	59.726400	68.714300	60.147600	39.329500	30.810100	41.471900	56.132400	70.146900	69.285500	65.409400	74.204100	68.193700	100.342000	112.101000	100.920000	101.181000	99.394700	93.903500	82.118900	84.236600	93.224400	91.438700	76.778400	62.507800	64.706100	68.917600	69.020200	57.747800	63.690000	70.534000	85.586100	97.353000	79.822900	72.394500	86.574200	82.162700	0.116756	0.000000	0.170640	0.000000	88.689400	89.711100	84.479000	73.462700	75.876700	72.308200	79.885100	79.011500	55.658900	40.216000	69.216200	65.408300	58.985100	69.020300	73.162700	62.940200	47.125100	79.923100	88.304800	82.956200	0.217244	0.000000	0.216747	0.000000	0.222991	0.000000	76.868700	94.054600	72.995800	44.176300	43.147200	58.916300	60.720200	58.102500	61.819800	62.367200	54.829300	34.129600	34.640300	46.066900	59.096500	61.951100	65.291800	0.197835	0.000000	0.169158	0.000000	0.137116	0.000100	0.119034	0.040900	63.815300	66.657000	54.286300	62.519500	72.290900	38.969500	46.415300	39.660500	28.534000	45.927600	68.147900	79.840000	86.316600	0.075993	0.071500	0.131348	0.053300	0.110603	0.276300	0.084481	0.985800	46.885500	49.485300	42.454600	28.032700	17.720000	25.446300	67.119500	99.447900	112.301000	0.187964	1.157200	0.173916	0.179400	0.154504	0.224200	0.116726	0.000000	0.055874	0.000000	0.040899	0.000000	124.780000	116.439000	106.905000	58.124300	0.061376	0.000000	0.087928	0.000000	0.126304	0.000000	0.168673	0.000000	0.211062	0.000000	0.420832	0.000000	0.000000	0.000000	1.899300	0.227350	0.982358	7.209280	0.840487	0.560906	2.894830	1.026310	4.507280	1.956020	0.524301	124.683000	0.000000	6.322630	0.669184	0.426651	0.203779	0.491358	0.476848	0.303104	
    7	123.808000	105.385000	99.850400	95.568800	99.149000	91.704500	78.173000	64.049500	58.620500	57.960800	71.329600	53.960100	57.519600	63.356300	61.700400	52.225900	46.200400	35.149300	68.964100	74.664000	92.772000	75.041100	81.650900	82.602600	33.290100	50.976600	34.638200	30.825200	36.945200	41.573000	41.791600	40.636700	42.596700	50.370100	34.113100	32.710300	22.503500	26.685600	30.434200	31.095700	52.252200	50.734900	41.027200	19.885800	19.232100	16.165200	10.304100	2.566210	101.324000	84.210100	78.103400	77.631300	74.842800	68.997300	70.163500	64.595400	78.146900	87.509500	75.777500	67.255700	61.876000	63.426800	62.353400	57.774700	53.755300	54.083000	80.401700	108.697000	105.277000	98.917100	95.378600	83.354800	105.651000	103.976000	92.456400	95.478500	94.335700	99.495600	95.122200	78.034800	79.149600	78.807000	69.700600	64.461800	65.249500	67.459400	68.854700	64.325800	67.432000	69.395500	94.490300	119.103000	114.471000	108.849000	104.972000	91.985900	0.094508	0.000000	0.115274	0.000000	82.102100	83.440500	83.518500	81.946900	71.870200	78.726400	88.029200	95.729900	101.578000	104.718000	120.500000	115.697000	112.942000	120.548000	123.452000	122.277000	114.139000	106.512000	131.989000	133.419000	0.127472	0.000000	0.131348	0.000000	0.138146	0.000000	110.476000	95.994300	82.950700	64.815600	76.881900	87.960100	62.824100	70.163900	72.319100	74.183100	64.188800	28.923000	33.439600	49.693900	39.542900	39.270000	38.894900	0.132503	0.000000	0.108341	0.000000	0.024142	0.000100	0.000000	0.114600	104.425000	100.914000	42.641800	64.538300	24.928400	23.467800	9.899140	0.000000	0.000000	6.247040	18.784200	43.735800	72.721100	0.000000	0.309800	0.000000	0.754100	0.000000	0.573200	0.000000	0.139700	70.006400	73.900400	76.813000	37.712800	36.137700	46.017300	68.266600	81.382400	86.744300	0.000000	0.087200	0.000000	0.028100	0.000000	0.014400	0.000000	0.000000	0.000000	0.000000	0.000000	0.000000	98.845000	93.290900	77.749600	59.151700	0.000000	0.000000	0.000000	0.000000	0.000000	0.000000	0.000000	0.000000	0.069862	0.000000	0.646358	0.227488	11.816700	1.131660	2.444240	1.609720	1.126220	10.363500	0.926965	0.073852	3.433260	2.301240	5.234330	1.181040	1.443290	223.337000	0.000000	1.520520	1.399140	0.680532	0.708989	0.291246	0.260274	0.244805	
    8	123.808000	105.385000	99.850400	95.568800	99.149000	91.704500	78.173000	64.049500	58.620500	57.960800	71.329600	53.960100	57.519600	63.356300	61.700400	52.225900	46.200400	35.149300	68.964100	74.664000	92.772000	75.041100	81.650900	82.602600	33.290100	50.976600	34.638200	30.825200	36.945200	41.573000	41.791600	40.636700	42.596700	50.370100	34.113100	32.710300	22.503500	26.685600	30.434200	31.095700	52.252200	50.734900	41.027200	19.885800	19.232100	16.165200	10.304100	2.566210	101.324000	84.210100	78.103400	77.631300	74.842800	68.997300	70.163500	64.595400	78.146900	87.509500	75.777500	67.255700	61.876000	63.426800	62.353400	57.774700	53.755300	54.083000	80.401700	108.697000	105.277000	98.917100	95.378600	83.354800	105.651000	103.976000	92.456400	95.478500	94.335700	99.495600	95.122200	78.034800	79.149600	78.807000	69.700600	64.461800	65.249500	67.459400	68.854700	64.325800	67.432000	69.395500	94.490300	119.103000	114.471000	108.849000	104.972000	91.985900	0.094508	0.000000	0.115274	0.000000	82.102100	83.440500	83.518500	81.946900	71.870200	78.726400	88.029200	95.729900	101.578000	104.718000	120.500000	115.697000	112.942000	120.548000	123.452000	122.277000	114.139000	106.512000	131.989000	133.419000	0.127472	0.000000	0.131348	0.000000	0.138146	0.000000	110.476000	95.994300	82.950700	64.815600	76.881900	87.960100	62.824100	70.163900	72.319100	74.183100	64.188800	28.923000	33.439600	49.693900	39.542900	39.270000	38.894900	0.132503	0.000000	0.108341	0.000000	0.024142	0.000100	0.000000	0.114600	104.425000	100.914000	42.641800	64.538300	24.928400	23.467800	9.899140	0.000000	0.000000	6.247040	18.784200	43.735800	72.721100	0.000000	0.309800	0.000000	0.754100	0.000000	0.573200	0.000000	0.139700	70.006400	73.900400	76.813000	37.712800	36.137700	46.017300	68.266600	81.382400	86.744300	0.000000	0.087200	0.000000	0.028100	0.000000	0.014400	0.000000	0.000000	0.000000	0.000000	0.000000	0.000000	98.845000	93.290900	77.749600	59.151700	0.000000	0.000000	0.000000	0.000000	0.000000	0.000000	0.000000	0.000000	0.069862	0.000000	0.646358	0.227488	11.816700	1.131660	2.444240	1.609720	1.126220	10.363500	0.926965	0.073852	3.433260	2.301240	5.234330	1.181040	1.443290	223.337000	0.000000	1.520520	1.399140	0.680532	0.708989	0.291246	0.260274	0.244805	
    9	116.165000	98.694700	91.464100	89.008200	88.246400	71.501800	75.191900	67.547300	55.023200	55.555500	60.775300	56.698100	59.770000	65.400000	55.807600	52.572400	46.486100	36.565700	61.775500	63.657900	83.496800	72.337000	90.894400	81.829600	25.802900	31.853700	32.910600	36.266600	40.476800	36.112900	37.690700	34.346600	34.672000	57.989600	39.394500	38.875900	52.346700	46.080000	50.604200	37.921400	65.894800	76.373800	70.919400	45.087300	33.253000	14.807400	3.700480	19.869000	83.741400	85.126900	85.980100	78.701400	72.268300	92.387800	76.750600	71.020700	83.449000	87.044300	83.207500	67.486100	59.726400	68.714300	60.147600	39.329500	30.810100	41.471900	56.132400	70.146900	69.285500	65.409400	74.204100	68.193700	88.849400	89.306200	87.740200	79.058600	79.836400	96.777400	89.645500	86.301300	92.308900	94.322000	89.567400	74.557300	68.823100	75.877900	75.351300	59.085000	61.428000	70.076000	87.831200	93.546200	91.935100	92.591900	97.846900	94.349700	0.149471	0.000000	0.268082	0.000000	70.484300	81.766400	86.514100	70.099600	67.358700	90.898500	85.014300	82.295800	88.563500	102.287000	106.587000	96.659800	85.884200	88.058800	88.378000	75.483600	68.382900	77.563500	100.496000	97.366300	0.381518	0.000000	0.451708	0.000000	0.546726	0.000000	80.611100	72.776400	58.887600	48.162200	47.767800	78.956000	72.929800	56.446000	54.869800	55.921300	47.130700	44.693300	49.502600	74.563900	81.550600	78.563600	88.665800	0.028700	0.000000	0.000000	0.000000	0.000000	0.000000	0.000000	0.034000	47.249500	38.056600	40.793200	50.284300	41.110900	37.916200	41.569700	36.110600	26.262200	28.413000	38.063300	103.392000	102.366000	0.080221	0.028800	0.078006	0.081600	0.076196	0.611400	0.072307	0.014800	54.438700	41.063200	39.403900	35.096400	50.411200	64.378400	74.464000	75.937400	74.146300	0.079195	0.063400	0.111508	0.009700	0.151123	0.003400	0.159033	0.000000	0.108201	0.000000	0.095035	0.000000	128.653000	114.740000	106.600000	66.929200	0.041821	0.000000	0.000000	0.000000	0.000000	0.000000	0.022887	0.000000	0.068466	0.000000	0.390715	0.000000	1.103390	0.125397	1.280770	1.345430	0.726348	5.168340	0.725635	0.700878	4.809600	3.702340	7.062440	1.408360	0.170356	134.157000	0.000000	1.116880	0.309619	0.634981	0.530042	0.295311	0.439323	0.402517	
   10	123.808000	105.385000	99.850400	95.568800	99.149000	91.704500	78.173000	64.049500	58.620500	57.960800	71.329600	53.960100	57.519600	63.356300	61.700400	52.225900	46.200400	35.149300	68.964100	74.664000	92.772000	75.041100	81.650900	82.602600	33.290100	50.976600	34.638200	30.825200	36.945200	41.573000	41.791600	40.636700	42.596700	50.370100	34.113100	32.710300	22.503500	26.685600	30.434200	31.095700	52.252200	50.734900	41.027200	19.885800	19.232100	16.165200	10.304100	2.566210	117.312000	99.656100	92.684400	90.821800	85.124000	84.506300	82.679300	83.302200	103.346000	105.484000	90.102900	90.215300	89.552600	94.737800	92.301100	84.265800	75.946400	78.714800	98.632900	116.510000	114.384000	106.968000	105.876000	101.525000	112.708000	89.922900	80.215300	79.386000	80.009300	79.670000	74.875300	76.192700	80.961700	75.124800	70.366500	70.863000	74.308700	80.660900	81.526800	75.148100	73.425100	77.158600	87.974800	98.287200	94.564000	100.839000	109.974000	96.262200	0.108631	0.000000	0.154456	0.000000	113.329000	81.251000	77.493400	69.415400	67.431600	58.460400	53.442900	56.852700	70.300900	80.680500	86.678600	77.008900	67.532200	75.409300	76.051300	70.427600	69.070400	81.993400	93.268600	87.120100	0.188320	0.000000	0.191636	0.000000	0.231523	0.000000	103.791000	81.973400	69.077500	56.154900	58.682900	78.728100	68.445500	59.510100	56.843200	54.142600	40.385700	27.254400	40.192600	49.766900	60.806100	76.463400	73.110800	0.266412	0.000000	0.307870	0.000000	0.350830	0.000000	0.376866	0.037500	51.837200	40.514700	7.244800	0.000000	11.902800	9.990520	9.549970	71.897600	63.557000	71.315400	89.657600	110.364000	110.590000	0.405708	0.144200	0.396621	0.047400	0.354902	0.081300	0.303109	0.277000	88.716700	80.110000	71.951300	42.764400	74.928700	82.766700	90.021800	126.305000	103.121000	0.264469	0.030300	0.264506	0.012300	0.270514	0.171900	0.217475	0.000000	0.123431	0.000000	0.110663	0.000000	120.685000	101.812000	81.029800	114.891000	0.094607	0.000000	0.067818	0.000000	0.094581	0.000000	0.131341	0.000000	0.162328	0.000000	0.541765	0.000000	0.000000	0.000000	1.439600	0.308762	1.622130	5.701640	0.677704	0.153562	2.546230	1.535380	4.859890	4.587430	0.749435	0.000000	0.000000	8.720230	1.217760	0.519697	0.603579	0.325455	0.516168	0.403323	
;
param Prob0 :=
    1	0.100
    2	0.100
    3	0.100
    4	0.100
    5	0.100
    6	0.100
    7	0.000
    8	0.200
    9	0.100
   10	0.100
;
set c[0,5] := 5 1 2 3 4 6 7 8 9 10;
set c[1,2] := 2 5 1 3 4 6 9;
set c[1,7] := 7 8 10;
set c[2,10] := 10 7 8;
set c[2,4] := 4 2 5 1 3 6 9;
set c[3,3] := 3 4 2 5 1 6 9;
set c[3,8] := 8 7;
set c[3,10] := 10;
set c[4,10] := 10;
set c[4,8] := 8 7;
set c[4,5] := 5 4 2 1 6;
set c[4,3] := 3 9;
set c[5,1] := 1 5 4 2 6;
set c[5,8] := 8 7;
set c[5,3] := 3 9;
set c[5,10] := 10;
set c[6,10] := 10;
set c[6,8] := 8 7;
set c[6,3] := 3 9;
set c[6,2] := 2 1 5 4 6;
set c[7,3] := 3 9;
set c[7,8] := 8 7;
set c[7,1] := 1 2 5 4 6;
set c[7,10] := 10;
set c[8,1] := 1 2 5 4 6;
set c[8,8] := 8 7;
set c[8,10] := 10;
set c[8,3] := 3 9;
set c[9,8] := 8 7;
set c[9,10] := 10;
set c[9,3] := 3 9;
set c[9,2] := 2 1 5 4 6;
set c[10,3] := 3 9;
set c[10,2] := 2 1 5 4 6;
set c[10,10] := 10;
set c[10,8] := 8 7;
set c[11,10] := 10;
set c[11,4] := 4 2 1 5 6;
set c[11,8] := 8 7;
set c[11,3] := 3 9;
set c[12,8] := 8 7;
set c[12,3] := 3 9;
set c[12,6] := 6 4 2 1 5;
set c[12,10] := 10;
set c[13,3] := 3 9;
set c[13,2] := 2 6 4 1 5;
set c[13,10] := 10;
set c[13,8] := 8 7;
set c[14,8] := 8 7;
set c[14,10] := 10;
set c[14,5] := 5 2 6 4 1;
set c[14,3] := 3 9;
set c[15,3] := 3 9;
set c[15,10] := 10;
set c[15,4] := 4 5 2 6 1;
set c[15,8] := 8 7;
set c[16,10] := 10;
set c[16,8] := 8 7;
set c[16,5] := 5 4 2 6 1;
set c[16,3] := 3;
set c[16,9] := 9;
set c[17,5] := 5 4 2 6 1;
set c[17,3] := 3;
set c[17,9] := 9;
set c[17,8] := 8 7;
set c[17,10] := 10;
set c[18,3] := 3;
set c[18,9] := 9;
set c[18,10] := 10;
set c[18,8] := 8 7;
set c[18,4] := 4;
set c[18,2] := 2 6;
set c[18,1] := 1;
set c[18,5] := 5;
set c[19,8] := 8 7;
set c[19,1] := 1;
set c[19,4] := 4;
set c[19,9] := 9;
set c[19,2] := 2 6;
set c[19,10] := 10;
set c[19,5] := 5;
set c[19,3] := 3;
set c[20,1] := 1;
set c[20,5] := 5;
set c[20,2] := 2 6;
set c[20,3] := 3;
set c[20,4] := 4;
set c[20,9] := 9;
set c[20,10] := 10;
set c[20,8] := 8 7;
set c[21,3] := 3;
set c[21,2] := 2 6;
set c[21,9] := 9;
set c[21,10] := 10;
set c[21,8] := 8 7;
set c[21,4] := 4;
set c[21,5] := 5;
set c[21,1] := 1;
set c[22,4] := 4;
set c[22,5] := 5;
set c[22,10] := 10;
set c[22,8] := 8 7;
set c[22,2] := 2;
set c[22,6] := 6;
set c[22,9] := 9;
set c[22,1] := 1;
set c[22,3] := 3;
set c[23,1] := 1;
set c[23,9] := 9;
set c[23,2] := 2;
set c[23,8] := 8 7;
set c[23,10] := 10;
set c[23,5] := 5;
set c[23,6] := 6;
set c[23,3] := 3;
set c[23,4] := 4;
set c[24,4] := 4;
set c[24,3] := 3;
set c[24,6] := 6;
set c[24,9] := 9;
set c[24,8] := 8 7;
set c[24,5] := 5;
set c[24,10] := 10;
set c[24,2] := 2;
set c[24,1] := 1;
set c[25,8] := 8 7;
set c[25,3] := 3;
set c[25,10] := 10;
set c[25,5] := 5;
set c[25,6] := 6;
set c[25,1] := 1;
set c[25,2] := 2;
set c[25,9] := 9;
set c[25,4] := 4;
set c[26,10] := 10;
set c[26,5] := 5;
set c[26,2] := 2;
set c[26,1] := 1;
set c[26,3] := 3;
set c[26,9] := 9;
set c[26,4] := 4;
set c[26,6] := 6;
set c[26,8] := 8 7;
set c[27,6] := 6;
set c[27,5] := 5;
set c[27,1] := 1;
set c[27,4] := 4;
set c[27,9] := 9;
set c[27,8] := 8 7;
set c[27,3] := 3;
set c[27,2] := 2;
set c[27,10] := 10;
set c[28,10] := 10;
set c[28,3] := 3;
set c[28,9] := 9;
set c[28,2] := 2;
set c[28,8] := 8 7;
set c[28,4] := 4;
set c[28,5] := 5;
set c[28,1] := 1;
set c[28,6] := 6;
set c[29,2] := 2;
set c[29,6] := 6;
set c[29,1] := 1;
set c[29,5] := 5;
set c[29,4] := 4;
set c[29,3] := 3;
set c[29,9] := 9;
set c[29,8] := 8 7;
set c[29,10] := 10;
set c[30,5] := 5;
set c[30,8] := 8 7;
set c[30,6] := 6;
set c[30,9] := 9;
set c[30,3] := 3;
set c[30,4] := 4;
set c[30,10] := 10;
set c[30,1] := 1;
set c[30,2] := 2;
set c[31,8] := 8 7;
set c[31,9] := 9;
set c[31,3] := 3;
set c[31,10] := 10;
set c[31,4] := 4;
set c[31,6] := 6;
set c[31,1] := 1;
set c[31,2] := 2;
set c[31,5] := 5;
set c[32,6] := 6;
set c[32,4] := 4;
set c[32,1] := 1;
set c[32,3] := 3;
set c[32,2] := 2;
set c[32,9] := 9;
set c[32,10] := 10;
set c[32,5] := 5;
set c[32,8] := 8 7;
set c[33,10] := 10;
set c[33,1] := 1;
set c[33,9] := 9;
set c[33,2] := 2;
set c[33,3] := 3;
set c[33,4] := 4;
set c[33,8] := 8 7;
set c[33,5] := 5;
set c[33,6] := 6;
set c[34,1] := 1;
set c[34,3] := 3;
set c[34,9] := 9;
set c[34,4] := 4;
set c[34,2] := 2;
set c[34,8] := 8 7;
set c[34,6] := 6;
set c[34,5] := 5;
set c[34,10] := 10;

