2 0.1 1 0.0
2 0.1 2 0.0
2 0.1 3 0.0
2 0.1 4 0.0
2 0.1 5 0.0
2 0.1 6 0.0
2 0.1 7 0.0
2 0.1 8 1.6300000000000203
2 0.1 9 3.5599999999999987
2 0.1 10 3.9649999999999963
2 0.1 11 4.0075
2 0.1 12 4.019999999999996
2 0.1 13 4.1
2 0.1 14 4.189999999999998
2 0.1 15 4.1175
2 0.1 16 3.9324999999999974
2 0.1 17 3.8374999999999986
2 0.1 18 3.882499999999986
2 0.1 19 4.042499999999997
2 0.1 20 0.0
2 0.1 21 0.0
2 0.1 22 0.0
2 0.1 23 3.1224999999999987
2 0.1 24 0.0
3 0.1 1 2.4899999999999984
3 0.1 2 0.0
3 0.1 3 0.0
3 0.1 4 2.067499999999999
3 0.1 5 1.9374999999999964
3 0.1 6 0.0
3 0.1 7 0.0
3 0.1 8 0.0
3 0.1 9 0.0
3 0.1 10 7.606683333333336
3 0.1 11 4.0075
3 0.1 12 4.019999999999996
3 0.1 13 4.1
3 0.1 14 4.189999999999998
3 0.1 15 4.1175
3 0.1 16 3.9324999999999974
3 0.1 17 3.8374999999999986
3 0.1 18 3.882499999999993
3 0.1 19 4.042499999999997
3 0.1 20 0.0
3 0.1 21 0.0
3 0.1 22 0.0
3 0.1 23 3.1224999999999987
3 0.1 24 0.0
4 0.2 1 0.0
4 0.2 2 0.0
4 0.2 3 0.0
4 0.2 4 0.0
4 0.2 5 0.0
4 0.2 6 0.0
4 0.2 7 0.0
4 0.2 8 1.6300000000000203
4 0.2 9 3.5599999999999987
4 0.2 10 3.9649999999999963
4 0.2 11 4.0075
4 0.2 12 4.019999999999996
4 0.2 13 4.1
4 0.2 14 4.189999999999998
4 0.2 15 4.1175
4 0.2 16 3.9324999999999974
4 0.2 17 3.8374999999999986
4 0.2 18 3.882499999999986
4 0.2 19 4.042499999999997
4 0.2 20 0.0
4 0.2 21 0.0
4 0.2 22 0.0
4 0.2 23 3.1224999999999987
4 0.2 24 0.0
5 0.1 1 0.0
5 0.1 2 0.0
5 0.1 3 2.022500000000001
5 0.1 4 2.067499999999999
5 0.1 5 1.9374999999999964
5 0.1 6 2.0924999999999976
5 0.1 7 2.602499999999999
5 0.1 8 0.0
5 0.1 9 0.0
5 0.1 10 3.9649999999999963
5 0.1 11 4.0075
5 0.1 12 4.019999999999996
5 0.1 13 4.1
5 0.1 14 4.189999999999998
5 0.1 15 4.1175
5 0.1 16 3.9324999999999974
5 0.1 17 3.8374999999999986
5 0.1 18 3.882499999999993
5 0.1 19 4.042499999999997
5 0.1 20 0.0
5 0.1 21 0.0
5 0.1 22 0.0
5 0.1 23 0.0
5 0.1 24 0.0
6 0.1 1 0.0
6 0.1 2 0.0
6 0.1 3 2.022500000000015
6 0.1 4 2.067499999999999
6 0.1 5 1.9374999999999964
6 0.1 6 2.0924999999999976
6 0.1 7 0.0
6 0.1 8 0.0
6 0.1 9 0.0
6 0.1 10 3.9649999999999963
6 0.1 11 4.007499999999993
6 0.1 12 4.019999999999996
6 0.1 13 4.1
6 0.1 14 4.189999999999998
6 0.1 15 4.117499999999993
6 0.1 16 3.9324999999999974
6 0.1 17 3.8374999999999986
6 0.1 18 3.882499999999993
6 0.1 19 4.042499999999997
6 0.1 20 0.0
6 0.1 21 0.0
6 0.1 22 0.0
6 0.1 23 3.122499999999995
6 0.1 24 0.0
7 0.1 1 0.0
7 0.1 2 0.0
7 0.1 3 2.022500000000015
7 0.1 4 2.067499999999999
7 0.1 5 1.9374999999999964
7 0.1 6 2.0924999999999976
7 0.1 7 0.0
7 0.1 8 0.0
7 0.1 9 0.0
7 0.1 10 3.9649999999999963
7 0.1 11 4.007499999999993
7 0.1 12 4.019999999999996
7 0.1 13 4.1
7 0.1 14 4.189999999999998
7 0.1 15 4.117499999999993
7 0.1 16 3.9324999999999974
7 0.1 17 3.8374999999999986
7 0.1 18 3.882499999999993
7 0.1 19 4.042499999999997
7 0.1 20 0.0
7 0.1 21 0.0
7 0.1 22 0.0
7 0.1 23 3.122499999999995
7 0.1 24 0.0
8 0.1 1 0.0
8 0.1 2 0.0
8 0.1 3 2.022500000000015
8 0.1 4 2.067499999999999
8 0.1 5 1.9374999999999964
8 0.1 6 2.0924999999999976
8 0.1 7 0.0
8 0.1 8 0.0
8 0.1 9 0.0
8 0.1 10 3.9649999999999963
8 0.1 11 4.007499999999993
8 0.1 12 4.019999999999996
8 0.1 13 4.1
8 0.1 14 4.189999999999998
8 0.1 15 4.117499999999993
8 0.1 16 3.9324999999999974
8 0.1 17 3.8375000000000625
8 0.1 18 3.882499999999993
8 0.1 19 4.042499999999997
8 0.1 20 0.0
8 0.1 21 0.0
8 0.1 22 0.0
8 0.1 23 3.122499999999995
8 0.1 24 0.0
9 0.1 1 0.0
9 0.1 2 0.0
9 0.1 3 2.022500000000015
9 0.1 4 2.067499999999999
9 0.1 5 1.9374999999999964
9 0.1 6 2.0924999999999976
9 0.1 7 0.0
9 0.1 8 0.0
9 0.1 9 0.0
9 0.1 10 3.9649999999999963
9 0.1 11 4.007499999999993
9 0.1 12 4.019999999999996
9 0.1 13 4.1
9 0.1 14 4.189999999999998
9 0.1 15 4.117499999999993
9 0.1 16 3.9324999999999974
9 0.1 17 3.8374999999999986
9 0.1 18 3.882499999999993
9 0.1 19 4.042499999999997
9 0.1 20 0.0
9 0.1 21 0.0
9 0.1 22 0.0
9 0.1 23 3.122499999999995
9 0.1 24 0.0
10 0.1 1 0.0
10 0.1 2 0.0
10 0.1 3 2.022500000000001
10 0.1 4 2.067499999999999
10 0.1 5 1.9374999999999964
10 0.1 6 2.0924999999999976
10 0.1 7 0.0
10 0.1 8 0.0
10 0.1 9 0.0
10 0.1 10 3.9649999999999963
10 0.1 11 4.007499999999993
10 0.1 12 4.019999999999996
10 0.1 13 4.1
10 0.1 14 4.189999999999998
10 0.1 15 4.117499999999993
10 0.1 16 3.9324999999999974
10 0.1 17 3.8374999999999986
10 0.1 18 3.882499999999993
10 0.1 19 4.042499999999997
10 0.1 20 0.0
10 0.1 21 0.0
10 0.1 22 0.0
10 0.1 23 3.122499999999995
10 0.1 24 0.0
