2 0.1 1 25.65436333333337
2 0.1 2 26.080000000000005
2 0.1 3 24.2
2 0.1 4 20.63
2 0.1 5 23.2
2 0.1 6 25.05
2 0.1 7 31.17000000000002
2 0.1 8 29.25999999999998
2 0.1 9 31.95
2 0.1 10 35.685
2 0.1 11 36.0325
2 0.1 12 36.190000000000005
2 0.1 13 36.9
2 0.1 14 37.7
2 0.1 15 37.0025
2 0.1 16 35.347500000000004
2 0.1 17 34.4825
2 0.1 18 34.98750000000001
2 0.1 19 36.4275
2 0.1 20 47.480000000000004
2 0.1 21 46.99000000000001
2 0.1 22 42.35198566666625
2 0.1 23 28.0575
2 0.1 24 32.99115100000001
3 0.1 1 22.4
3 0.1 2 26.080000000000005
3 0.1 3 24.2
3 0.1 4 18.5625
3 0.1 5 17.392500000000002
3 0.1 6 25.05
3 0.1 7 31.17000000000002
3 0.1 8 37.07000000000001
3 0.1 9 41.79930052083322
3 0.1 10 32.04331666666666
3 0.1 11 36.0325
3 0.1 12 36.190000000000005
3 0.1 13 36.9
3 0.1 14 37.7
3 0.1 15 37.0025
3 0.1 16 35.347500000000004
3 0.1 17 34.4825
3 0.1 18 34.987500000000004
3 0.1 19 36.4275
3 0.1 20 44.81465000000003
3 0.1 21 46.72597000000003
3 0.1 22 43.68
3 0.1 23 28.0575
3 0.1 24 31.7042628124998
4 0.2 1 25.79959333333337
4 0.2 2 25.934770000000277
4 0.2 3 24.2
4 0.2 4 20.63
4 0.2 5 23.2
4 0.2 6 25.05
4 0.2 7 31.17000000000002
4 0.2 8 29.25999999999998
4 0.2 9 31.95
4 0.2 10 35.685
4 0.2 11 36.0325
4 0.2 12 36.190000000000005
4 0.2 13 36.9
4 0.2 14 37.7
4 0.2 15 37.0025
4 0.2 16 35.347500000000004
4 0.2 17 34.4825
4 0.2 18 34.98750000000001
4 0.2 19 36.4275
4 0.2 20 47.480000000000004
4 0.2 21 46.99000000000001
4 0.2 22 42.35198566666625
4 0.2 23 28.0575
4 0.2 24 32.99115100000001
5 0.1 1 29.76787200000004
5 0.1 2 26.08000000000001
5 0.1 3 18.1475
5 0.1 4 18.5625
5 0.1 5 17.392500000000002
5 0.1 6 18.7875
5 0.1 7 23.3775
5 0.1 8 37.07
5 0.1 9 42.61000000000001
5 0.1 10 35.685
5 0.1 11 36.0325
5 0.1 12 36.190000000000005
5 0.1 13 36.9
5 0.1 14 37.7
5 0.1 15 37.0025
5 0.1 16 35.347500000000004
5 0.1 17 34.4825
5 0.1 18 34.987500000000004
5 0.1 19 36.4275
5 0.1 20 47.480000000000004
5 0.1 21 46.99000000000001
5 0.1 22 43.68000000000001
5 0.1 23 33.764840636363445
5 0.1 24 31.354787363636365
6 0.1 1 29.87000000000004
6 0.1 2 26.080000000000005
6 0.1 3 18.147499999999987
6 0.1 4 18.5625
6 0.1 5 17.392500000000002
6 0.1 6 18.7875
6 0.1 7 31.17000000000002
6 0.1 8 37.07000000000001
6 0.1 9 42.61000000000001
6 0.1 10 35.685
6 0.1 11 36.032500000000006
6 0.1 12 36.190000000000005
6 0.1 13 36.9
6 0.1 14 37.7
6 0.1 15 37.002500000000005
6 0.1 16 35.347500000000004
6 0.1 17 34.4825
6 0.1 18 34.987500000000004
6 0.1 19 36.4275
6 0.1 20 47.48
6 0.1 21 46.99000000000001
6 0.1 22 40.675544000000336
6 0.1 23 28.057500000000005
6 0.1 24 32.171955999999334
7 0.1 1 29.87000000000008
7 0.1 2 26.080000000000062
7 0.1 3 18.147499999999987
7 0.1 4 18.5625
7 0.1 5 17.392500000000002
7 0.1 6 18.7875
7 0.1 7 31.170000000000147
7 0.1 8 37.07000000000008
7 0.1 9 42.610000000000056
7 0.1 10 35.685
7 0.1 11 36.032500000000006
7 0.1 12 36.190000000000005
7 0.1 13 36.9
7 0.1 14 37.7
7 0.1 15 37.002500000000005
7 0.1 16 35.347500000000004
7 0.1 17 34.4825
7 0.1 18 34.987500000000004
7 0.1 19 36.4275
7 0.1 20 47.48
7 0.1 21 46.98999999999979
7 0.1 22 40.675544000000336
7 0.1 23 28.057500000000005
7 0.1 24 32.171955999999334
8 0.1 1 29.87000000000008
8 0.1 2 26.080000000000062
8 0.1 3 18.147499999999987
8 0.1 4 18.5625
8 0.1 5 17.392500000000002
8 0.1 6 18.7875
8 0.1 7 31.17000000000013
8 0.1 8 37.07000000000008
8 0.1 9 42.610000000000056
8 0.1 10 35.685
8 0.1 11 36.032500000000006
8 0.1 12 36.190000000000005
8 0.1 13 36.9
8 0.1 14 37.7
8 0.1 15 37.002500000000005
8 0.1 16 35.347500000000004
8 0.1 17 34.48249999999994
8 0.1 18 34.987500000000004
8 0.1 19 36.4275
8 0.1 20 47.480000000000004
8 0.1 21 46.99000000000001
8 0.1 22 40.675544000000336
8 0.1 23 28.057500000000005
8 0.1 24 32.171955999999334
9 0.1 1 29.87000000000008
9 0.1 2 26.080000000000062
9 0.1 3 18.147499999999987
9 0.1 4 18.5625
9 0.1 5 17.392500000000002
9 0.1 6 18.7875
9 0.1 7 31.17000000000002
9 0.1 8 37.07000000000001
9 0.1 9 42.610000000000056
9 0.1 10 35.685
9 0.1 11 36.032500000000006
9 0.1 12 36.190000000000005
9 0.1 13 36.9
9 0.1 14 37.7
9 0.1 15 37.002500000000005
9 0.1 16 35.347500000000004
9 0.1 17 34.4825
9 0.1 18 34.987500000000004
9 0.1 19 36.4275
9 0.1 20 47.48
9 0.1 21 46.99000000000001
9 0.1 22 40.675544000000336
9 0.1 23 28.057500000000005
9 0.1 24 32.171955999999334
10 0.1 1 29.87000000000004
10 0.1 2 26.080000000000005
10 0.1 3 18.1475
10 0.1 4 18.5625
10 0.1 5 17.392500000000002
10 0.1 6 18.7875
10 0.1 7 31.17
10 0.1 8 37.07000000000001
10 0.1 9 42.61
10 0.1 10 35.685
10 0.1 11 36.032500000000006
10 0.1 12 36.190000000000005
10 0.1 13 36.9
10 0.1 14 37.7
10 0.1 15 37.002500000000005
10 0.1 16 35.347500000000004
10 0.1 17 34.4825
10 0.1 18 34.987500000000004
10 0.1 19 36.4275
10 0.1 20 47.480000000000004
10 0.1 21 46.99000000000001
10 0.1 22 40.675544000000336
10 0.1 23 28.057500000000005
10 0.1 24 32.171955999999334
