2 0.1 1 0.764363333333371
2 0.1 2 4.35
2 0.1 3 4.030000000000005
2 0.1 4 0.0
2 0.1 5 3.8700000000000045
2 0.1 6 4.170000000000002
2 0.1 7 5.190000000000019
2 0.1 8 0.0
2 0.1 9 0.0
2 0.1 10 0.0
2 0.1 11 0.0
2 0.1 12 0.0
2 0.1 13 0.0
2 0.1 14 0.0
2 0.1 15 0.0
2 0.1 16 0.0
2 0.1 17 0.0
2 0.1 18 0.0
2 0.1 19 0.0
2 0.1 20 7.920000000000002
2 0.1 21 7.8300000000000125
2 0.1 22 5.951985666666253
2 0.1 23 0.0
2 0.1 24 4.331151000000009
3 0.1 1 0.0
3 0.1 2 4.35
3 0.1 3 4.030000000000005
3 0.1 4 0.0
3 0.1 5 0.0
3 0.1 6 4.170000000000009
3 0.1 7 5.190000000000019
3 0.1 8 6.180000000000007
3 0.1 9 6.289300520833223
3 0.1 10 0.0
3 0.1 11 0.0
3 0.1 12 0.0
3 0.1 13 0.0
3 0.1 14 0.0
3 0.1 15 0.0
3 0.1 16 0.0
3 0.1 17 0.0
3 0.1 18 0.0
3 0.1 19 0.0
3 0.1 20 5.2546500000000265
3 0.1 21 7.565970000000036
3 0.1 22 7.280000000000001
3 0.1 23 0.0
3 0.1 24 3.044262812499799
4 0.2 1 0.909593333333369
4 0.2 2 4.204770000000277
4 0.2 3 4.029999999999998
4 0.2 4 0.0
4 0.2 5 3.870000000000001
4 0.2 6 4.170000000000009
4 0.2 7 5.190000000000019
4 0.2 8 0.0
4 0.2 9 0.0
4 0.2 10 0.0
4 0.2 11 0.0
4 0.2 12 0.0
4 0.2 13 0.0
4 0.2 14 0.0
4 0.2 15 0.0
4 0.2 16 0.0
4 0.2 17 0.0
4 0.2 18 0.0
4 0.2 19 0.0
4 0.2 20 7.920000000000002
4 0.2 21 7.8300000000000125
4 0.2 22 5.951985666666253
4 0.2 23 0.0
4 0.2 24 4.331151000000009
5 0.1 1 4.877872000000039
5 0.1 2 4.35
5 0.1 3 0.0
5 0.1 4 0.0
5 0.1 5 0.0
5 0.1 6 0.0
5 0.1 7 0.0
5 0.1 8 6.18
5 0.1 9 7.1
5 0.1 10 0.0
5 0.1 11 0.0
5 0.1 12 0.0
5 0.1 13 0.0
5 0.1 14 0.0
5 0.1 15 0.0
5 0.1 16 0.0
5 0.1 17 0.0
5 0.1 18 0.0
5 0.1 19 0.0
5 0.1 20 7.920000000000002
5 0.1 21 7.8300000000000125
5 0.1 22 7.280000000000008
5 0.1 23 2.5848406363634453
5 0.1 24 2.6947873636363653
6 0.1 1 4.9800000000000395
6 0.1 2 4.35
6 0.1 3 0.0
6 0.1 4 0.0
6 0.1 5 0.0
6 0.1 6 0.0
6 0.1 7 5.190000000000019
6 0.1 8 6.180000000000007
6 0.1 9 7.1
6 0.1 10 0.0
6 0.1 11 0.0
6 0.1 12 0.0
6 0.1 13 0.0
6 0.1 14 0.0
6 0.1 15 0.0
6 0.1 16 0.0
6 0.1 17 0.0
6 0.1 18 0.0
6 0.1 19 0.0
6 0.1 20 7.919999999999995
6 0.1 21 7.8300000000000125
6 0.1 22 4.2755440000003375
6 0.1 23 0.0
6 0.1 24 3.5119559999993335
7 0.1 1 4.980000000000079
7 0.1 2 4.35
7 0.1 3 0.0
7 0.1 4 0.0
7 0.1 5 0.0
7 0.1 6 0.0
7 0.1 7 5.190000000000147
7 0.1 8 6.180000000000078
7 0.1 9 7.1
7 0.1 10 0.0
7 0.1 11 0.0
7 0.1 12 0.0
7 0.1 13 0.0
7 0.1 14 0.0
7 0.1 15 0.0
7 0.1 16 0.0
7 0.1 17 0.0
7 0.1 18 0.0
7 0.1 19 0.0
7 0.1 20 7.919999999999995
7 0.1 21 7.829999999999792
7 0.1 22 4.2755440000003375
7 0.1 23 0.0
7 0.1 24 3.5119559999993335
8 0.1 1 4.980000000000079
8 0.1 2 4.35
8 0.1 3 0.0
8 0.1 4 0.0
8 0.1 5 0.0
8 0.1 6 0.0
8 0.1 7 5.190000000000129
8 0.1 8 6.180000000000078
8 0.1 9 7.1
8 0.1 10 0.0
8 0.1 11 0.0
8 0.1 12 0.0
8 0.1 13 0.0
8 0.1 14 0.0
8 0.1 15 0.0
8 0.1 16 0.0
8 0.1 17 0.0
8 0.1 18 0.0
8 0.1 19 0.0
8 0.1 20 7.920000000000002
8 0.1 21 7.8300000000000125
8 0.1 22 4.2755440000003375
8 0.1 23 0.0
8 0.1 24 3.5119559999993335
9 0.1 1 4.980000000000079
9 0.1 2 4.35
9 0.1 3 0.0
9 0.1 4 0.0
9 0.1 5 0.0
9 0.1 6 0.0
9 0.1 7 5.190000000000019
9 0.1 8 6.180000000000007
9 0.1 9 7.1
9 0.1 10 0.0
9 0.1 11 0.0
9 0.1 12 0.0
9 0.1 13 0.0
9 0.1 14 0.0
9 0.1 15 0.0
9 0.1 16 0.0
9 0.1 17 0.0
9 0.1 18 0.0
9 0.1 19 0.0
9 0.1 20 7.919999999999995
9 0.1 21 7.8300000000000125
9 0.1 22 4.2755440000003375
9 0.1 23 0.0
9 0.1 24 3.5119559999993335
10 0.1 1 4.9800000000000395
10 0.1 2 4.35
10 0.1 3 0.0
10 0.1 4 0.0
10 0.1 5 0.0
10 0.1 6 0.0
10 0.1 7 5.190000000000001
10 0.1 8 6.180000000000007
10 0.1 9 7.1
10 0.1 10 0.0
10 0.1 11 0.0
10 0.1 12 0.0
10 0.1 13 0.0
10 0.1 14 0.0
10 0.1 15 0.0
10 0.1 16 0.0
10 0.1 17 0.0
10 0.1 18 0.0
10 0.1 19 0.0
10 0.1 20 7.920000000000002
10 0.1 21 7.8300000000000125
10 0.1 22 4.2755440000003375
10 0.1 23 0.0
10 0.1 24 3.5119559999993335
