# Quarter-hourly version

param FD :=
    1 18.05
    2 17.66
    3 17.27
    4 16.89
    5 16.5
    6 16.27
    7 16.05
    8 15.82
    9 15.6
    10 15.48
    11 15.36
    12 15.24
    13 15.12
    14 15.09
    15 15.07
    16 15.04
    17 15.02
    18 15.22
    19 15.41
    20 15.61
    21 15.81
    22 16.59
    23 17.38
    24 18.16
    25 18.95
    26 19.88
    27 20.8
    28 21.73
    29 22.66
    30 23.33
    31 23.99
    32 24.66
    33 25.33
    34 25.69
    35 26.05
    36 26.4
    37 26.76
    38 27.03
    39 27.3
    40 27.56
    41 27.83
    42 28.09
    43 28.35
    44 28.61
    45 28.87
    46 29.01
    47 29.16
    48 29.3
    49 29.44
    50 29.57
    51 29.7
    52 29.84
    53 29.97
    54 30.01
    55 30.05
    56 30.08
    57 30.12
    58 29.96
    59 29.8
    60 29.63
    61 29.47
    62 29.27
    63 29.06
    64 28.86
    65 28.66
    66 28.65
    67 28.63
    68 28.62
    69 28.61
    70 28.44
    71 28.27
    72 28.11
    73 27.94
    74 28.1
    75 28.26
    76 28.42
    77 28.58
    78 28.71
    79 28.84
    80 28.97
    81 29.1
    82 28.53
    83 27.96
    84 27.4
    85 26.83
    86 25.92
    87 25.01
    88 24.1
    89 23.19
    90 22.51
    91 21.83
    92 21.14
    93 20.46
    94 20.46
    95 20.46
    96 20.46
;

param FD_L :=
    1 14.44
    2 14.13
    3 13.82
    4 13.51
    5 13.2
    6 13.02
    7 12.84
    8 12.66
    9 12.48
    10 12.38
    11 12.29
    12 12.19
    13 12.09
    14 12.07
    15 12.05
    16 12.04
    17 12.02
    18 12.18
    19 12.34
    20 12.49
    21 12.65
    22 13.28
    23 13.91
    24 14.53
    25 15.16
    26 15.9
    27 16.64
    28 17.39
    29 18.13
    30 18.66
    31 19.2
    32 19.73
    33 20.26
    34 20.55
    35 20.84
    36 21.12
    37 21.41
    38 21.62
    39 21.84
    40 22.05
    41 22.27
    42 22.48
    43 22.69
    44 22.89
    45 23.1
    46 23.21
    47 23.33
    48 23.44
    49 23.55
    50 23.66
    51 23.76
    52 23.86
    53 23.97
    54 24.0
    55 24.03
    56 24.06
    57 24.09
    58 23.96
    59 23.84
    60 23.71
    61 23.58
    62 23.42
    63 23.25
    64 23.09
    65 22.93
    66 22.92
    67 22.91
    68 22.9
    69 22.89
    70 22.76
    71 22.62
    72 22.49
    73 22.35
    74 22.48
    75 22.61
    76 22.74
    77 22.87
    78 22.97
    79 23.08
    80 23.18
    81 23.28
    82 22.83
    83 22.37
    84 21.91
    85 21.46
    86 20.73
    87 20.01
    88 19.28
    89 18.55
    90 18.01
    91 17.46
    92 16.91
    93 16.37
    94 16.37
    95 16.37
    96 16.37
;

param FD_U :=
    1 21.65
    2 21.19
    3 20.73
    4 20.26
    5 19.8
    6 19.53
    7 19.26
    8 18.99
    9 18.72
    10 18.57
    11 18.43
    12 18.29
    13 18.14
    14 18.11
    15 18.09
    16 18.06
    17 18.03
    18 18.27
    19 18.5
    20 18.73
    21 18.97
    22 19.91
    23 20.85
    24 21.8
    25 22.74
    26 23.85
    27 24.96
    28 26.08
    29 27.19
    30 27.99
    31 28.8
    32 29.6
    33 30.4
    34 30.83
    35 31.26
    36 31.69
    37 32.12
    38 32.44
    39 32.76
    40 33.08
    41 33.4
    42 33.71
    43 34.02
    44 34.34
    45 34.65
    46 34.82
    47 34.99
    48 35.16
    49 35.33
    50 35.49
    51 35.64
    52 35.8
    53 35.96
    54 36.0
    55 36.05
    56 36.09
    57 36.14
    58 35.95
    59 35.75
    60 35.56
    61 35.37
    62 35.13
    63 34.88
    64 34.64
    65 34.4
    66 34.38
    67 34.37
    68 34.36
    69 34.34
    70 34.14
    71 33.94
    72 33.73
    73 33.53
    74 33.72
    75 33.91
    76 34.11
    77 34.3
    78 34.46
    79 34.61
    80 34.77
    81 34.93
    82 34.24
    83 33.56
    84 32.88
    85 32.19
    86 31.1
    87 30.01
    88 28.92
    89 27.83
    90 27.01
    91 26.19
    92 25.37
    93 24.55
    94 24.55
    95 24.55
    96 24.55
;

param RUFD :=
    1 7.22
    2 7.06
    3 6.91
    4 6.75
    5 6.6
    6 6.51
    7 6.42
    8 6.33
    9 6.24
    10 6.19
    11 6.14
    12 6.1
    13 6.05
    14 6.04
    15 6.03
    16 6.02
    17 6.01
    18 6.09
    19 6.17
    20 6.24
    21 6.32
    22 6.63
    23 6.95
    24 7.27
    25 7.58
    26 7.95
    27 8.32
    28 8.69
    29 9.06
    30 9.33
    31 9.6
    32 9.86
    33 10.13
    34 10.28
    35 10.42
    36 10.57
    37 10.71
    38 10.82
    39 10.92
    40 11.03
    41 11.13
    42 11.23
    43 11.34
    44 11.45
    45 11.55
    46 11.61
    47 11.66
    48 11.72
    49 11.78
    50 11.83
    51 11.88
    52 11.94
    53 11.99
    54 12.0
    55 12.02
    56 12.04
    57 12.05
    58 11.99
    59 11.92
    60 11.86
    61 11.79
    62 11.71
    63 11.63
    64 11.55
    65 11.47
    66 11.46
    67 11.46
    68 11.45
    69 11.45
    70 11.38
    71 11.31
    72 11.25
    73 11.18
    74 11.24
    75 11.3
    76 11.37
    77 11.43
    78 11.48
    79 11.54
    80 11.59
    81 11.64
    82 11.41
    83 11.19
    84 10.96
    85 10.73
    86 10.37
    87 10.0
    88 9.64
    89 9.28
    90 9.0
    91 8.73
    92 8.46
    93 8.18
    94 8.18
    95 8.18
    96 8.18
;

param RDFD :=
    1 43.31
    2 42.39
    3 41.46
    4 40.53
    5 39.61
    6 39.07
    7 38.52
    8 37.98
    9 37.44
    10 37.15
    11 36.86
    12 36.57
    13 36.28
    14 36.22
    15 36.16
    16 36.11
    17 36.05
    18 36.52
    19 36.99
    20 37.47
    21 37.94
    22 39.82
    23 41.7
    24 43.59
    25 45.47
    26 47.7
    27 49.93
    28 52.16
    29 54.39
    30 55.99
    31 57.59
    32 59.19
    33 60.79
    34 61.65
    35 62.51
    36 63.37
    37 64.23
    38 64.87
    39 65.52
    40 66.16
    41 66.8
    42 67.42
    43 68.05
    44 68.67
    45 69.29
    46 69.63
    47 69.97
    48 70.32
    49 70.66
    50 70.97
    51 71.29
    52 71.6
    53 71.92
    54 72.01
    55 72.1
    56 72.19
    57 72.28
    58 71.89
    59 71.5
    60 71.12
    61 70.73
    62 70.25
    63 69.76
    64 69.28
    65 68.79
    66 68.76
    67 68.73
    68 68.7
    69 68.67
    70 68.27
    71 67.86
    72 67.45
    73 67.05
    74 67.44
    75 67.82
    76 68.21
    77 68.6
    78 68.91
    79 69.22
    80 69.54
    81 69.85
    82 68.48
    83 67.11
    84 65.75
    85 64.38
    86 62.2
    87 60.02
    88 57.84
    89 55.66
    90 54.02
    91 52.38
    92 50.74
    93 49.1
    94 49.1
    95 49.1
    96 49.1
;

param nFI := 2;

param TF_L :=   1 7 
                2 18
;

param TF_U :=   1 9 
                2 22
;

param coef_FD :=    1 1 
                    2 1
;

param C_FD := 1;
