1 0.1 16.264630000000004 18.76961966666665 16.29658200000003 16.163190000000004 20.192275 21.254574999999996 23.288812500000002 29.759999999999984 22.75 29.5765 38.62940625 51.12000000000004 50.930000000000085 42.0235625 46.73625 42.18874999999999 39.04359999999999 43.64335999999998 40.3360625 29.053066666666663 33.91674166666667 33.98761666666667 27.614839166666677 35.75 
2 0.1 13.565183333333337 13.755060833333328 16.29658200000003 16.163190000000004 20.192275 21.9942 23.2888125 33.6000375 28.848007 25.893483333333332 33.34299 51.12000000000009 50.930000000000085 42.0235625 46.73625 44.742292500000005 43.6755325 42.27011000000002 40.3360625 29.053066666666663 33.91674166666667 33.54761416666667 27.614839166666677 35.75 
3 0.1 13.565183333333337 13.755060833333328 16.29658200000003 16.163190000000004 20.192275 21.9942 23.288812500000002 33.6000375 28.848007 25.893483333333332 33.34299 51.12000000000009 50.930000000000085 42.0235625 46.73625 44.742292500000005 43.6755325 42.27011000000002 40.3360625 29.053066666666663 33.91674166666667 33.54761416666667 27.614839166666677 35.75 
4 0.1 13.565183333333337 12.542316666666666 16.29658200000003 16.163190000000004 22.888725 23.262992578124976 31.72 37.18000000000001 28.848007000000003 24.776499999999995 40.10388749999999 51.12000000000007 50.930000000000085 51.9 46.73624999999999 42.18874999999999 39.04359999999999 43.64335999999998 40.3360625 29.053066666666663 33.91674166666667 33.98761666666667 30.526975000000004 35.75 
5 0.1 16.264630000000004 18.769619666666653 16.29658200000003 16.163190000000004 22.888725 21.254574999999996 31.72000000000001 26.611055999999984 22.75 25.893483333333332 38.62940625 51.12000000000007 50.930000000000085 42.0235625 46.73625 30.220408333333335 27.217295000000004 27.332291666666666 27.177605000000003 26.986783333333335 33.91674166666667 31.129233333333342 18.651092500000004 35.75 
6 0.1 16.264630000000004 18.769619666666653 16.29658200000003 16.163190000000004 22.888725 21.254574999999996 31.72000000000002 26.611055999999984 22.75 25.893483333333332 38.62940625 51.12000000000004 50.930000000000085 42.0235625 46.73625 30.220408333333335 27.217295000000004 27.332291666666666 27.177605000000003 26.986783333333335 33.91674166666667 31.129233333333346 18.651092500000004 35.75 
7 0.1 16.264630000000004 18.76961966666665 16.29658200000003 16.163190000000004 22.888725 21.254574999999996 31.72 26.611055999999984 22.75 25.893483333333332 38.62940625 51.12000000000004 50.930000000000085 42.0235625 46.73625 30.220408333333335 27.217295000000004 27.332291666666666 27.177605000000003 26.986783333333335 33.91674166666667 31.129233333333346 18.651092500000004 35.75 
8 0.1 16.264630000000004 18.76961966666665 16.29658200000003 16.163190000000004 22.888725 21.254574999999996 31.72000000000001 26.611055999999984 22.75 25.893483333333332 38.62940625000001 51.12000000000004 50.930000000000085 42.0235625 46.73625 30.220408333333335 27.217295000000004 27.332291666666666 27.177605000000003 26.986783333333335 33.91674166666667 31.12923333333335 18.651092500000004 35.75 
9 0.1 13.565183333333337 13.755060833333328 16.29658200000003 16.163190000000004 20.192275 21.9942 23.2888125 33.6000375 28.848007000000003 25.893483333333332 33.34299000000001 51.1200000000001 50.93000000000009 42.0235625 46.73625 44.742292500000005 43.6755325 42.27011000000002 40.3360625 29.053066666666663 33.91674166666667 33.54761416666667 27.614839166666677 35.75 
10 0.1 16.264630000000004 10.891666666666662 12.598275000000005 13.397944166666669 13.36670416666667 14.632758333333335 23.2888125 22.239484166666667 24.37284166666667 25.893483333333332 40.10388749999999 51.12 50.93 51.9 51.11 49.330000000000034 43.6755325 43.64335999999998 40.3360625 26.986783333333335 26.882808333333337 31.129233333333346 18.651092500000004 35.75 
