1 0.1 91.5745 91.3703 86.675 79.8617 77.4851 74.763 80.2732 65.5321 89.3435 69.5354 62.42 55.289 51.314 45.1661 43.9728 53.0805 58.6802 56.8034 86.147 92.9415 111.324 106.943 117.11 102.164 
2 0.1 109.247 98.4088 83.5102 78.5515 76.8293 65.6878 74.983 63.8218 67.7346 70.494 70.0432 59.3813 57.1551 57.5666 51.2653 48.3845 48.7754 64.1257 74.1274 101.169 113.94 124.915 121.722 98.0381 
3 0.1 109.247 98.4088 83.5102 78.5515 76.8293 65.6878 74.983 63.8218 67.7346 70.494 70.0432 59.3813 57.1551 57.5666 51.2653 48.3845 48.7754 64.1257 74.1274 101.169 113.94 124.915 121.722 98.0381 
4 0.1 107.388 99.3258 83.7483 71.5744 72.1181 65.2934 69.5611 57.2455 76.6677 85.7374 57.8335 56.6568 55.1762 43.3921 46.2014 53.2511 69.892 63.3325 90.7131 105.382 122.648 119.758 111.353 87.5342 
5 0.1 101.121 85.7694 75.3986 70.7215 64.1265 67.1241 68.7374 71.6959 84.6289 80.0923 65.0109 56.9639 58.7538 59.0819 61.1282 68.5667 76.2407 94.3342 98.1811 110.304 130.237 147.218 146.173 116.246 
6 0.1 101.121 85.7694 75.3986 70.7215 64.1265 67.1241 68.7374 71.6959 84.6289 80.0923 65.0109 56.9639 58.7538 59.0819 61.1282 68.5667 76.2407 94.3342 98.1811 110.304 130.237 147.218 146.173 116.246 
7 0.1 101.121 85.7694 75.3986 70.7215 64.1265 67.1241 68.7374 71.6959 84.6289 80.0923 65.0109 56.9639 58.7538 59.0819 61.1282 68.5667 76.2407 94.3342 98.1811 110.304 130.237 147.218 146.173 116.246 
8 0.1 101.121 85.7694 75.3986 70.7215 64.1265 67.1241 68.7374 71.6959 84.6289 80.0923 65.0109 56.9639 58.7538 59.0819 61.1282 68.5667 76.2407 94.3342 98.1811 110.304 130.237 147.218 146.173 116.246 
9 0.1 109.247 98.4088 83.5102 78.5515 76.8293 65.6878 74.983 63.8218 67.7346 70.494 70.0432 59.3813 57.1551 57.5666 51.2653 48.3845 48.7754 64.1257 74.1274 101.169 113.94 124.915 121.722 98.0381 
10 0.1 100.62 119.812 104.685 95.5573 89.2186 87.4759 90.7613 74.3456 81.9149 78.7352 60.2219 48.9462 45.4934 42.9336 39.1571 42.9173 51.2572 63.8503 85.1379 114.818 136.868 141.853 137.554 113.778 
