1 0.1 -3.0 -0.574286400000009 -2.056811599999991 -1.818901999999999 0.0 0.0 0.0 3.0 -2.4 0.0 0.0 3.0 -0.11851999999999974 0.0 3.0 0.6141999999999967 -1.9228399999999999 3.0 -0.75 0.25 -0.45 0.0 -3.0 0.0 
2 0.1 -3.0 -3.0 -1.45 0.0 0.0 0.0 0.0 0.0 0.0 0.0 0.0 0.0 0.0 0.0 0.0 2.000234000000006 2.2796719999999997 0.0 -0.34427600000000336 0.08606900000000017 0.0 0.0 -1.4985040000000023 0.0 
3 0.1 -3.0 -3.0 -1.45 0.0 0.0 0.0 0.0 0.0 0.0 0.0 0.0 0.0 0.0 0.0 0.0 3.0 2.2796719999999935 1.3771040000000063 -0.3442760000000039 0.08606899999999973 0.0 0.0 -3.0 -0.4 
4 0.1 -3.0 -3.0 -1.45 0.0 0.0 0.18289406250001 -0.19508700000001067 3.0 0.0 -3.0 1.179585000000003 0.6938796874999966 3.0 0.0 3.0 -0.75 -0.12969600000000003 0.46615999999999946 -0.1165400000000032 0.0 -1.9818320000000074 -1.3948599999999924 0.0 0.0 
5 0.1 -3.0 -3.0 -0.25629999999999153 0.0 3.0 0.0 0.0 0.0 -2.2470000000000017 -1.3466999999999922 0.0 0.23186000000038837 0.0 0.08063999999957838 3.0 3.0 0.0 0.0 0.0 0.0 0.0 -2.8 -3.0 3.0 
6 0.1 -3.0 -3.0 -0.25629999999999153 0.0 3.0 0.0 0.0 0.0 -2.2470000000000017 -1.346699999999992 0.0 0.23186000000038837 0.0 0.0806399999995783 3.0 3.0 0.0 0.0 0.0 0.0 0.0 -2.8 -3.0 3.0 
7 0.1 -3.0 -3.0 -0.25629999999999153 0.0 3.0 0.0 0.0 0.0 -2.2470000000000017 -1.3466999999999922 0.0 0.23186000000038837 0.0 0.08063999999957838 3.0 3.0 0.0 0.0 0.0 0.0 0.0 -2.8 -3.0 3.0 
8 0.1 -3.0 -3.0 -0.25629999999999153 0.0 3.0 0.0 0.0 0.0 -2.2470000000000017 -1.346699999999992 0.0 0.23186000000038837 0.0 0.0806399999995783 3.0 3.0 0.0 0.0 0.0 0.0 0.0 -2.8 -3.0 3.0 
9 0.1 -3.0 -3.0 -1.45 0.0 0.0 0.0 0.0 0.0 0.0 0.0 0.0 0.0 0.0 0.0 0.0 2.000234000000006 2.279672 0.0 -0.3442760000000034 0.08606900000000017 0.0 0.0 -1.4985040000000023 0.0 
10 0.1 -3.0 -3.0 -1.45 0.0 0.0 0.0 0.0 0.0 0.0 0.0 0.0 0.0 3.0 -2.15 0.0 3.0 3.0 0.0 0.0 0.0 0.0 0.0 -3.0 -0.4 
