1 0.1 0.0 0.0 0.0 0.0 0.0 0.0 0.0 3.0 0.0 0.0 0.0 3.0 0.0 0.0 3.0 0.6141999999999967 0.0 3.0 0.0 0.25 0.0 0.0 0.0 0.0 
2 0.1 0.0 0.0 0.0 0.0 0.0 0.0 0.0 0.0 0.0 0.0 0.0 0.0 0.0 0.0 0.0 2.000234000000006 2.2796719999999997 0.0 0.0 0.08606900000000017 0.0 0.0 0.0 0.0 
3 0.1 0.0 0.0 0.0 0.0 0.0 0.0 0.0 0.0 0.0 0.0 0.0 0.0 0.0 0.0 0.0 3.0 2.2796719999999935 1.3771040000000063 0.0 0.08606899999999973 0.0 0.0 0.0 0.0 
4 0.1 0.0 0.0 0.0 0.0 0.0 0.18289406250001 0.0 3.0 0.0 0.0 1.179585000000003 0.6938796874999966 3.0 0.0 3.0 0.0 0.0 0.46615999999999946 0.0 0.0 0.0 0.0 0.0 0.0 
5 0.1 0.0 0.0 0.0 0.0 3.0 0.0 0.0 0.0 0.0 0.0 0.0 0.23186000000038837 0.0 0.08063999999957838 3.0 3.0 0.0 0.0 0.0 0.0 0.0 0.0 0.0 3.0 
6 0.1 0.0 0.0 0.0 0.0 3.0 0.0 0.0 0.0 0.0 0.0 0.0 0.23186000000038837 0.0 0.0806399999995783 3.0 3.0 0.0 0.0 0.0 0.0 0.0 0.0 0.0 3.0 
7 0.1 0.0 0.0 0.0 0.0 3.0 0.0 0.0 0.0 0.0 0.0 0.0 0.23186000000038837 0.0 0.08063999999957838 3.0 3.0 0.0 0.0 0.0 0.0 0.0 0.0 0.0 3.0 
8 0.1 0.0 0.0 0.0 0.0 3.0 0.0 0.0 0.0 0.0 0.0 0.0 0.23186000000038837 0.0 0.0806399999995783 3.0 3.0 0.0 0.0 0.0 0.0 0.0 0.0 0.0 3.0 
9 0.1 0.0 0.0 0.0 0.0 0.0 0.0 0.0 0.0 0.0 0.0 0.0 0.0 0.0 0.0 0.0 2.000234000000006 2.279672 0.0 0.0 0.08606900000000017 0.0 0.0 0.0 0.0 
10 0.1 0.0 0.0 0.0 0.0 0.0 0.0 0.0 0.0 0.0 0.0 0.0 0.0 3.0 0.0 0.0 3.0 3.0 0.0 0.0 0.0 0.0 0.0 0.0 0.0 
