1 0.1 3.0 0.574286400000009 2.056811599999991 1.818901999999999 0.0 0.0 0.0 0.0 2.4 0.0 0.0 0.0 0.11851999999999974 0.0 0.0 0.0 1.9228399999999999 0.0 0.75 0.0 0.45 0.0 3.0 0.0 
2 0.1 3.0 3.0 1.45 0.0 0.0 0.0 0.0 0.0 0.0 0.0 0.0 0.0 0.0 0.0 0.0 0.0 0.0 0.0 0.34427600000000336 0.0 0.0 0.0 1.4985040000000023 0.0 
3 0.1 3.0 3.0 1.45 0.0 0.0 0.0 0.0 0.0 0.0 0.0 0.0 0.0 0.0 0.0 0.0 0.0 0.0 0.0 0.3442760000000039 0.0 0.0 0.0 3.0 0.4 
4 0.1 3.0 3.0 1.45 0.0 0.0 0.0 0.19508700000001067 0.0 0.0 3.0 0.0 0.0 0.0 0.0 0.0 0.75 0.12969600000000003 0.0 0.1165400000000032 0.0 1.9818320000000074 1.3948599999999924 0.0 0.0 
5 0.1 3.0 3.0 0.25629999999999153 0.0 0.0 0.0 0.0 0.0 2.2470000000000017 1.3466999999999922 0.0 0.0 0.0 0.0 0.0 0.0 0.0 0.0 0.0 0.0 0.0 2.8 3.0 0.0 
6 0.1 3.0 3.0 0.25629999999999153 0.0 0.0 0.0 0.0 0.0 2.2470000000000017 1.346699999999992 0.0 0.0 0.0 0.0 0.0 0.0 0.0 0.0 0.0 0.0 0.0 2.8 3.0 0.0 
7 0.1 3.0 3.0 0.25629999999999153 0.0 0.0 0.0 0.0 0.0 2.2470000000000017 1.3466999999999922 0.0 0.0 0.0 0.0 0.0 0.0 0.0 0.0 0.0 0.0 0.0 2.8 3.0 0.0 
8 0.1 3.0 3.0 0.25629999999999153 0.0 0.0 0.0 0.0 0.0 2.2470000000000017 1.346699999999992 0.0 0.0 0.0 0.0 0.0 0.0 0.0 0.0 0.0 0.0 0.0 2.8 3.0 0.0 
9 0.1 3.0 3.0 1.45 0.0 0.0 0.0 0.0 0.0 0.0 0.0 0.0 0.0 0.0 0.0 0.0 0.0 0.0 0.0 0.3442760000000034 0.0 0.0 0.0 1.4985040000000023 0.0 
10 0.1 3.0 3.0 1.45 0.0 0.0 0.0 0.0 0.0 0.0 0.0 0.0 0.0 0.0 2.15 0.0 0.0 0.0 0.0 0.0 0.0 0.0 0.0 3.0 0.4 
