1 0.1 0.4 0.75 0.6782141999999988 0.42111274999999987 0.19375 0.19375 0.19375 0.19375 0.49375 0.19375 0.19375 0.19375 0.49375000000000013 0.47893500000000017 0.47893500000000017 0.7789350000000003 0.840355 0.6 0.9 0.80625 0.83125 0.775 0.775 0.4 0.4 
2 0.1 0.4 0.75 0.374999999999999 0.19375 0.19375 0.19375 0.19375 0.19375 0.19375 0.19375 0.19375 0.19375 0.19375 0.19375 0.19375 0.19375 0.3937734000000006 0.6217406000000005 0.6217406000000005 0.5787061000000001 0.5873130000000001 0.5873130000000001 0.5873130000000001 0.4 0.4 
3 0.1 0.4 0.75 0.374999999999999 0.19375 0.19375 0.19375 0.19375 0.19375 0.19375 0.19375 0.19375 0.19375 0.19375 0.19375 0.19375 0.19375 0.49375 0.7217171999999994 0.8594276000000001 0.8163931 0.825 0.825 0.8250000000000001 0.45 0.4 
4 0.1 0.4 0.75 0.3749999999999998 0.19375 0.19375 0.19375 0.212039406250001 0.18765353124999967 0.48765353124999977 0.48765353124999977 0.1126535312499998 0.2306120312500001 0.3 0.6 0.6 0.9 0.80625 0.790038 0.836654 0.8220864999999999 0.8220864999999999 0.5743574999999991 0.4 0.4 0.4 
5 0.1 0.4 0.75 0.37499999999999756 0.34296249999999867 0.34296249999999867 0.6429624999999988 0.6429624999999988 0.6429624999999988 0.6429624999999992 0.362087499999999 0.19375 0.19375 0.21693600000003885 0.21693600000003885 0.2249999999999967 0.5249999999999999 0.8250000000000001 0.825 0.825 0.825 0.825 0.825 0.4749999999999999 0.1 0.4 
6 0.1 0.4 0.75 0.37499999999999956 0.3429625000000006 0.3429625000000006 0.6429625000000007 0.6429625000000007 0.6429625000000007 0.6429625000000007 0.36208750000000045 0.19375000000000145 0.19375000000000145 0.2169360000000403 0.2169360000000403 0.22499999999999815 0.5249999999999984 0.8249999999999985 0.825 0.825 0.825 0.825 0.8250000000000001 0.47500000000000003 0.1 0.4 
7 0.1 0.4 0.75 0.37499999999999756 0.34296249999999867 0.34296249999999867 0.6429624999999988 0.6429624999999988 0.6429624999999988 0.6429624999999988 0.36208749999999856 0.19374999999999953 0.19374999999999953 0.21693600000003838 0.21693600000003838 0.2249999999999967 0.5249999999999999 0.825 0.825 0.825 0.825 0.825 0.825 0.4749999999999999 0.1 0.4 
8 0.1 0.4 0.75 0.37499999999999956 0.3429625000000006 0.3429625000000006 0.6429625000000007 0.6429625000000007 0.6429625000000007 0.6429625000000007 0.36208750000000045 0.19375000000000145 0.19375000000000145 0.2169360000000403 0.2169360000000403 0.22499999999999815 0.5249999999999984 0.8249999999999985 0.825 0.825 0.825 0.825 0.8250000000000001 0.47500000000000003 0.1 0.4 
9 0.1 0.4 0.75 0.374999999999999 0.19375 0.19375 0.19375 0.19375 0.19375 0.19375 0.19375 0.19375 0.19375 0.19375 0.19375 0.19375 0.19375 0.3937734000000006 0.6217406000000006 0.6217406000000006 0.5787061000000002 0.5873130000000002 0.5873130000000002 0.5873130000000003 0.4 0.4 
10 0.1 0.4 0.75 0.3749999999999999 0.19375 0.19375 0.19375 0.19375 0.19375 0.19375 0.19375 0.19375 0.19375 0.19375 0.49375000000000013 0.2249999999999992 0.2249999999999992 0.5249999999999996 0.825 0.825 0.825 0.825 0.825 0.825 0.45 0.4 
