1 0.1 1 18.710962
1 0.1 2 17.839999999999975
1 0.1 3 16.89
1 0.1 4 16.02
1 0.1 5 17.335
1 0.1 6 15.762307124999477
1 0.1 7 23.1
1 0.1 8 17.9725
1 0.1 9 18.0675
1 0.1 10 17.38
1 0.1 11 27.37714737500029
1 0.1 12 27.93391000000002
1 0.1 13 31.960000000000008
1 0.1 14 32.59817350000011
1 0.1 15 33.480000000000004
1 0.1 16 31.35
1 0.1 17 30.29
1 0.1 18 24.976437000000008
1 0.1 19 32.86000000000001
1 0.1 20 29.611062999999977
1 0.1 21 26.5275
1 0.1 22 26.405
1 0.1 23 24.5025
1 0.1 24 22.14
2 0.2 1 18.66
2 0.2 2 17.839999999999975
2 0.2 3 16.889999999999972
2 0.2 4 16.019999999999975
2 0.2 5 16.329199999999993
2 0.2 6 20.5612
2 0.2 7 15.4
2 0.2 8 19.81
2 0.2 9 24.088120000000004
2 0.2 10 19.317948999999977
2 0.2 11 21.4775
2 0.2 12 30.6
2 0.2 13 31.960000000000008
2 0.2 14 33.39000000000001
2 0.2 15 33.48
2 0.2 16 29.554805000000016
2 0.2 17 27.535226
2 0.2 18 24.24000000000001
2 0.2 19 32.86000000000001
2 0.2 20 28.3
2 0.2 21 28.574999999999974
2 0.2 22 26.405
2 0.2 23 21.78
2 0.2 24 26.01600000000001
4 0.1 1 18.66
4 0.1 2 17.84
4 0.1 3 16.889999999999972
4 0.1 4 16.02
4 0.1 5 15.41
4 0.1 6 17.009999999999998
4 0.1 7 17.325
4 0.1 8 17.83
4 0.1 9 23.985000000000003
4 0.1 10 17.38
4 0.1 11 25.264143375000295
4 0.1 12 30.6
4 0.1 13 31.960000000000008
4 0.1 14 33.39000000000001
4 0.1 15 32.972808333333404
4 0.1 16 29.84259566666667
4 0.1 17 27.46327833333333
4 0.1 18 29.31249000000001
4 0.1 19 29.048330000000014
4 0.1 20 29.568000000000005
4 0.1 21 26.080183999999996
4 0.1 22 26.405
4 0.1 23 23.99149029166627
4 0.1 24 26.84168
5 0.1 1 18.66
5 0.1 2 17.839999999999904
5 0.1 3 16.89
5 0.1 4 18.0225
5 0.1 5 17.335
5 0.1 6 16.473981374999692
5 0.1 7 20.880000000000006
5 0.1 8 20.192499999999992
5 0.1 9 18.0675
5 0.1 10 17.38
5 0.1 11 27.928487625000365
5 0.1 12 30.6
5 0.1 13 31.960000000000008
5 0.1 14 33.39000000000001
5 0.1 15 33.480000000000004
5 0.1 16 29.554805000000023
5 0.1 17 28.135226000000017
5 0.1 18 27.976437
5 0.1 19 29.436702999999984
5 0.1 20 30.034360000000003
5 0.1 21 26.5275
5 0.1 22 26.405
5 0.1 23 21.78
5 0.1 24 22.14
6 0.2 1 18.66
6 0.2 2 17.839999999999904
6 0.2 3 16.89
6 0.2 4 18.0225
6 0.2 5 17.335
6 0.2 6 16.473981374999692
6 0.2 7 20.880000000000003
6 0.2 8 20.1925
6 0.2 9 18.0675
6 0.2 10 17.38
6 0.2 11 27.928487625000365
6 0.2 12 30.6
6 0.2 13 31.960000000000008
6 0.2 14 33.39000000000001
6 0.2 15 33.480000000000004
6 0.2 16 29.874711000000012
6 0.2 17 27.815320000000025
6 0.2 18 27.976437
6 0.2 19 29.43670299999999
6 0.2 20 30.034359999999996
6 0.2 21 26.5275
6 0.2 22 26.405
6 0.2 23 21.78
6 0.2 24 22.14
8 0.1 1 18.66
8 0.1 2 17.839999999999904
8 0.1 3 16.89
8 0.1 4 18.0225
8 0.1 5 17.335
8 0.1 6 16.473981374999692
8 0.1 7 20.880000000000006
8 0.1 8 20.1925
8 0.1 9 18.0675
8 0.1 10 17.379999999999967
8 0.1 11 27.928487625000365
8 0.1 12 30.6
8 0.1 13 31.960000000000008
8 0.1 14 33.39000000000001
8 0.1 15 33.480000000000004
8 0.1 16 30.931851000000073
8 0.1 17 26.75818000000002
8 0.1 18 27.976437
8 0.1 19 29.436702999999984
8 0.1 20 30.034360000000003
8 0.1 21 26.5275
8 0.1 22 26.405
8 0.1 23 21.78
8 0.1 24 22.14
9 0.1 1 18.66
9 0.1 2 17.83999999999994
9 0.1 3 16.889999999999922
9 0.1 4 16.019999999999925
9 0.1 5 15.40999999999993
9 0.1 6 15.11999999999994
9 0.1 7 17.325
9 0.1 8 20.102679999999996
9 0.1 9 21.712320000000002
9 0.1 10 17.92471099999997
9 0.1 11 28.640000000000008
9 0.1 12 30.6
9 0.1 13 31.960000000000008
9 0.1 14 33.39000000000001
9 0.1 15 33.480000000000004
9 0.1 16 29.70622000000002
9 0.1 17 27.911460000000005
9 0.1 18 27.97643700000001
9 0.1 19 29.236644000000005
9 0.1 20 33.71503000000001
9 0.1 21 23.58
9 0.1 22 25.871888999999967
9 0.1 23 22.69376
9 0.1 24 25.3238490000003
10 0.1 1 18.66
10 0.1 2 17.84
10 0.1 3 16.89
10 0.1 4 16.019999999999925
10 0.1 5 15.40999999999993
10 0.1 6 15.119999999999939
10 0.1 7 17.325
10 0.1 8 20.102679999999996
10 0.1 9 21.712320000000002
10 0.1 10 17.379999999999967
10 0.1 11 28.640000000000008
10 0.1 12 30.6
10 0.1 13 31.960000000000008
10 0.1 14 33.39000000000001
10 0.1 15 33.480000000000004
10 0.1 16 31.35
10 0.1 17 27.455680625000163
10 0.1 18 27.506080000000004
10 0.1 19 29.462031000000025
10 0.1 20 33.96000000000001
10 0.1 21 23.58
10 0.1 22 25.871888999999967
10 0.1 23 22.69376
10 0.1 24 24.680559374999994
