1 0.1 1 4.619038
1 0.1 2 4.460000000000026
1 0.1 3 4.23
1 0.1 4 4.010000000000002
1 0.1 5 1.9250000000000007
1 0.1 6 3.1376928750005213
1 0.1 7 0.0
1 0.1 8 1.8374999999999986
1 0.1 9 2.0124999999999993
1 0.1 10 4.34
1 0.1 11 0.0
1 0.1 12 0.0
1 0.1 13 0.0
1 0.1 14 0.0
1 0.1 15 0.0
1 0.1 16 0.0
1 0.1 17 0.0
1 0.1 18 0.9035629999999912
1 0.1 19 0.0
1 0.1 20 0.0
1 0.1 21 2.9525000000000006
1 0.1 22 2.9349999999999987
1 0.1 23 2.7174999999999976
1 0.1 24 2.460000000000001
2 0.2 1 4.669999999999998
2 0.2 2 4.460000000000026
2 0.2 3 4.230000000000029
2 0.2 4 4.010000000000026
2 0.2 5 2.9308000000000085
2 0.2 6 0.0
2 0.2 7 3.85
2 0.2 8 0.0
2 0.2 9 0.0
2 0.2 10 2.4020510000000215
2 0.2 11 2.3825000000000003
2 0.2 12 0.0
2 0.2 13 0.0
2 0.2 14 0.0
2 0.2 15 0.0
2 0.2 16 0.0
2 0.2 17 0.0
2 0.2 18 1.63999999999999
2 0.2 19 0.0
2 0.2 20 0.0
2 0.2 21 0.905000000000026
2 0.2 22 2.9349999999999987
2 0.2 23 5.439999999999998
2 0.2 24 0.0
4 0.1 1 4.669999999999998
4 0.1 2 4.460000000000001
4 0.1 3 4.230000000000029
4 0.1 4 4.010000000000002
4 0.1 5 3.85
4 0.1 6 1.8900000000000006
4 0.1 7 1.9250000000000007
4 0.1 8 1.9800000000000004
4 0.1 9 0.0
4 0.1 10 4.34
4 0.1 11 0.0
4 0.1 12 0.0
4 0.1 13 0.0
4 0.1 14 0.0
4 0.1 15 0.0
4 0.1 16 0.0
4 0.1 17 0.0
4 0.1 18 0.0
4 0.1 19 0.0
4 0.1 20 0.0
4 0.1 21 3.399816000000005
4 0.1 22 2.9349999999999987
4 0.1 23 3.2285097083337284
4 0.1 24 0.0
5 0.1 1 4.669999999999998
5 0.1 2 4.460000000000097
5 0.1 3 4.23
5 0.1 4 2.0075000000000003
5 0.1 5 1.9250000000000007
5 0.1 6 2.4260186250003066
5 0.1 7 0.0
5 0.1 8 0.0
5 0.1 9 2.0124999999999993
5 0.1 10 4.34
5 0.1 11 0.0
5 0.1 12 0.0
5 0.1 13 0.0
5 0.1 14 0.0
5 0.1 15 0.0
5 0.1 16 0.0
5 0.1 17 0.0
5 0.1 18 0.0
5 0.1 19 0.0
5 0.1 20 0.0
5 0.1 21 2.9525000000000006
5 0.1 22 2.9349999999999987
5 0.1 23 5.439999999999998
5 0.1 24 2.460000000000001
6 0.2 1 4.669999999999998
6 0.2 2 4.460000000000097
6 0.2 3 4.23
6 0.2 4 2.0075000000000003
6 0.2 5 1.9250000000000007
6 0.2 6 2.4260186250003066
6 0.2 7 0.0
6 0.2 8 0.0
6 0.2 9 2.0124999999999993
6 0.2 10 4.34
6 0.2 11 0.0
6 0.2 12 0.0
6 0.2 13 0.0
6 0.2 14 0.0
6 0.2 15 0.0
6 0.2 16 0.0
6 0.2 17 0.0
6 0.2 18 0.0
6 0.2 19 0.0
6 0.2 20 0.0
6 0.2 21 2.9525000000000006
6 0.2 22 2.9349999999999987
6 0.2 23 5.439999999999998
6 0.2 24 2.460000000000001
8 0.1 1 4.669999999999998
8 0.1 2 4.460000000000097
8 0.1 3 4.23
8 0.1 4 2.0075000000000003
8 0.1 5 1.9250000000000007
8 0.1 6 2.4260186250003066
8 0.1 7 0.0
8 0.1 8 0.0
8 0.1 9 2.0124999999999993
8 0.1 10 4.340000000000032
8 0.1 11 0.0
8 0.1 12 0.0
8 0.1 13 0.0
8 0.1 14 0.0
8 0.1 15 0.0
8 0.1 16 0.0
8 0.1 17 0.0
8 0.1 18 0.0
8 0.1 19 0.0
8 0.1 20 0.0
8 0.1 21 2.9525000000000006
8 0.1 22 2.9349999999999987
8 0.1 23 5.439999999999998
8 0.1 24 2.460000000000001
9 0.1 1 4.669999999999998
9 0.1 2 4.460000000000061
9 0.1 3 4.230000000000079
9 0.1 4 4.010000000000076
9 0.1 5 3.85
9 0.1 6 3.780000000000058
9 0.1 7 1.9250000000000007
9 0.1 8 0.0
9 0.1 9 0.0
9 0.1 10 3.795289000000029
9 0.1 11 0.0
9 0.1 12 0.0
9 0.1 13 0.0
9 0.1 14 0.0
9 0.1 15 0.0
9 0.1 16 0.0
9 0.1 17 0.0
9 0.1 18 0.0
9 0.1 19 0.0
9 0.1 20 0.0
9 0.1 21 5.9
9 0.1 22 3.4681110000000324
9 0.1 23 4.526239999999998
9 0.1 24 0.0
10 0.1 1 4.669999999999998
10 0.1 2 4.460000000000001
10 0.1 3 4.23
10 0.1 4 4.010000000000076
10 0.1 5 3.85
10 0.1 6 3.7800000000000598
10 0.1 7 1.9250000000000007
10 0.1 8 0.0
10 0.1 9 0.0
10 0.1 10 4.340000000000032
10 0.1 11 0.0
10 0.1 12 0.0
10 0.1 13 0.0
10 0.1 14 0.0
10 0.1 15 0.0
10 0.1 16 0.0
10 0.1 17 0.0
10 0.1 18 0.0
10 0.1 19 0.0
10 0.1 20 0.0
10 0.1 21 5.9
10 0.1 22 3.4681110000000324
10 0.1 23 4.526239999999998
10 0.1 24 0.0
