1 0.1 1 0.0
1 0.1 2 0.0
1 0.1 3 0.0
1 0.1 4 0.0
1 0.1 5 0.0
1 0.1 6 0.0
1 0.1 7 3.85
1 0.1 8 0.0
1 0.1 9 0.0
1 0.1 10 0.0
1 0.1 11 3.5171473750002917
1 0.1 12 2.4339100000000187
1 0.1 13 5.330000000000009
1 0.1 14 4.76817350000011
1 0.1 15 5.580000000000005
1 0.1 16 5.220000000000002
1 0.1 17 5.05
1 0.1 18 0.0
1 0.1 19 5.4800000000000075
1 0.1 20 1.3110629999999759
1 0.1 21 0.0
1 0.1 22 0.0
1 0.1 23 0.0
1 0.1 24 0.0
2 0.2 1 0.0
2 0.2 2 0.0
2 0.2 3 0.0
2 0.2 4 0.0
2 0.2 5 0.0
2 0.2 6 1.661200000000001
2 0.2 7 0.0
2 0.2 8 0.0
2 0.2 9 4.008120000000005
2 0.2 10 0.0
2 0.2 11 0.0
2 0.2 12 5.1
2 0.2 13 5.330000000000009
2 0.2 14 5.560000000000009
2 0.2 15 5.579999999999998
2 0.2 16 3.424805000000017
2 0.2 17 2.295226000000003
2 0.2 18 0.0
2 0.2 19 5.4800000000000075
2 0.2 20 0.0
2 0.2 21 0.0
2 0.2 22 0.0
2 0.2 23 0.0
2 0.2 24 1.4160000000000075
4 0.1 1 0.0
4 0.1 2 0.0
4 0.1 3 0.0
4 0.1 4 0.0
4 0.1 5 0.0
4 0.1 6 0.0
4 0.1 7 0.0
4 0.1 8 0.0
4 0.1 9 3.9050000000000047
4 0.1 10 0.0
4 0.1 11 1.4041433750002952
4 0.1 12 5.1
4 0.1 13 5.330000000000009
4 0.1 14 5.560000000000009
4 0.1 15 5.0728083333334055
4 0.1 16 3.7125956666666724
4 0.1 17 2.223278333333333
4 0.1 18 3.432490000000012
4 0.1 19 1.6683300000000152
4 0.1 20 1.2680000000000042
4 0.1 21 0.0
4 0.1 22 0.0
4 0.1 23 0.0
4 0.1 24 2.241679999999999
5 0.1 1 0.0
5 0.1 2 0.0
5 0.1 3 0.0
5 0.1 4 0.0
5 0.1 5 0.0
5 0.1 6 0.0
5 0.1 7 1.630000000000006
5 0.1 8 0.3824999999999932
5 0.1 9 0.0
5 0.1 10 0.0
5 0.1 11 4.068487625000365
5 0.1 12 5.1
5 0.1 13 5.330000000000009
5 0.1 14 5.560000000000009
5 0.1 15 5.580000000000005
5 0.1 16 3.424805000000024
5 0.1 17 2.8952260000000187
5 0.1 18 2.0964370000000017
5 0.1 19 2.0567029999999846
5 0.1 20 1.7343600000000023
5 0.1 21 0.0
5 0.1 22 0.0
5 0.1 23 0.0
5 0.1 24 0.0
6 0.2 1 0.0
6 0.2 2 0.0
6 0.2 3 0.0
6 0.2 4 0.0
6 0.2 5 0.0
6 0.2 6 0.0
6 0.2 7 1.6300000000000026
6 0.2 8 0.3825000000000003
6 0.2 9 0.0
6 0.2 10 0.0
6 0.2 11 4.068487625000365
6 0.2 12 5.1
6 0.2 13 5.330000000000009
6 0.2 14 5.560000000000009
6 0.2 15 5.580000000000005
6 0.2 16 3.744711000000013
6 0.2 17 2.5753200000000263
6 0.2 18 2.0964370000000017
6 0.2 19 2.0567029999999917
6 0.2 20 1.7343599999999952
6 0.2 21 0.0
6 0.2 22 0.0
6 0.2 23 0.0
6 0.2 24 0.0
8 0.1 1 0.0
8 0.1 2 0.0
8 0.1 3 0.0
8 0.1 4 0.0
8 0.1 5 0.0
8 0.1 6 0.0
8 0.1 7 1.630000000000006
8 0.1 8 0.3825000000000003
8 0.1 9 0.0
8 0.1 10 0.0
8 0.1 11 4.068487625000365
8 0.1 12 5.1
8 0.1 13 5.330000000000009
8 0.1 14 5.560000000000009
8 0.1 15 5.580000000000005
8 0.1 16 4.801851000000074
8 0.1 17 1.5181800000000223
8 0.1 18 2.0964370000000017
8 0.1 19 2.0567029999999846
8 0.1 20 1.7343600000000023
8 0.1 21 0.0
8 0.1 22 0.0
8 0.1 23 0.0
8 0.1 24 0.0
9 0.1 1 0.0
9 0.1 2 0.0
9 0.1 3 0.0
9 0.1 4 0.0
9 0.1 5 0.0
9 0.1 6 0.0
9 0.1 7 0.0
9 0.1 8 0.29267999999999716
9 0.1 9 1.6323200000000035
9 0.1 10 0.0
9 0.1 11 4.780000000000008
9 0.1 12 5.1
9 0.1 13 5.330000000000009
9 0.1 14 5.560000000000009
9 0.1 15 5.580000000000005
9 0.1 16 3.5762200000000206
9 0.1 17 2.671460000000007
9 0.1 18 2.0964370000000123
9 0.1 19 1.8566440000000064
9 0.1 20 5.415030000000012
9 0.1 21 0.0
9 0.1 22 0.0
9 0.1 23 0.0
9 0.1 24 0.7238490000002997
10 0.1 1 0.0
10 0.1 2 0.0
10 0.1 3 0.0
10 0.1 4 0.0
10 0.1 5 0.0
10 0.1 6 0.0
10 0.1 7 0.0
10 0.1 8 0.29267999999999716
10 0.1 9 1.6323200000000035
10 0.1 10 0.0
10 0.1 11 4.780000000000008
10 0.1 12 5.1
10 0.1 13 5.330000000000009
10 0.1 14 5.560000000000009
10 0.1 15 5.580000000000005
10 0.1 16 5.2200000000000095
10 0.1 17 2.2156806250001644
10 0.1 18 1.6260800000000053
10 0.1 19 2.0820310000000255
10 0.1 20 5.660000000000007
10 0.1 21 0.0
10 0.1 22 0.0
10 0.1 23 0.0
10 0.1 24 0.08055937499999288
