1 0.1 0.8791100000000001 1.00217 1.36729 1.27527 0.8595600000000001 0.34366 0.0 0.0 0.0 0.0 0.0 0.40759999999999996 1.08166 1.42099 1.45755 1.3572000000000002 1.18728 1.87974 2.24885 2.1947900000000002 1.35498 1.39486 1.9214200000000001 2.00729 
2 0.1 0.80428 0.62668 0.63278 0.7018099999999999 0.68868 0.83214 0.8593000000000001 0.15897 0.0 0.0 0.11201 0.59024 1.9162499999999998 1.9400300000000001 1.25938 0.11383000000000001 0.0 0.29669999999999996 1.22455 1.80091 1.9424700000000001 2.41661 2.70416 2.70509 
3 0.1 0.80428 0.62668 0.63278 0.7018099999999999 0.68868 0.83214 0.8593000000000001 0.15897 0.0 0.0 0.11201 0.59024 1.9162499999999998 2.0029500000000002 2.32185 2.80994 3.25448 3.6323600000000003 3.9754699999999996 3.6587300000000003 2.69285 2.78427 3.15002 2.43116 
4 0.1 1.03917 0.02672 0.0 0.0 0.0 0.0 0.0 0.0 0.0 0.0 0.0 0.0 0.0 0.0 0.0 0.0 0.0 0.13705 0.19290000000000002 0.10132000000000001 0.0 0.0 0.37762999999999997 0.6450400000000001 
5 0.1 0.6331 0.43487 0.31325 0.39229 0.41064 2.17961 2.00209 1.74984 1.04212 0.44011 0.49702 0.8934300000000001 0.92302 0.9865599999999999 0.88827 0.9295100000000001 1.19731 1.66125 2.34591 2.70797 2.1074100000000002 2.02492 2.30077 2.22627 
6 0.1 0.85186 0.9803000000000001 1.1309900000000002 1.38667 1.53152 1.4238400000000002 1.16303 0.15018 0.0 0.10962 0.82582 1.7515900000000002 2.47897 2.94514 2.99751 2.8002 2.68105 2.6951599999999996 2.7118399999999996 2.58086 2.13983 2.29463 2.8727 3.10425 
7 0.1 0.6331 0.43487 0.31325 0.39229 0.41064 0.23945999999999998 0.1311 0.28343 0.15222 0.18128 0.66917 1.52586 2.19161 2.51036 2.50333 2.36007 3.4650399999999997 4.2238999999999995 4.4637 4.15435 3.3111800000000002 2.97207 3.1660700000000004 3.22476 
8 0.1 0.85186 0.9803000000000001 1.1309900000000002 1.38667 1.53152 1.4238400000000002 1.16303 0.15018 0.0 0.10962 0.82582 1.7515900000000002 2.47897 2.94514 2.99751 2.8002 2.68105 2.6951599999999996 2.7118399999999996 2.58086 2.13983 2.29463 2.8727 3.10425 
9 0.1 0.80428 0.62668 0.63278 0.7018099999999999 0.68868 0.83214 0.8593000000000001 0.15897 0.0 0.0 0.11201 0.59024 1.9162499999999998 1.21762 1.04228 0.8944000000000001 0.7393099999999999 0.57239 0.6350899999999999 0.7962 0.32271 0.7238100000000001 1.6592000000000002 2.08193 
10 0.1 0.87766 0.0 0.66707 0.9360499999999999 1.21463 0.8681899999999999 0.6970999999999999 0.8529 0.9845900000000001 1.23532 1.33689 1.7275299999999998 1.88836 1.9967099999999998 1.89955 1.7433100000000001 1.63694 1.70123 2.23359 2.58436 2.16563 2.3228299999999997 2.7122200000000003 2.5898 
