# Parameters for Flexible Demand Model
# Date: 2026-01-01 | Resolution: 15 min | Mode: uniform
# Periods: 96 | Units: MWh

## Central Demand
param FD :=
            1 1 5.5
            1 2 5.5
            1 3 5.5
            1 4 5.5
            2 1 5.07
            2 2 5.07
            2 3 5.07
            2 4 5.07
            3 1 4.73
            3 2 4.73
            3 3 4.73
            3 4 4.73
            4 1 4.5
            4 2 4.5
            4 3 4.5
            4 4 4.5
            5 1 4.36
            5 2 4.36
            5 3 4.36
            5 4 4.36
            6 1 4.43
            6 2 4.43
            6 3 4.43
            6 4 4.43
            7 1 4.59
            7 2 4.59
            7 3 4.59
            7 4 4.59
            8 1 4.8
            8 2 4.8
            8 3 4.8
            8 4 4.8
            9 1 5.27
            9 2 5.27
            9 3 5.27
            9 4 5.27
            10 1 5.84
            10 2 5.84
            10 3 5.84
            10 4 5.84
            11 1 6.33
            11 2 6.33
            11 3 6.33
            11 4 6.33
            12 1 6.69
            12 2 6.69
            12 3 6.69
            12 4 6.69
            13 1 7.01
            13 2 7.01
            13 3 7.01
            13 4 7.01
            14 1 7.05
            14 2 7.05
            14 3 7.05
            14 4 7.05
            15 1 6.83
            15 2 6.83
            15 3 6.83
            15 4 6.83
            16 1 6.69
            16 2 6.69
            16 3 6.69
            16 4 6.69
            17 1 6.95
            17 2 6.95
            17 3 6.95
            17 4 6.95
            18 1 7.33
            18 2 7.33
            18 3 7.33
            18 4 7.33
            19 1 7.62
            19 2 7.62
            19 3 7.62
            19 4 7.62
            20 1 7.95
            20 2 7.95
            20 3 7.95
            20 4 7.95
            21 1 7.92
            21 2 7.92
            21 3 7.92
            21 4 7.92
            22 1 7.34
            22 2 7.34
            22 3 7.34
            22 4 7.34
            23 1 6.46
            23 2 6.46
            23 3 6.46
            23 4 6.46
            24 1 5.51
            24 2 5.51
            24 3 5.51
            24 4 5.51
;

## Lower Bound on Flexible Demand
param FD_L :=
            1 1 4.4
            1 2 4.4
            1 3 4.4
            1 4 4.4
            2 1 4.05
            2 2 4.05
            2 3 4.05
            2 4 4.05
            3 1 3.79
            3 2 3.79
            3 3 3.79
            3 4 3.79
            4 1 3.6
            4 2 3.6
            4 3 3.6
            4 4 3.6
            5 1 3.49
            5 2 3.49
            5 3 3.49
            5 4 3.49
            6 1 3.54
            6 2 3.54
            6 3 3.54
            6 4 3.54
            7 1 3.67
            7 2 3.67
            7 3 3.67
            7 4 3.67
            8 1 3.84
            8 2 3.84
            8 3 3.84
            8 4 3.84
            9 1 4.22
            9 2 4.22
            9 3 4.22
            9 4 4.22
            10 1 4.67
            10 2 4.67
            10 3 4.67
            10 4 4.67
            11 1 5.07
            11 2 5.07
            11 3 5.07
            11 4 5.07
            12 1 5.35
            12 2 5.35
            12 3 5.35
            12 4 5.35
            13 1 5.61
            13 2 5.61
            13 3 5.61
            13 4 5.61
            14 1 5.64
            14 2 5.64
            14 3 5.64
            14 4 5.64
            15 1 5.46
            15 2 5.46
            15 3 5.46
            15 4 5.46
            16 1 5.35
            16 2 5.35
            16 3 5.35
            16 4 5.35
            17 1 5.56
            17 2 5.56
            17 3 5.56
            17 4 5.56
            18 1 5.86
            18 2 5.86
            18 3 5.86
            18 4 5.86
            19 1 6.1
            19 2 6.1
            19 3 6.1
            19 4 6.1
            20 1 6.36
            20 2 6.36
            20 3 6.36
            20 4 6.36
            21 1 6.34
            21 2 6.34
            21 3 6.34
            21 4 6.34
            22 1 5.87
            22 2 5.87
            22 3 5.87
            22 4 5.87
            23 1 5.17
            23 2 5.17
            23 3 5.17
            23 4 5.17
            24 1 4.41
            24 2 4.41
            24 3 4.41
            24 4 4.41
;

## Upper Bound on Flexible Demand
param FD_U :=
            1 1 6.6
            1 2 6.6
            1 3 6.6
            1 4 6.6
            2 1 6.08
            2 2 6.08
            2 3 6.08
            2 4 6.08
            3 1 5.68
            3 2 5.68
            3 3 5.68
            3 4 5.68
            4 1 5.4
            4 2 5.4
            4 3 5.4
            4 4 5.4
            5 1 5.23
            5 2 5.23
            5 3 5.23
            5 4 5.23
            6 1 5.31
            6 2 5.31
            6 3 5.31
            6 4 5.31
            7 1 5.51
            7 2 5.51
            7 3 5.51
            7 4 5.51
            8 1 5.76
            8 2 5.76
            8 3 5.76
            8 4 5.76
            9 1 6.32
            9 2 6.32
            9 3 6.32
            9 4 6.32
            10 1 7.01
            10 2 7.01
            10 3 7.01
            10 4 7.01
            11 1 7.6
            11 2 7.6
            11 3 7.6
            11 4 7.6
            12 1 8.03
            12 2 8.03
            12 3 8.03
            12 4 8.03
            13 1 8.41
            13 2 8.41
            13 3 8.41
            13 4 8.41
            14 1 8.46
            14 2 8.46
            14 3 8.46
            14 4 8.46
            15 1 8.19
            15 2 8.19
            15 3 8.19
            15 4 8.19
            16 1 8.02
            16 2 8.02
            16 3 8.02
            16 4 8.02
            17 1 8.34
            17 2 8.34
            17 3 8.34
            17 4 8.34
            18 1 8.79
            18 2 8.79
            18 3 8.79
            18 4 8.79
            19 1 9.15
            19 2 9.15
            19 3 9.15
            19 4 9.15
            20 1 9.54
            20 2 9.54
            20 3 9.54
            20 4 9.54
            21 1 9.51
            21 2 9.51
            21 3 9.51
            21 4 9.51
            22 1 8.81
            22 2 8.81
            22 3 8.81
            22 4 8.81
            23 1 7.75
            23 2 7.75
            23 3 7.75
            23 4 7.75
            24 1 6.61
            24 2 6.61
            24 3 6.61
            24 4 6.61
;

## Upper Bound on Upwards Reserve Provided by Flexible Demand
param RUFD :=
            1 1 2.2
            1 2 2.2
            1 3 2.2
            1 4 2.2
            2 1 2.03
            2 2 2.03
            2 3 2.03
            2 4 2.03
            3 1 1.89
            3 2 1.89
            3 3 1.89
            3 4 1.89
            4 1 1.8
            4 2 1.8
            4 3 1.8
            4 4 1.8
            5 1 1.74
            5 2 1.74
            5 3 1.74
            5 4 1.74
            6 1 1.77
            6 2 1.77
            6 3 1.77
            6 4 1.77
            7 1 1.84
            7 2 1.84
            7 3 1.84
            7 4 1.84
            8 1 1.92
            8 2 1.92
            8 3 1.92
            8 4 1.92
            9 1 2.11
            9 2 2.11
            9 3 2.11
            9 4 2.11
            10 1 2.34
            10 2 2.34
            10 3 2.34
            10 4 2.34
            11 1 2.53
            11 2 2.53
            11 3 2.53
            11 4 2.53
            12 1 2.68
            12 2 2.68
            12 3 2.68
            12 4 2.68
            13 1 2.8
            13 2 2.8
            13 3 2.8
            13 4 2.8
            14 1 2.82
            14 2 2.82
            14 3 2.82
            14 4 2.82
            15 1 2.73
            15 2 2.73
            15 3 2.73
            15 4 2.73
            16 1 2.67
            16 2 2.67
            16 3 2.67
            16 4 2.67
            17 1 2.78
            17 2 2.78
            17 3 2.78
            17 4 2.78
            18 1 2.93
            18 2 2.93
            18 3 2.93
            18 4 2.93
            19 1 3.05
            19 2 3.05
            19 3 3.05
            19 4 3.05
            20 1 3.18
            20 2 3.18
            20 3 3.18
            20 4 3.18
            21 1 3.17
            21 2 3.17
            21 3 3.17
            21 4 3.17
            22 1 2.94
            22 2 2.94
            22 3 2.94
            22 4 2.94
            23 1 2.58
            23 2 2.58
            23 3 2.58
            23 4 2.58
            24 1 2.2
            24 2 2.2
            24 3 2.2
            24 4 2.2
;

## Upper Bound on Downwards Reserve Provided by Flexible Demand
param RDFD :=
            1 1 13.2
            1 2 13.2
            1 3 13.2
            1 4 13.2
            2 1 12.16
            2 2 12.16
            2 3 12.16
            2 4 12.16
            3 1 11.36
            3 2 11.36
            3 3 11.36
            3 4 11.36
            4 1 10.79
            4 2 10.79
            4 3 10.79
            4 4 10.79
            5 1 10.46
            5 2 10.46
            5 3 10.46
            5 4 10.46
            6 1 10.62
            6 2 10.62
            6 3 10.62
            6 4 10.62
            7 1 11.02
            7 2 11.02
            7 3 11.02
            7 4 11.02
            8 1 11.53
            8 2 11.53
            8 3 11.53
            8 4 11.53
            9 1 12.65
            9 2 12.65
            9 3 12.65
            9 4 12.65
            10 1 14.01
            10 2 14.01
            10 3 14.01
            10 4 14.01
            11 1 15.2
            11 2 15.2
            11 3 15.2
            11 4 15.2
            12 1 16.06
            12 2 16.06
            12 3 16.06
            12 4 16.06
            13 1 16.83
            13 2 16.83
            13 3 16.83
            13 4 16.83
            14 1 16.93
            14 2 16.93
            14 3 16.93
            14 4 16.93
            15 1 16.39
            15 2 16.39
            15 3 16.39
            15 4 16.39
            16 1 16.05
            16 2 16.05
            16 3 16.05
            16 4 16.05
            17 1 16.68
            17 2 16.68
            17 3 16.68
            17 4 16.68
            18 1 17.59
            18 2 17.59
            18 3 17.59
            18 4 17.59
            19 1 18.3
            19 2 18.3
            19 3 18.3
            19 4 18.3
            20 1 19.09
            20 2 19.09
            20 3 19.09
            20 4 19.09
            21 1 19.01
            21 2 19.01
            21 3 19.01
            21 4 19.01
            22 1 17.62
            22 2 17.62
            22 3 17.62
            22 4 17.62
            23 1 15.5
            23 2 15.5
            23 3 15.5
            23 4 15.5
            24 1 13.22
            24 2 13.22
            24 3 13.22
            24 4 13.22
;


## Number nFI of time intervals in which a certain fraction of the demand has to be met (card(set F)) 
param nFI := 2; 
 
## First time step of interval f in FI 
param TF_L :=   1 7 
                2 18
; 
 
## Last time step of interval f in FI
param TF_U :=   1 9 
                2 22
; 
 
## Fraction of central demand that needs to be met during interval f in FI 
param coef_FD :=    1 1 
                    2 1
; 
 
## Cost per unit of flexible demand activated [EUR]
param C_FD := 1;
