1 1.0 1 0.0
1 1.0 2 0.0
1 1.0 3 0.0
1 1.0 4 1.942499999999999
1 1.0 5 1.9725000000000001
1 1.0 6 2.1675000000000004
1 1.0 7 0.0
1 1.0 8 0.0
1 1.0 9 0.0
1 1.0 10 3.934999999999995
1 1.0 11 3.944999999999993
1 1.0 12 4.007499999999993
1 1.0 13 4.109999999999999
1 1.0 14 4.037500000000001
1 1.0 15 3.9750000000000014
1 1.0 16 3.780000000000001
1 1.0 17 3.7225000000000037
1 1.0 18 3.752500000000005
1 1.0 19 3.8299999999999983
1 1.0 20 0.0
1 1.0 21 0.0
1 1.0 22 0.0
1 1.0 23 0.0
1 1.0 24 2.7624999999999993
