1 0.1 1 0.0
1 0.1 2 4.02000000000001
1 0.1 3 3.8300000000000054
1 0.1 4 3.75
1 0.1 5 0.14487999999987977
1 0.1 6 0.0
1 0.1 7 4.780000000000015
1 0.1 8 0.0
1 0.1 9 0.0
1 0.1 10 0.0
1 0.1 11 0.0
1 0.1 12 1.6096000000000288
1 0.1 13 4.425180000000061
1 0.1 14 0.0
1 0.1 15 0.0
1 0.1 16 0.0
1 0.1 17 0.0
1 0.1 18 0.0
1 0.1 19 4.5
1 0.1 20 0.0
1 0.1 21 0.0
1 0.1 22 7.030000000000008
1 0.1 23 6.169999999999998
1 0.1 24 3.317290000000007
2 0.1 1 0.0
2 0.1 2 0.0
2 0.1 3 0.0
2 0.1 4 0.0
2 0.1 5 0.0
2 0.1 6 0.0
2 0.1 7 4.779999999999998
2 0.1 8 0.0
2 0.1 9 0.0
2 0.1 10 0.0
2 0.1 11 0.0
2 0.1 12 4.066240000000079
2 0.1 13 5.605250000000069
2 0.1 14 0.0
2 0.1 15 6.984147999999642
2 0.1 16 0.0
2 0.1 17 0.0
2 0.1 18 4.552500000000009
2 0.1 19 0.0
2 0.1 20 0.0
2 0.1 21 0.0
2 0.1 22 7.030000000000001
2 0.1 23 6.170000000000005
2 0.1 24 5.460000000000008
3 0.1 1 0.0
3 0.1 2 0.0
3 0.1 3 0.0
3 0.1 4 0.0
3 0.1 5 0.0
3 0.1 6 0.0
3 0.1 7 4.779999999999998
3 0.1 8 0.0
3 0.1 9 0.0
3 0.1 10 0.0
3 0.1 11 0.0
3 0.1 12 4.066240000000079
3 0.1 13 5.605250000000069
3 0.1 14 0.0
3 0.1 15 6.984147999999642
3 0.1 16 0.0
3 0.1 17 0.0
3 0.1 18 4.552500000000016
3 0.1 19 0.0
3 0.1 20 0.0
3 0.1 21 0.0
3 0.1 22 7.02999999999998
3 0.1 23 6.169999999999998
3 0.1 24 5.460000000000008
4 0.1 1 0.0
4 0.1 2 0.0
4 0.1 3 2.5380164000000356
4 0.1 4 0.6558280000000067
4 0.1 5 3.628503287499637
4 0.1 6 0.0
4 0.1 7 4.780000000000015
4 0.1 8 0.0
4 0.1 9 0.0
4 0.1 10 0.0
4 0.1 11 0.0
4 0.1 12 5.860652312500044
4 0.1 13 0.0
4 0.1 14 1.911000000000044
4 0.1 15 0.0
4 0.1 16 0.0
4 0.1 17 0.0
4 0.1 18 0.0
4 0.1 19 0.0
4 0.1 20 0.0
4 0.1 21 4.431921999999993
4 0.1 22 7.030000000000008
4 0.1 23 6.170000000000005
4 0.1 24 5.460000000000008
5 0.1 1 0.0
5 0.1 2 1.778076999999847
5 0.1 3 0.0
5 0.1 4 0.0
5 0.1 5 0.0
5 0.1 6 0.0
5 0.1 7 4.780000000000015
5 0.1 8 0.0
5 0.1 9 0.0
5 0.1 10 0.0
5 0.1 11 0.0
5 0.1 12 8.019999999999996
5 0.1 13 7.990000000000009
5 0.1 14 8.15
5 0.1 15 0.0
5 0.1 16 0.0
5 0.1 17 0.0
5 0.1 18 0.0
5 0.1 19 0.0
5 0.1 20 0.0
5 0.1 21 4.557499999999997
5 0.1 22 7.030000000000015
5 0.1 23 0.0
5 0.1 24 5.460000000000008
6 0.1 1 0.0
6 0.1 2 1.7780769999998611
6 0.1 3 0.0
6 0.1 4 0.0
6 0.1 5 0.0
6 0.1 6 0.0
6 0.1 7 4.779999999999998
6 0.1 8 0.0
6 0.1 9 0.0
6 0.1 10 0.0
6 0.1 11 0.0
6 0.1 12 8.019999999999996
6 0.1 13 7.990000000000002
6 0.1 14 8.15
6 0.1 15 0.0
6 0.1 16 0.0
6 0.1 17 0.0
6 0.1 18 0.0
6 0.1 19 0.0
6 0.1 20 0.0
6 0.1 21 4.557499999999997
6 0.1 22 7.030000000000001
6 0.1 23 0.0
6 0.1 24 5.460000000000008
7 0.1 1 0.0
7 0.1 2 1.778076999999847
7 0.1 3 0.0
7 0.1 4 0.0
7 0.1 5 0.0
7 0.1 6 0.0
7 0.1 7 4.779999999999998
7 0.1 8 0.0
7 0.1 9 0.0
7 0.1 10 0.0
7 0.1 11 0.0
7 0.1 12 8.02000000000001
7 0.1 13 7.990000000000002
7 0.1 14 8.15
7 0.1 15 0.0
7 0.1 16 0.0
7 0.1 17 0.0
7 0.1 18 0.0
7 0.1 19 0.0
7 0.1 20 0.0
7 0.1 21 4.557499999999997
7 0.1 22 7.030000000000008
7 0.1 23 0.0
7 0.1 24 5.460000000000008
8 0.1 1 0.0
8 0.1 2 1.7780769999998611
8 0.1 3 0.0
8 0.1 4 0.0
8 0.1 5 0.0
8 0.1 6 0.0
8 0.1 7 4.779999999999998
8 0.1 8 0.0
8 0.1 9 0.0
8 0.1 10 0.0
8 0.1 11 0.0
8 0.1 12 8.019999999999996
8 0.1 13 7.990000000000002
8 0.1 14 8.15
8 0.1 15 0.0
8 0.1 16 0.0
8 0.1 17 0.0
8 0.1 18 0.0
8 0.1 19 0.0
8 0.1 20 0.0
8 0.1 21 4.557499999999997
8 0.1 22 7.030000000000001
8 0.1 23 0.0
8 0.1 24 5.460000000000008
9 0.1 1 0.0
9 0.1 2 0.0
9 0.1 3 0.0
9 0.1 4 0.0
9 0.1 5 0.0
9 0.1 6 0.0
9 0.1 7 4.779999999999998
9 0.1 8 0.0
9 0.1 9 0.0
9 0.1 10 0.0
9 0.1 11 0.0
9 0.1 12 4.066240000000079
9 0.1 13 5.605250000000069
9 0.1 14 0.0
9 0.1 15 6.984147999999642
9 0.1 16 0.0
9 0.1 17 0.0
9 0.1 18 4.552500000000016
9 0.1 19 0.0
9 0.1 20 0.0
9 0.1 21 0.0
9 0.1 22 7.030000000000008
9 0.1 23 6.170000000000005
9 0.1 24 5.460000000000008
10 0.1 1 0.0
10 0.1 2 0.0
10 0.1 3 0.0
10 0.1 4 0.0
10 0.1 5 0.0
10 0.1 6 0.0
10 0.1 7 4.7036750000000005
10 0.1 8 0.0
10 0.1 9 0.0
10 0.1 10 0.0
10 0.1 11 0.0
10 0.1 12 4.579529999999998
10 0.1 13 1.553360000000005
10 0.1 14 8.15
10 0.1 15 8.019999999999996
10 0.1 16 0.8271099999998484
10 0.1 17 0.0
10 0.1 18 7.054589999999976
10 0.1 19 0.0
10 0.1 20 0.0
10 0.1 21 0.0
10 0.1 22 4.52791000000002
10 0.1 23 0.0
10 0.1 24 5.460000000000008
