1 0.1 1 20.082500000000003
1 0.1 2 24.1
1 0.1 3 22.980000000000004
1 0.1 4 22.490000000000002
1 0.1 5 18.85487999999988
1 0.1 6 18.4275
1 0.1 7 28.720000000000017
1 0.1 8 27.1
1 0.1 9 30.6
1 0.1 10 34.0075
1 0.1 11 35.63
1 0.1 12 41.70960000000003
1 0.1 13 44.36518000000006
1 0.1 14 36.675000000000004
1 0.1 15 36.595549999999996
1 0.1 16 34.75
1 0.1 17 34.345
1 0.1 18 34.46
1 0.1 19 43.26999999999999
1 0.1 20 34.964999999999996
1 0.1 21 34.425000000000004
1 0.1 22 42.18000000000001
1 0.1 23 37.01
1 0.1 24 30.607290000000006
2 0.1 1 20.082500000000003
2 0.1 2 20.08
2 0.1 3 18.37936200000002
2 0.1 4 16.865000000000002
2 0.1 5 16.8425
2 0.1 6 18.4275
2 0.1 7 28.72
2 0.1 8 27.1
2 0.1 9 30.6
2 0.1 10 34.0075
2 0.1 11 35.629999999999995
2 0.1 12 44.16624000000008
2 0.1 13 45.54525000000007
2 0.1 14 36.675000000000004
2 0.1 15 47.074147999999646
2 0.1 16 34.75
2 0.1 17 34.345000000000006
2 0.1 18 42.84250000000001
2 0.1 19 34.887499999999996
2 0.1 20 34.96499999999999
2 0.1 21 34.425000000000004
2 0.1 22 42.18
2 0.1 23 37.010000000000005
2 0.1 24 32.75
3 0.1 1 20.082500000000003
3 0.1 2 20.08
3 0.1 3 18.37936200000002
3 0.1 4 16.865000000000002
3 0.1 5 16.8425
3 0.1 6 18.4275
3 0.1 7 28.72
3 0.1 8 27.1
3 0.1 9 30.6
3 0.1 10 34.0075
3 0.1 11 35.63
3 0.1 12 44.16624000000008
3 0.1 13 45.54525000000007
3 0.1 14 36.675000000000004
3 0.1 15 47.074147999999646
3 0.1 16 34.75
3 0.1 17 34.345000000000006
3 0.1 18 42.842500000000015
3 0.1 19 34.8875
3 0.1 20 34.965
3 0.1 21 34.425000000000004
3 0.1 22 42.17999999999998
3 0.1 23 37.01
3 0.1 24 32.75
4 0.1 1 20.082500000000003
4 0.1 2 18.0775
4 0.1 3 21.688016400000034
4 0.1 4 19.395828000000005
4 0.1 5 22.338503287499638
4 0.1 6 18.4275
4 0.1 7 28.720000000000017
4 0.1 8 27.1
4 0.1 9 30.6
4 0.1 10 34.0075
4 0.1 11 35.63
4 0.1 12 45.960652312500045
4 0.1 13 39.416000000000054
4 0.1 14 42.661000000000044
4 0.1 15 36.089999999999996
4 0.1 16 34.75
4 0.1 17 34.345
4 0.1 18 34.585578000000005
4 0.1 19 34.8875
4 0.1 20 34.964999999999996
4 0.1 21 42.68192199999999
4 0.1 22 42.18000000000001
4 0.1 23 37.010000000000005
4 0.1 24 32.75
5 0.1 1 20.082500000000003
5 0.1 2 21.858076999999845
5 0.1 3 17.235
5 0.1 4 16.865000000000002
5 0.1 5 16.8425
5 0.1 6 18.4275
5 0.1 7 28.720000000000017
5 0.1 8 27.1
5 0.1 9 30.6
5 0.1 10 34.0075
5 0.1 11 35.63
5 0.1 12 48.12
5 0.1 13 47.93000000000001
5 0.1 14 48.9
5 0.1 15 37.13192299999999
5 0.1 16 34.75
5 0.1 17 34.345000000000006
5 0.1 18 34.46
5 0.1 19 34.8875
5 0.1 20 34.965
5 0.1 21 42.8075
5 0.1 22 42.180000000000014
5 0.1 23 27.755000000000003
5 0.1 24 32.75
6 0.1 1 20.082500000000003
6 0.1 2 21.85807699999986
6 0.1 3 17.235
6 0.1 4 16.865000000000002
6 0.1 5 16.8425
6 0.1 6 18.4275
6 0.1 7 28.72
6 0.1 8 27.1
6 0.1 9 30.6
6 0.1 10 34.0075
6 0.1 11 35.63
6 0.1 12 48.12
6 0.1 13 47.93
6 0.1 14 48.9
6 0.1 15 37.13192299999999
6 0.1 16 34.75
6 0.1 17 34.345000000000006
6 0.1 18 34.459999999999994
6 0.1 19 34.8875
6 0.1 20 34.965
6 0.1 21 42.8075
6 0.1 22 42.18
6 0.1 23 27.755000000000045
6 0.1 24 32.75
7 0.1 1 20.082500000000003
7 0.1 2 21.858076999999845
7 0.1 3 17.235
7 0.1 4 16.865000000000002
7 0.1 5 16.8425
7 0.1 6 18.4275
7 0.1 7 28.72
7 0.1 8 27.1
7 0.1 9 30.6
7 0.1 10 34.0075
7 0.1 11 35.63
7 0.1 12 48.12000000000001
7 0.1 13 47.93
7 0.1 14 48.9
7 0.1 15 37.13192299999999
7 0.1 16 34.75
7 0.1 17 34.345000000000006
7 0.1 18 34.46
7 0.1 19 34.8875
7 0.1 20 34.965
7 0.1 21 42.8075
7 0.1 22 42.18000000000001
7 0.1 23 27.754999999999946
7 0.1 24 32.75
8 0.1 1 20.082500000000003
8 0.1 2 21.85807699999986
8 0.1 3 17.235
8 0.1 4 16.865000000000002
8 0.1 5 16.8425
8 0.1 6 18.4275
8 0.1 7 28.72
8 0.1 8 27.1
8 0.1 9 30.6
8 0.1 10 34.0075
8 0.1 11 35.63
8 0.1 12 48.12
8 0.1 13 47.93
8 0.1 14 48.9
8 0.1 15 37.13192299999999
8 0.1 16 34.75
8 0.1 17 34.345000000000006
8 0.1 18 34.46
8 0.1 19 34.8875
8 0.1 20 34.965
8 0.1 21 42.8075
8 0.1 22 42.18
8 0.1 23 27.755000000000045
8 0.1 24 32.75
9 0.1 1 20.082500000000003
9 0.1 2 20.08
9 0.1 3 18.37936200000002
9 0.1 4 16.865000000000002
9 0.1 5 16.8425
9 0.1 6 18.4275
9 0.1 7 28.72
9 0.1 8 27.1
9 0.1 9 30.6
9 0.1 10 34.0075
9 0.1 11 35.63
9 0.1 12 44.16624000000008
9 0.1 13 45.54525000000007
9 0.1 14 36.675000000000004
9 0.1 15 47.074147999999646
9 0.1 16 34.75
9 0.1 17 34.34499999999999
9 0.1 18 42.842500000000015
9 0.1 19 34.8875
9 0.1 20 34.965
9 0.1 21 34.425000000000004
9 0.1 22 42.18000000000001
9 0.1 23 37.010000000000005
9 0.1 24 32.75
10 0.1 1 20.082500000000003
10 0.1 2 16.07
10 0.1 3 17.235
10 0.1 4 16.865000000000002
10 0.1 5 16.8425
10 0.1 6 18.4275
10 0.1 7 28.643675
10 0.1 8 27.176325
10 0.1 9 30.6
10 0.1 10 34.0075
10 0.1 11 35.63
10 0.1 12 44.67953
10 0.1 13 41.49336
10 0.1 14 48.9
10 0.1 15 48.11
10 0.1 16 39.43710999999985
10 0.1 17 34.345
10 0.1 18 45.344589999999975
10 0.1 19 34.8875
10 0.1 20 34.964999999999996
10 0.1 21 34.425000000000004
10 0.1 22 39.67791000000002
10 0.1 23 27.755000000000003
10 0.1 24 32.75
