#erel:= 0.850;
#emax:= 2473.126;
#q:= 0.000;
#nesce:=     9;
#etime:= 0.038;
#snodes:=   230;
param nS:=    10;
param nSG:=    34;
param nRVSG :=
1 24
5 2
9 2
13 2
17 2
21 9
25 2
29 2
33 2
2 24
6 2
10 2
14 2
18 2
22 2
26 2
30 2
34 24
3 24
7 20
11 17
15 2
19 2
23 2
27 2
31 2
4 24
8 2
12 2
16 13
20 2
24 2
28 4
32 2
;


param ScenF :=
1 72.9115
59 52.0321
117 67.0073
175 70.3475
2 100.65
60 47.1471
118 76.9206
176 66.0365
3 94.4842
61 47.618
119 96.9827
177 68.9232
4 90.601
62 53.4982
120 90.9407
178 97.0907
5 87.9927
63 53.4778
121 0.576909
179 119.139
6 87.9834
64 51.5265
122 0
180 130.265
7 96.7059
65 45.4907
123 0.556044
181 90.4293
8 106.584
66 47.7832
124 0
182 0.534848
9 116.105
67 53.9836
125 0.547812
183 0.6003
10 111.53
68 75.7419
126 0
184 0.540411
11 92.0781
69 90.9271
127 40.2522
185 0.4626
12 82.7618
70 88.674
128 63.7252
186 0.534975
13 76.0064
71 66.2893
129 66.4367
187 0.2424
14 76.5459
72 47.0415
130 66.8833
188 0.533129
15 78.4655
73 71.0166
131 87.1385
189 0.004
16 80.9607
74 99.1898
132 91.5201
190 0.523997
17 85.9737
75 91.9446
133 89.004
191 0
18 91.2076
76 86.0884
134 69.1141
192 0.4802
19 107.508
77 79.8616
135 68.6262
193 0
20 123.559
78 85.0059
136 61.5213
194 120.941
21 114.871
79 95.8189
137 62.4412
195 98.171
22 116.058
80 104.696
138 72.5064
196 77.7005
23 114.283
81 120.859
139 79.7426
197 70.2815
24 98.9466
82 110.127
140 83.9416
198 0.450047
25 19.548
83 107.278
141 94.2192
199 0
26 23.6616
84 107.007
142 98.7858
200 0.449368
27 24.2673
85 104.383
143 75.141
201 0
28 22.3629
86 99.3033
144 0.524609
202 0.482279
29 24.0573
87 106.625
145 0
203 0
30 24.0341
88 119.008
146 0.504437
204 0.540132
31 29.0421
89 108.3
147 0
205 0
32 25.0655
90 100.865
148 0.511975
206 0.576561
33 24.1508
91 114.133
149 0.0434
207 0
34 18.5674
92 132.901
150 0.499149
208 0.0475312
35 0
93 149.515
151 0.3073
209 0.871609
36 4.13386
94 140.97
152 83.0583
210 0
37 8.6581
95 120.539
153 109.255
211 0.219175
38 12.587
96 109.734
154 105.434
212 1.5122
39 8.13134
97 0.625269
155 97.224
213 0.867149
40 5.38233
98 0
156 88.9301
214 0.472923
41 0.205289
99 0.613067
157 90.1184
215 0.812262
42 0
100 0
158 90.8
216 0.142653
43 9.13522
101 32.2884
159 91.3323
217 0
44 15.4818
102 56.1112
160 89.6865
218 0.640691
45 22.3646
103 56.9521
161 93.7738
219 2.51741
46 16.6503
104 54.1945
162 113.024
220 1.51195
47 14.4773
105 49.3422
163 125.198
221 3.37444
48 6.66428
106 50.7431
164 110.484
222 0.604453
49 53.1252
107 52.7121
165 0.475692
223 0
50 69.8675
108 56.1301
166 0.5115
224 117.632
51 57.9491
109 75.4944
167 0.45293
225 4.4536
52 51.644
110 85.8185
168 0.6298
226 0.585934
53 49.0699
111 81.3658
169 0.459685
227 0.0930405
54 53.4988
112 73.185
170 0.6792
228 0.156003
55 58.3608
113 72.3565
171 0.492415
229 0.406429
56 62.1055
114 72.5183
172 0.6695
230 0.381091
57 74.8169
115 66.3456
173 68.0878
231 0.601682
58 65.4135
116 64.0075
174 71.1759
;


param ScenO :=
1 105.71
59 104.16
117 80
175 80
2 94.28
60 85.1
118 85.25
176 83.75
3 90.54
61 81.5
119 95.17
177 86.28
4 79.14
62 79.5
120 96
178 96.55
5 75
63 79.31
121 0.347
179 97.67
6 71.05
64 82.1
122 0
180 94.74
7 75
65 83.78
123 0.42
181 94
8 91
66 85.88
124 0
182 0.789
9 100.52
67 95.66
125 0.669
183 0.596
10 109.58
68 97.01
126 0
184 0.82
11 99.31
69 95.55
127 99.7
185 0.461
12 86.1
70 95.2
128 66.05
186 0.824
13 79.71
71 88.52
129 69.79
187 0.241
14 76.5
72 82.5
130 69.3
188 0.806
15 75.31
73 98.61
131 93.31
189 0.003
16 81
74 92.28
132 120.31
190 0.816
17 85.78
75 86.54
133 96
191 0
18 89.88
76 79.1
134 85
192 0.887
19 95.55
77 77.75
135 82.1
193 0
20 97.01
78 73
136 78.47
194 94.2
21 95.55
79 78.13
137 73.58
195 85
22 95.2
80 86
138 77.46
196 85.5
23 91
81 100.52
139 83
197 65.49
24 86.5
82 124.58
140 85
198 0.947
25 2.88
83 100.46
141 95.55
199 0
26 8
84 86.4
142 99.46
200 0.975
27 8
85 80.71
143 95.55
201 0
28 8
86 81.5
144 0.731
202 0.982
29 8.48
87 81.5
145 0
203 0
30 9.64
88 82.3
146 0.752
204 0.983
31 8
89 84.48
147 0
205 0
32 7.92
90 87.9
148 0.743
206 0.97
33 7.92
91 96.2
149 0.043
207 0
34 22.72
92 99.21
150 0.61
208 0.562955
35 17.84
93 96.2
151 0.308
209 0.60787
36 23.4
94 95.2
152 90
210 0.681909
37 33.24
95 89.62
153 129.58
211 0.631539
38 45
96 83.8
154 92.35
212 1.09293
39 45
97 0.59
155 87.9
213 1.15341
40 39.68
98 0
156 82
214 0.817733
41 45
99 0.449
157 82.1
215 0.494066
42 45
100 0
158 72.5
216 0.565062
43 13.12
101 98.51
159 77.16
217 0.601935
44 8
102 85
160 81
218 0.611318
45 8
103 85
161 85
219 0.544948
46 8
104 82.1
162 94.7
220 0.609961
47 9
105 74
163 99
221 0.609961
48 24.24
106 67.02
164 95.55
222 0.821936
49 100.71
107 73
165 0.509
223 0.715556
50 92.34
108 81.9
166 0.508
224 0.416764
51 86.54
109 93.96
167 0.583
225 0.192256
52 81.5
110 110.76
168 0.626
226 0.463841
53 80
111 94
169 0.688
227 0.508195
54 77.64
112 85
170 0.676
228 0.561277
55 76.37
113 77.21
171 0.746
229 0.47416
56 87
114 74.5
172 0.665
230 0.425714
57 100.5
115 73.31
173 85.77
231 0.322775
58 117.75
116 76.51
174 81.61
;


param Scen0 :=
1 1 122.334000
2 1 110.246000
3 1 90.621900
4 1 82.779200
5 1 84.365600
6 1 82.348900
7 1 95.022700
8 1 99.184700
9 1 117.728000
10 1 121.120000
11 1 83.702300
12 1 81.747600
13 1 81.948700
14 1 71.142500
15 1 74.801200
16 1 79.888100
17 1 96.664800
18 1 94.273000
19 1 116.634000
20 1 117.609000
21 1 120.756000
22 1 118.967000
23 1 102.670000
24 1 87.009100
25 1 24.074700
26 1 22.476700
27 1 23.891600
28 1 19.718900
29 1 19.984900
30 1 23.296100
31 1 27.891800
32 1 39.483700
33 1 35.861500
34 1 36.189900
35 1 0.000000
36 1 12.669400
37 1 9.656430
38 1 21.779000
39 1 14.661500
40 1 12.287600
41 1 0.000000
42 1 20.270300
43 1 16.615200
44 1 0.000000
45 1 7.952960
46 1 13.017100
47 1 12.765400
48 1 7.034870
49 1 75.331100
50 1 59.460800
51 1 58.074100
52 1 50.693700
53 1 50.632800
54 1 50.754000
55 1 61.951100
56 1 70.863700
57 1 84.396200
58 1 50.709300
59 1 50.659200
60 1 50.618300
61 1 54.725400
62 1 63.907500
63 1 64.447700
64 1 55.226300
65 1 45.931600
66 1 37.098500
67 1 43.491600
68 1 53.682900
69 1 71.221800
70 1 72.683700
71 1 53.238400
72 1 31.873500
73 1 89.334800
74 1 93.624500
75 1 86.301600
76 1 76.674700
77 1 71.022100
78 1 77.052800
79 1 93.609500
80 1 107.306000
81 1 123.877000
82 1 87.479500
83 1 99.344000
84 1 97.536200
85 1 96.427000
86 1 89.471600
87 1 98.737200
88 1 112.912000
89 1 106.450000
90 1 79.539000
91 1 98.852100
92 1 113.598000
93 1 124.211000
94 1 117.933000
95 1 103.691000
96 1 88.834800
97 1 0.620782
98 1 0.000000
99 1 0.627229
100 1 0.000000
101 1 61.177400
102 1 55.808500
103 1 55.053400
104 1 47.622900
105 1 45.911300
106 1 44.569400
107 1 64.191500
108 1 72.792600
109 1 61.987000
110 1 42.454000
111 1 60.862700
112 1 55.397100
113 1 52.925800
114 1 53.795400
115 1 53.346000
116 1 48.914900
117 1 41.024100
118 1 77.919300
119 1 89.170200
120 1 92.269500
121 1 0.617857
122 1 0.000000
123 1 0.558805
124 1 0.000000
125 1 0.488676
126 1 0.000000
127 1 53.689500
128 1 44.745300
129 1 48.326000
130 1 75.994900
131 1 86.468900
132 1 89.702900
133 1 94.371300
134 1 82.793800
135 1 78.249500
136 1 72.958300
137 1 71.236500
138 1 78.638300
139 1 83.780900
140 1 91.380000
141 1 83.496600
142 1 75.972300
143 1 77.441500
144 1 0.421760
145 1 0.000000
146 1 0.352787
147 1 0.000000
148 1 0.319847
149 1 0.001300
150 1 0.284704
151 1 0.074400
152 1 99.236500
153 1 116.701000
154 1 126.334000
155 1 100.830000
156 1 57.891000
157 1 76.668000
158 1 96.945300
159 1 75.261800
160 1 62.678900
161 1 72.178300
162 1 130.703000
163 1 142.574000
164 1 141.837000
165 1 0.253948
166 1 0.092600
167 1 0.238204
168 1 0.156300
169 1 0.264812
170 1 0.128200
171 1 0.307664
172 1 2.090000
173 1 93.982900
174 1 78.101400
175 1 75.718600
176 1 70.561700
177 1 73.548900
178 1 89.319700
179 1 103.876000
180 1 101.381000
181 1 93.977200
182 1 0.352453
183 1 1.137000
184 1 0.372364
185 1 2.310500
186 1 0.369049
187 1 0.193800
188 1 0.358733
189 1 0.007500
190 1 0.739578
191 1 0.000000
192 1 0.699462
193 1 0.000000
194 1 101.743000
195 1 91.948100
196 1 70.110000
197 1 68.023500
198 1 0.662557
199 1 0.000000
200 1 0.626801
201 1 0.000000
202 1 0.621362
203 1 0.000000
204 1 0.656302
205 1 0.000000
206 1 0.679071
207 1 0.000000
208 1 0.511636
209 1 0.000000
210 1 11.747200
211 1 0.000000
212 1 3.047370
213 1 0.000000
214 1 0.847187
215 1 0.000000
216 1 0.194781
217 1 0.000000
218 1 2.178980
219 1 2.852890
220 1 2.764740
221 1 0.000000
222 1 0.553797
223 1 171.608000
224 1 7.392010
225 1 0.000000
226 1 3.449090
227 1 0.748913
228 1 0.398857
229 1 0.408405
230 1 0.462986
231 1 0.435295
1 2 117.825000
2 2 112.436000
3 2 103.442000
4 2 102.887000
5 2 101.122000
6 2 93.706600
7 2 112.027000
8 2 118.753000
9 2 120.850000
10 2 117.036000
11 2 105.487000
12 2 94.975700
13 2 93.762500
14 2 93.908300
15 2 87.023400
16 2 91.702700
17 2 92.732900
18 2 87.978500
19 2 111.456000
20 2 106.712000
21 2 111.352000
22 2 107.797000
23 2 109.206000
24 2 103.447000
25 2 30.313200
26 2 14.505400
27 2 19.588400
28 2 18.849700
29 2 17.724400
30 2 13.970300
31 2 24.985000
32 2 8.419000
33 2 10.912200
34 2 5.633540
35 2 0.000000
36 2 9.628290
37 2 0.000000
38 2 10.437900
39 2 7.941380
40 2 0.000000
41 2 0.000000
42 2 19.292400
43 2 14.648800
44 2 28.273600
45 2 19.483100
46 2 4.865940
47 2 10.634700
48 2 8.067560
49 2 98.261900
50 2 65.920600
51 2 59.803900
52 2 55.261400
53 2 55.920100
54 2 45.024400
55 2 63.085000
56 2 72.639300
57 2 70.984700
58 2 60.444500
59 2 55.500700
60 2 51.109100
61 2 53.109700
62 2 59.276200
63 2 63.080200
64 2 56.977800
65 2 49.766900
66 2 44.368200
67 2 70.453400
68 2 69.794500
69 2 97.343000
70 2 89.803200
71 2 80.670300
72 2 58.372900
73 2 108.525000
74 2 106.369000
75 2 96.016000
76 2 95.455900
77 2 87.887500
78 2 99.340800
79 2 111.500000
80 2 102.071000
81 2 120.232000
82 2 106.660000
83 2 104.972000
84 2 107.661000
85 2 108.499000
86 2 105.536000
87 2 115.472000
88 2 131.469000
89 2 116.514000
90 2 108.249000
91 2 115.290000
92 2 127.533000
93 2 142.744000
94 2 148.445000
95 2 133.643000
96 2 112.395000
97 2 0.635524
98 2 0.000000
99 2 0.636494
100 2 0.000000
101 2 74.468800
102 2 58.541100
103 2 60.068000
104 2 60.457300
105 2 48.813600
106 2 51.080100
107 2 66.054800
108 2 74.387600
109 2 65.253900
110 2 70.141200
111 2 81.226400
112 2 74.938800
113 2 72.397100
114 2 71.439900
115 2 70.482500
116 2 71.462400
117 2 70.898400
118 2 71.460600
119 2 103.301000
120 2 107.920000
121 2 0.605495
122 2 0.000000
123 2 0.584113
124 2 0.000000
125 2 0.567824
126 2 0.000000
127 2 69.734700
128 2 75.389800
129 2 70.095500
130 2 66.856200
131 2 99.725000
132 2 102.691000
133 2 81.929100
134 2 56.954600
135 2 51.496700
136 2 48.044700
137 2 47.783200
138 2 56.234600
139 2 70.782100
140 2 81.455000
141 2 94.359800
142 2 107.208000
143 2 112.903000
144 2 0.522099
145 2 0.000000
146 2 0.495087
147 2 0.000000
148 2 0.500529
149 2 0.099300
150 2 0.499211
151 2 0.018700
152 2 60.937200
153 2 88.892400
154 2 92.570700
155 2 99.601200
156 2 98.611800
157 2 95.970200
158 2 94.926500
159 2 88.947500
160 2 87.361200
161 2 86.377400
162 2 115.867000
163 2 112.839000
164 2 119.352000
165 2 0.501300
166 2 0.315400
167 2 0.471318
168 2 2.127300
169 2 0.456176
170 2 2.157400
171 2 0.468767
172 2 0.569100
173 2 60.704300
174 2 62.199500
175 2 54.601500
176 2 45.657800
177 2 40.048100
178 2 52.697300
179 2 91.678000
180 2 116.449000
181 2 122.555000
182 2 0.485951
183 2 0.464100
184 2 0.604228
185 2 0.135500
186 2 0.604787
187 2 0.137400
188 2 0.597743
189 2 0.004200
190 2 0.580708
191 2 0.000000
192 2 0.529234
193 2 0.000000
194 2 107.417000
195 2 86.413900
196 2 78.490500
197 2 75.523700
198 2 0.461286
199 2 0.000000
200 2 0.423560
201 2 0.000000
202 2 0.444779
203 2 0.000000
204 2 0.498160
205 2 0.000000
206 2 0.536272
207 2 0.000000
208 2 0.668988
209 2 0.366686
210 2 21.100100
211 2 0.505884
212 2 0.000000
213 2 0.000000
214 2 0.469297
215 2 0.000000
216 2 0.137345
217 2 0.129365
218 2 1.879150
219 2 4.194810
220 2 2.908800
221 2 1.773940
222 2 2.784350
223 2 208.638000
224 2 0.000000
225 2 5.863640
226 2 1.717320
227 2 0.880145
228 2 0.716999
229 2 0.619584
230 2 0.638848
231 2 0.520869
1 3 117.825000
2 3 112.436000
3 3 103.442000
4 3 102.887000
5 3 101.122000
6 3 93.706600
7 3 112.027000
8 3 118.753000
9 3 120.850000
10 3 117.036000
11 3 105.487000
12 3 94.975700
13 3 93.762500
14 3 93.908300
15 3 87.023400
16 3 91.702700
17 3 92.732900
18 3 87.978500
19 3 111.456000
20 3 106.712000
21 3 111.352000
22 3 107.797000
23 3 109.206000
24 3 103.447000
25 3 30.313200
26 3 14.505400
27 3 19.588400
28 3 18.849700
29 3 17.724400
30 3 13.970300
31 3 24.985000
32 3 8.419000
33 3 10.912200
34 3 5.633540
35 3 0.000000
36 3 9.628290
37 3 0.000000
38 3 10.437900
39 3 7.941380
40 3 0.000000
41 3 0.000000
42 3 19.292400
43 3 14.648800
44 3 28.273600
45 3 19.483100
46 3 4.865940
47 3 10.634700
48 3 8.067560
49 3 98.261900
50 3 65.920600
51 3 59.803900
52 3 55.261400
53 3 55.920100
54 3 45.024400
55 3 63.085000
56 3 72.639300
57 3 70.984700
58 3 60.444500
59 3 55.500700
60 3 51.109100
61 3 53.109700
62 3 59.276200
63 3 63.080200
64 3 56.977800
65 3 49.766900
66 3 44.368200
67 3 70.453400
68 3 69.794500
69 3 97.343000
70 3 89.803200
71 3 80.670300
72 3 58.372900
73 3 108.525000
74 3 106.369000
75 3 96.016000
76 3 95.455900
77 3 87.887500
78 3 99.340800
79 3 111.500000
80 3 102.071000
81 3 120.232000
82 3 106.660000
83 3 104.972000
84 3 107.661000
85 3 108.499000
86 3 105.536000
87 3 115.472000
88 3 131.469000
89 3 116.514000
90 3 108.249000
91 3 115.290000
92 3 127.533000
93 3 142.744000
94 3 148.445000
95 3 133.643000
96 3 112.395000
97 3 0.635524
98 3 0.000000
99 3 0.636494
100 3 0.000000
101 3 54.540600
102 3 49.846900
103 3 54.358000
104 3 56.480600
105 3 43.105400
106 3 52.032900
107 3 72.900600
108 3 49.966100
109 3 76.593000
110 3 82.926400
111 3 78.865000
112 3 67.705200
113 3 61.769100
114 3 60.206700
115 3 56.273500
116 3 56.376900
117 3 62.775100
118 3 80.212100
119 3 96.750900
120 3 99.223800
121 3 0.534556
122 3 0.000000
123 3 0.500677
124 3 0.000000
125 3 0.482454
126 3 0.000000
127 3 60.097400
128 3 52.958900
129 3 71.515000
130 3 88.287800
131 3 103.772000
132 3 93.275200
133 3 78.755700
134 3 73.122000
135 3 66.472100
136 3 67.651200
137 3 63.293000
138 3 53.319500
139 3 65.084100
140 3 70.740000
141 3 60.075100
142 3 61.863800
143 3 58.126900
144 3 0.455853
145 3 0.000000
146 3 0.431554
147 3 0.000000
148 3 0.307228
149 3 0.125900
150 3 0.310996
151 3 0.131100
152 3 98.953000
153 3 104.175000
154 3 61.872700
155 3 76.999200
156 3 78.860800
157 3 88.393400
158 3 92.575400
159 3 93.299000
160 3 85.996300
161 3 71.040400
162 3 89.379600
163 3 110.405000
164 3 106.443000
165 3 0.299174
166 3 1.518900
167 3 0.280759
168 3 0.197200
169 3 0.293953
170 3 0.177400
171 3 0.347185
172 3 0.273300
173 3 62.522200
174 3 58.141600
175 3 55.422300
176 3 57.015500
177 3 76.149000
178 3 103.638000
179 3 124.325000
180 3 104.585000
181 3 131.589000
182 3 0.423450
183 3 0.794500
184 3 0.493918
185 3 0.817700
186 3 0.554965
187 3 0.714300
188 3 0.591941
189 3 0.001100
190 3 0.617121
191 3 0.000000
192 3 0.581285
193 3 0.000000
194 3 129.787000
195 3 104.550000
196 3 96.743700
197 3 74.629700
198 3 0.547440
199 3 0.000000
200 3 0.513880
201 3 0.000000
202 3 0.496437
203 3 0.000000
204 3 0.509101
205 3 0.000000
206 3 0.507898
207 3 0.000000
208 3 0.000000
209 3 0.000000
210 3 0.000000
211 3 0.000000
212 3 0.000000
213 3 0.000000
214 3 0.834310
215 3 0.845619
216 3 0.061149
217 3 0.000000
218 3 1.293970
219 3 3.144540
220 3 1.220200
221 3 0.002718
222 3 1.032750
223 3 153.099000
224 3 0.000000
225 3 0.000000
226 3 0.625018
227 3 0.445020
228 3 0.335832
229 3 0.214966
230 3 0.227809
231 3 0.110865
1 4 122.334000
2 4 110.246000
3 4 90.621900
4 4 82.779200
5 4 84.365600
6 4 82.348900
7 4 95.022700
8 4 99.184700
9 4 117.728000
10 4 121.120000
11 4 83.702300
12 4 81.747600
13 4 81.948700
14 4 71.142500
15 4 74.801200
16 4 79.888100
17 4 96.664800
18 4 94.273000
19 4 116.634000
20 4 117.609000
21 4 120.756000
22 4 118.967000
23 4 102.670000
24 4 87.009100
25 4 24.074700
26 4 22.476700
27 4 23.891600
28 4 19.718900
29 4 19.984900
30 4 23.296100
31 4 27.891800
32 4 39.483700
33 4 35.861500
34 4 36.189900
35 4 0.000000
36 4 12.669400
37 4 9.656430
38 4 21.779000
39 4 14.661500
40 4 12.287600
41 4 0.000000
42 4 20.270300
43 4 16.615200
44 4 0.000000
45 4 7.952960
46 4 13.017100
47 4 12.765400
48 4 7.034870
49 4 75.331100
50 4 59.460800
51 4 58.074100
52 4 50.693700
53 4 50.632800
54 4 50.754000
55 4 61.951100
56 4 70.863700
57 4 84.396200
58 4 50.709300
59 4 50.659200
60 4 50.618300
61 4 54.725400
62 4 63.907500
63 4 64.447700
64 4 55.226300
65 4 45.931600
66 4 37.098500
67 4 43.491600
68 4 53.682900
69 4 71.221800
70 4 72.683700
71 4 53.238400
72 4 31.873500
73 4 89.334800
74 4 93.624500
75 4 86.301600
76 4 76.674700
77 4 71.022100
78 4 77.052800
79 4 93.609500
80 4 107.306000
81 4 123.877000
82 4 87.479500
83 4 99.344000
84 4 97.536200
85 4 96.427000
86 4 89.471600
87 4 98.737200
88 4 112.912000
89 4 106.450000
90 4 79.539000
91 4 98.852100
92 4 113.598000
93 4 124.211000
94 4 117.933000
95 4 103.691000
96 4 88.834800
97 4 0.620782
98 4 0.000000
99 4 0.627229
100 4 0.000000
101 4 46.021700
102 4 44.096800
103 4 42.407900
104 4 45.345100
105 4 41.610100
106 4 40.234600
107 4 40.611500
108 4 39.875100
109 4 42.566900
110 4 61.567600
111 4 58.781000
112 4 60.601100
113 4 53.501200
114 4 43.419000
115 4 34.688300
116 4 35.178300
117 4 44.543800
118 4 54.783500
119 4 51.605300
120 4 61.996200
121 4 0.770743
122 4 0.000000
123 4 0.751129
124 4 0.000000
125 4 0.680194
126 4 0.000000
127 4 49.575600
128 4 67.047500
129 4 64.220300
130 4 60.129600
131 4 69.875800
132 4 76.233600
133 4 83.784500
134 4 70.587000
135 4 69.948700
136 4 65.831200
137 4 64.402200
138 4 72.192400
139 4 82.627300
140 4 87.800400
141 4 100.451000
142 4 102.789000
143 4 101.687000
144 4 0.577053
145 4 0.000000
146 4 0.527934
147 4 0.000000
148 4 0.506518
149 4 0.003800
150 4 0.470241
151 4 0.128200
152 4 108.466000
153 4 110.893000
154 4 110.619000
155 4 97.775300
156 4 97.991900
157 4 92.873500
158 4 96.289700
159 4 88.964100
160 4 90.589500
161 4 96.889900
162 4 103.872000
163 4 116.708000
164 4 113.002000
165 4 0.425592
166 4 1.042400
167 4 0.404484
168 4 0.024700
169 4 0.439638
170 4 0.397300
171 4 0.509577
172 4 1.379500
173 4 78.568900
174 4 82.402500
175 4 81.959200
176 4 72.612800
177 4 77.588000
178 4 90.723000
179 4 119.470000
180 4 120.664000
181 4 121.943000
182 4 0.577121
183 4 0.287400
184 4 0.604228
185 4 1.012900
186 4 0.604787
187 4 2.596600
188 4 0.597743
189 4 0.001700
190 4 0.580708
191 4 0.000000
192 4 0.529234
193 4 0.000000
194 4 128.421000
195 4 71.167500
196 4 61.722700
197 4 57.674400
198 4 0.461286
199 4 0.000000
200 4 0.423560
201 4 0.000000
202 4 0.444779
203 4 0.000000
204 4 0.498160
205 4 0.000000
206 4 0.536272
207 4 0.000000
208 4 0.295056
209 4 0.826442
210 4 0.286190
211 4 1.124840
212 4 2.065380
213 4 0.000000
214 4 1.230430
215 4 1.727060
216 4 0.236200
217 4 0.000000
218 4 0.000000
219 4 2.344370
220 4 1.047700
221 4 0.485414
222 4 2.385590
223 4 209.987000
224 4 1.815560
225 4 0.000000
226 4 1.455720
227 4 0.560369
228 4 0.465298
229 4 0.385124
230 4 0.411540
231 4 0.380771
1 5 122.334000
2 5 110.246000
3 5 90.621900
4 5 82.779200
5 5 84.365600
6 5 82.348900
7 5 95.022700
8 5 99.184700
9 5 117.728000
10 5 121.120000
11 5 83.702300
12 5 81.747600
13 5 81.948700
14 5 71.142500
15 5 74.801200
16 5 79.888100
17 5 96.664800
18 5 94.273000
19 5 116.634000
20 5 117.609000
21 5 120.756000
22 5 118.967000
23 5 102.670000
24 5 87.009100
25 5 24.455500
26 5 15.052200
27 5 18.777200
28 5 21.343700
29 5 19.774600
30 5 23.358200
31 5 31.085700
32 5 37.291900
33 5 19.395600
34 5 0.000000
35 5 0.000000
36 5 0.000000
37 5 0.000000
38 5 0.000000
39 5 0.000000
40 5 0.000000
41 5 1.151800
42 5 0.000000
43 5 7.620400
44 5 23.709500
45 5 24.964900
46 5 16.844500
47 5 15.597200
48 5 20.133100
49 5 112.429000
50 5 74.530600
51 5 67.472800
52 5 59.617100
53 5 61.525000
54 5 59.912500
55 5 63.325200
56 5 61.918700
57 5 65.687800
58 5 57.291000
59 5 57.673100
60 5 40.647200
61 5 42.201000
62 5 47.133400
63 5 48.210300
64 5 43.093500
65 5 34.102100
66 5 43.863400
67 5 45.293600
68 5 64.940600
69 5 112.091000
70 5 102.662000
71 5 83.912700
72 5 58.562000
73 5 103.295000
74 5 113.661000
75 5 104.559000
76 5 100.604000
77 5 90.869100
78 5 91.681800
79 5 95.561000
80 5 113.094000
81 5 136.129000
82 5 130.301000
83 5 114.874000
84 5 92.354100
85 5 99.050900
86 5 81.778200
87 5 81.739900
88 5 107.207000
89 5 99.477800
90 5 83.084500
91 5 114.881000
92 5 146.378000
93 5 161.036000
94 5 155.054000
95 5 132.226000
96 5 114.660000
97 5 0.635127
98 5 0.000000
99 5 0.646351
100 5 0.000000
101 5 84.031000
102 5 56.125200
103 5 52.302400
104 5 49.316600
105 5 46.071700
106 5 45.414100
107 5 51.755200
108 5 61.356700
109 5 65.477900
110 5 69.184300
111 5 76.455400
112 5 66.351300
113 5 62.761500
114 5 61.652800
115 5 63.745500
116 5 62.931400
117 5 92.891700
118 5 110.761000
119 5 123.640000
120 5 138.856000
121 5 0.625300
122 5 0.000000
123 5 0.611015
124 5 0.000000
125 5 0.601112
126 5 0.000000
127 5 44.780700
128 5 41.762300
129 5 61.612400
130 5 71.419500
131 5 89.306700
132 5 94.973000
133 5 96.456400
134 5 81.845500
135 5 69.819800
136 5 58.923600
137 5 57.815300
138 5 61.828600
139 5 65.656700
140 5 72.223400
141 5 72.244700
142 5 72.998500
143 5 79.752600
144 5 0.564155
145 5 0.000000
146 5 0.547833
147 5 0.000000
148 5 0.556605
149 5 0.022200
150 5 0.553473
151 5 0.048500
152 5 95.136500
153 5 85.651800
154 5 95.613500
155 5 89.434800
156 5 86.806000
157 5 89.711600
158 5 79.254700
159 5 73.718400
160 5 70.635000
161 5 80.552800
162 5 109.789000
163 5 80.270900
164 5 101.212000
165 5 0.488025
166 5 8.677900
167 5 0.470243
168 5 0.443800
169 5 0.589667
170 5 0.091000
171 5 0.685979
172 5 0.108700
173 5 72.568700
174 5 76.843800
175 5 72.036500
176 5 55.559700
177 5 80.681000
178 5 106.544000
179 5 112.665000
180 5 112.926000
181 5 82.629600
182 5 0.772435
183 5 4.458500
184 5 0.790095
185 5 0.087200
186 5 0.728083
187 5 0.019300
188 5 0.708555
189 5 0.006300
190 5 0.667639
191 5 0.000000
192 5 0.588881
193 5 0.000000
194 5 100.848000
195 5 103.612000
196 5 77.639500
197 5 59.057500
198 5 0.540657
199 5 0.000000
200 5 0.501766
201 5 0.000000
202 5 0.482487
203 5 0.000000
204 5 0.516416
205 5 0.000000
206 5 0.573271
207 5 0.000000
208 5 0.330185
209 5 0.000000
210 5 4.554910
211 5 0.000000
212 5 2.902940
213 5 0.099918
214 5 0.853476
215 5 0.350467
216 5 0.000000
217 5 0.000000
218 5 0.175935
219 5 1.942080
220 5 1.007370
221 5 0.498522
222 5 0.528597
223 5 154.743000
224 5 0.000000
225 5 0.281374
226 5 0.534197
227 5 0.290965
228 5 0.045907
229 5 0.533024
230 5 0.439628
231 5 0.227408
1 6 122.334000
2 6 110.246000
3 6 90.621900
4 6 82.779200
5 6 84.365600
6 6 82.348900
7 6 95.022700
8 6 99.184700
9 6 117.728000
10 6 121.120000
11 6 83.702300
12 6 81.747600
13 6 81.948700
14 6 71.142500
15 6 74.801200
16 6 79.888100
17 6 96.664800
18 6 94.273000
19 6 116.634000
20 6 117.609000
21 6 120.756000
22 6 118.967000
23 6 102.670000
24 6 87.009100
25 6 24.074700
26 6 22.476700
27 6 23.891600
28 6 19.718900
29 6 19.984900
30 6 23.296100
31 6 27.891800
32 6 39.483700
33 6 35.861500
34 6 36.189900
35 6 0.000000
36 6 12.669400
37 6 9.656430
38 6 21.779000
39 6 14.661500
40 6 12.287600
41 6 0.000000
42 6 20.270300
43 6 16.615200
44 6 0.000000
45 6 7.952960
46 6 13.017100
47 6 12.765400
48 6 7.034870
49 6 75.331100
50 6 59.460800
51 6 58.074100
52 6 50.693700
53 6 50.632800
54 6 50.754000
55 6 61.951100
56 6 70.863700
57 6 84.396200
58 6 50.709300
59 6 50.659200
60 6 50.618300
61 6 54.725400
62 6 63.907500
63 6 64.447700
64 6 55.226300
65 6 45.931600
66 6 37.098500
67 6 43.491600
68 6 53.682900
69 6 71.221800
70 6 72.683700
71 6 53.238400
72 6 31.873500
73 6 89.334800
74 6 93.624500
75 6 86.301600
76 6 76.674700
77 6 71.022100
78 6 77.052800
79 6 93.609500
80 6 107.306000
81 6 123.877000
82 6 87.479500
83 6 99.344000
84 6 97.536200
85 6 96.427000
86 6 89.471600
87 6 98.737200
88 6 112.912000
89 6 106.450000
90 6 79.539000
91 6 98.852100
92 6 113.598000
93 6 124.211000
94 6 117.933000
95 6 103.691000
96 6 88.834800
97 6 0.620782
98 6 0.000000
99 6 0.627229
100 6 0.000000
101 6 61.177400
102 6 55.808500
103 6 55.053400
104 6 47.622900
105 6 45.911300
106 6 44.569400
107 6 64.191500
108 6 72.792600
109 6 61.987000
110 6 42.454000
111 6 60.862700
112 6 55.397100
113 6 52.925800
114 6 53.795400
115 6 53.346000
116 6 48.914900
117 6 41.024100
118 6 77.919300
119 6 89.170200
120 6 92.269500
121 6 0.617857
122 6 0.000000
123 6 0.558805
124 6 0.000000
125 6 0.488676
126 6 0.000000
127 6 53.689500
128 6 44.745300
129 6 48.326000
130 6 75.994900
131 6 86.468900
132 6 89.702900
133 6 94.371300
134 6 82.793800
135 6 78.249500
136 6 72.958300
137 6 71.236500
138 6 78.638300
139 6 83.780900
140 6 91.380000
141 6 83.496600
142 6 75.972300
143 6 77.441500
144 6 0.421760
145 6 0.000000
146 6 0.352787
147 6 0.000000
148 6 0.319847
149 6 0.001300
150 6 0.284704
151 6 0.074400
152 6 129.868000
153 6 90.423800
154 6 77.573700
155 6 76.602000
156 6 65.332600
157 6 57.399200
158 6 50.755100
159 6 46.902800
160 6 46.552600
161 6 57.237900
162 6 58.884500
163 6 70.777400
164 6 67.513900
165 6 0.527529
166 6 1.002800
167 6 0.496822
168 6 0.604600
169 6 0.477029
170 6 0.272400
171 6 0.477423
172 6 0.153200
173 6 48.255100
174 6 55.080400
175 6 41.947000
176 6 43.021600
177 6 51.973700
178 6 84.557300
179 6 91.077200
180 6 121.060000
181 6 135.519000
182 6 0.481537
183 6 0.706200
184 6 0.460112
185 6 1.318400
186 6 0.448027
187 6 0.072600
188 6 0.453198
189 6 0.004900
190 6 0.464926
191 6 0.000000
192 6 0.454567
193 6 0.000000
194 6 138.267000
195 6 120.104000
196 6 107.334000
197 6 90.658600
198 6 0.429642
199 6 0.000000
200 6 0.433789
201 6 0.000000
202 6 0.432374
203 6 0.000000
204 6 0.456136
205 6 0.000000
206 6 0.499041
207 6 0.000000
208 6 0.531423
209 6 0.523418
210 6 1.339750
211 6 0.239937
212 6 2.252510
213 6 0.132148
214 6 0.297706
215 6 0.941012
216 6 0.150598
217 6 0.000000
218 6 0.679493
219 6 2.778640
220 6 1.645850
221 6 1.737690
222 6 0.647015
223 6 121.366000
224 6 76.217000
225 6 0.876626
226 6 0.881771
227 6 0.631846
228 6 0.830923
229 6 0.403450
230 6 0.463387
231 6 0.428517
1 7 122.334000
2 7 110.246000
3 7 90.621900
4 7 82.779200
5 7 84.365600
6 7 82.348900
7 7 95.022700
8 7 99.184700
9 7 117.728000
10 7 121.120000
11 7 83.702300
12 7 81.747600
13 7 81.948700
14 7 71.142500
15 7 74.801200
16 7 79.888100
17 7 96.664800
18 7 94.273000
19 7 116.634000
20 7 117.609000
21 7 120.756000
22 7 118.967000
23 7 102.670000
24 7 87.009100
25 7 24.455500
26 7 15.052200
27 7 18.777200
28 7 21.343700
29 7 19.774600
30 7 23.358200
31 7 31.085700
32 7 37.291900
33 7 19.395600
34 7 0.000000
35 7 0.000000
36 7 0.000000
37 7 0.000000
38 7 0.000000
39 7 0.000000
40 7 0.000000
41 7 1.151800
42 7 0.000000
43 7 7.620400
44 7 23.709500
45 7 24.964900
46 7 16.844500
47 7 15.597200
48 7 20.133100
49 7 112.429000
50 7 74.530600
51 7 67.472800
52 7 59.617100
53 7 61.525000
54 7 59.912500
55 7 63.325200
56 7 61.918700
57 7 65.687800
58 7 57.291000
59 7 57.673100
60 7 40.647200
61 7 42.201000
62 7 47.133400
63 7 48.210300
64 7 43.093500
65 7 34.102100
66 7 43.863400
67 7 45.293600
68 7 64.940600
69 7 112.091000
70 7 102.662000
71 7 83.912700
72 7 58.562000
73 7 103.295000
74 7 113.661000
75 7 104.559000
76 7 100.604000
77 7 90.869100
78 7 91.681800
79 7 95.561000
80 7 113.094000
81 7 136.129000
82 7 130.301000
83 7 114.874000
84 7 92.354100
85 7 99.050900
86 7 81.778200
87 7 81.739900
88 7 107.207000
89 7 99.477800
90 7 83.084500
91 7 114.881000
92 7 146.378000
93 7 161.036000
94 7 155.054000
95 7 132.226000
96 7 114.660000
97 7 0.635127
98 7 0.000000
99 7 0.646351
100 7 0.000000
101 7 84.031000
102 7 56.125200
103 7 52.302400
104 7 49.316600
105 7 46.071700
106 7 45.414100
107 7 51.755200
108 7 61.356700
109 7 65.477900
110 7 69.184300
111 7 76.455400
112 7 66.351300
113 7 62.761500
114 7 61.652800
115 7 63.745500
116 7 62.931400
117 7 92.891700
118 7 110.761000
119 7 123.640000
120 7 138.856000
121 7 0.625300
122 7 0.000000
123 7 0.611015
124 7 0.000000
125 7 0.601112
126 7 0.000000
127 7 44.780700
128 7 41.762300
129 7 61.612400
130 7 71.419500
131 7 89.306700
132 7 94.973000
133 7 96.456400
134 7 81.845500
135 7 69.819800
136 7 58.923600
137 7 57.815300
138 7 61.828600
139 7 65.656700
140 7 72.223400
141 7 72.244700
142 7 72.998500
143 7 79.752600
144 7 0.564155
145 7 0.000000
146 7 0.547833
147 7 0.000000
148 7 0.556605
149 7 0.022200
150 7 0.553473
151 7 0.048500
152 7 95.136500
153 7 85.651800
154 7 95.613500
155 7 89.434800
156 7 86.806000
157 7 89.711600
158 7 79.254700
159 7 73.718400
160 7 70.635000
161 7 80.552800
162 7 109.789000
163 7 80.270900
164 7 101.212000
165 7 0.491759
166 7 0.410800
167 7 0.437293
168 7 0.034300
169 7 0.441098
170 7 0.027300
171 7 0.492982
172 7 1.370300
173 7 101.213000
174 7 63.816800
175 7 60.644200
176 7 60.146500
177 7 59.620800
178 7 117.053000
179 7 131.101000
180 7 129.597000
181 7 122.493000
182 7 0.547395
183 7 0.597100
184 7 0.558379
185 7 0.081300
186 7 0.580506
187 7 0.845500
188 7 0.475109
189 7 0.002300
190 7 0.456498
191 7 0.000000
192 7 0.406742
193 7 0.000000
194 7 94.546700
195 7 61.026100
196 7 82.335700
197 7 66.181200
198 7 0.380396
199 7 0.000000
200 7 0.401056
201 7 0.000000
202 7 0.453107
203 7 0.000000
204 7 0.528587
205 7 0.000000
206 7 0.618962
207 7 0.000000
208 7 0.187336
209 7 0.000000
210 7 13.161200
211 7 0.000000
212 7 0.000000
213 7 0.000000
214 7 0.114397
215 7 0.000000
216 7 0.025075
217 7 0.007455
218 7 0.646084
219 7 3.108710
220 7 1.580260
221 7 1.009180
222 7 0.935685
223 7 121.945000
224 7 0.000000
225 7 0.000000
226 7 0.225759
227 7 0.547641
228 7 0.419402
229 7 0.444887
230 7 0.491041
231 7 0.453862
1 8 117.825000
2 8 112.436000
3 8 103.442000
4 8 102.887000
5 8 101.122000
6 8 93.706600
7 8 112.027000
8 8 118.753000
9 8 120.850000
10 8 117.036000
11 8 105.487000
12 8 94.975700
13 8 93.762500
14 8 93.908300
15 8 87.023400
16 8 91.702700
17 8 92.732900
18 8 87.978500
19 8 111.456000
20 8 106.712000
21 8 111.352000
22 8 107.797000
23 8 109.206000
24 8 103.447000
25 8 30.313200
26 8 14.505400
27 8 19.588400
28 8 18.849700
29 8 17.724400
30 8 13.970300
31 8 24.985000
32 8 8.419000
33 8 10.912200
34 8 5.633540
35 8 0.000000
36 8 9.628290
37 8 0.000000
38 8 10.437900
39 8 7.941380
40 8 0.000000
41 8 0.000000
42 8 19.292400
43 8 14.648800
44 8 28.273600
45 8 19.483100
46 8 4.865940
47 8 10.634700
48 8 8.067560
49 8 98.261900
50 8 65.920600
51 8 59.803900
52 8 55.261400
53 8 55.920100
54 8 45.024400
55 8 63.085000
56 8 72.639300
57 8 70.984700
58 8 60.444500
59 8 55.500700
60 8 51.109100
61 8 53.109700
62 8 59.276200
63 8 63.080200
64 8 56.977800
65 8 49.766900
66 8 44.368200
67 8 70.453400
68 8 69.794500
69 8 97.343000
70 8 89.803200
71 8 80.670300
72 8 58.372900
73 8 108.525000
74 8 106.369000
75 8 96.016000
76 8 95.455900
77 8 87.887500
78 8 99.340800
79 8 111.500000
80 8 102.071000
81 8 120.232000
82 8 106.660000
83 8 104.972000
84 8 107.661000
85 8 108.499000
86 8 105.536000
87 8 115.472000
88 8 131.469000
89 8 116.514000
90 8 108.249000
91 8 115.290000
92 8 127.533000
93 8 142.744000
94 8 148.445000
95 8 133.643000
96 8 112.395000
97 8 0.635524
98 8 0.000000
99 8 0.636494
100 8 0.000000
101 8 54.540600
102 8 49.846900
103 8 54.358000
104 8 56.480600
105 8 43.105400
106 8 52.032900
107 8 72.900600
108 8 49.966100
109 8 76.593000
110 8 82.926400
111 8 78.865000
112 8 67.705200
113 8 61.769100
114 8 60.206700
115 8 56.273500
116 8 56.376900
117 8 62.775100
118 8 80.212100
119 8 96.750900
120 8 99.223800
121 8 0.534556
122 8 0.000000
123 8 0.500677
124 8 0.000000
125 8 0.482454
126 8 0.000000
127 8 60.097400
128 8 52.958900
129 8 71.515000
130 8 88.287800
131 8 103.772000
132 8 93.275200
133 8 78.755700
134 8 73.122000
135 8 66.472100
136 8 67.651200
137 8 63.293000
138 8 53.319500
139 8 65.084100
140 8 70.740000
141 8 60.075100
142 8 61.863800
143 8 58.126900
144 8 0.455853
145 8 0.000000
146 8 0.431554
147 8 0.000000
148 8 0.307228
149 8 0.125900
150 8 0.279737
151 8 1.820000
152 8 135.718000
153 8 142.189000
154 8 116.268000
155 8 115.829000
156 8 123.582000
157 8 120.927000
158 8 118.844000
159 8 119.769000
160 8 108.728000
161 8 120.355000
162 8 132.656000
163 8 142.600000
164 8 133.993000
165 8 0.245251
166 8 0.566000
167 8 0.219573
168 8 10.007500
169 8 0.226996
170 8 0.230200
171 8 0.255090
172 8 1.363800
173 8 84.917100
174 8 88.194400
175 8 90.636900
176 8 59.481700
177 8 60.694800
178 8 74.443700
179 8 93.734500
180 8 99.017500
181 8 97.746000
182 8 0.284814
183 8 1.520900
184 8 0.281051
185 8 0.686100
186 8 0.281974
187 8 0.271600
188 8 0.298021
189 8 0.460300
190 8 0.308889
191 8 0.000000
192 8 0.284165
193 8 0.000000
194 8 111.257000
195 8 95.988600
196 8 76.553200
197 8 114.934000
198 8 0.278709
199 8 0.000000
200 8 0.317010
201 8 0.000000
202 8 0.400306
203 8 0.000000
204 8 0.480934
205 8 0.000000
206 8 0.543213
207 8 0.000000
208 8 0.648945
209 8 0.660618
210 8 11.550300
211 8 1.225260
212 8 1.907040
213 8 0.196926
214 8 1.304210
215 8 0.653335
216 8 0.143354
217 8 0.000000
218 8 0.592572
219 8 2.605990
220 8 1.812490
221 8 3.749730
222 8 0.902105
223 8 0.000000
224 8 97.980400
225 8 3.730250
226 8 1.136420
227 8 0.406528
228 8 0.461989
229 8 0.406626
230 8 0.496177
231 8 0.379883
1 9 122.334000
2 9 110.246000
3 9 90.621900
4 9 82.779200
5 9 84.365600
6 9 82.348900
7 9 95.022700
8 9 99.184700
9 9 117.728000
10 9 121.120000
11 9 83.702300
12 9 81.747600
13 9 81.948700
14 9 71.142500
15 9 74.801200
16 9 79.888100
17 9 96.664800
18 9 94.273000
19 9 116.634000
20 9 117.609000
21 9 120.756000
22 9 118.967000
23 9 102.670000
24 9 87.009100
25 9 24.455500
26 9 15.052200
27 9 18.777200
28 9 21.343700
29 9 19.774600
30 9 23.358200
31 9 31.085700
32 9 37.291900
33 9 19.395600
34 9 0.000000
35 9 0.000000
36 9 0.000000
37 9 0.000000
38 9 0.000000
39 9 0.000000
40 9 0.000000
41 9 1.151800
42 9 0.000000
43 9 7.620400
44 9 23.709500
45 9 24.964900
46 9 16.844500
47 9 15.597200
48 9 20.133100
49 9 112.429000
50 9 74.530600
51 9 67.472800
52 9 59.617100
53 9 61.525000
54 9 59.912500
55 9 63.325200
56 9 61.918700
57 9 65.687800
58 9 57.291000
59 9 57.673100
60 9 40.647200
61 9 42.201000
62 9 47.133400
63 9 48.210300
64 9 43.093500
65 9 34.102100
66 9 43.863400
67 9 45.293600
68 9 64.940600
69 9 112.091000
70 9 102.662000
71 9 83.912700
72 9 58.562000
73 9 103.295000
74 9 113.661000
75 9 104.559000
76 9 100.604000
77 9 90.869100
78 9 91.681800
79 9 95.561000
80 9 113.094000
81 9 136.129000
82 9 130.301000
83 9 114.874000
84 9 92.354100
85 9 99.050900
86 9 81.778200
87 9 81.739900
88 9 107.207000
89 9 99.477800
90 9 83.084500
91 9 114.881000
92 9 146.378000
93 9 161.036000
94 9 155.054000
95 9 132.226000
96 9 114.660000
97 9 0.635127
98 9 0.000000
99 9 0.646351
100 9 0.000000
101 9 84.031000
102 9 56.125200
103 9 52.302400
104 9 49.316600
105 9 46.071700
106 9 45.414100
107 9 51.755200
108 9 61.356700
109 9 65.477900
110 9 69.184300
111 9 76.455400
112 9 66.351300
113 9 62.761500
114 9 61.652800
115 9 63.745500
116 9 62.931400
117 9 92.891700
118 9 110.761000
119 9 123.640000
120 9 138.856000
121 9 0.625300
122 9 0.000000
123 9 0.611015
124 9 0.000000
125 9 0.601112
126 9 0.000000
127 9 44.780700
128 9 41.762300
129 9 61.612400
130 9 71.419500
131 9 89.306700
132 9 94.973000
133 9 96.456400
134 9 81.845500
135 9 69.819800
136 9 58.923600
137 9 57.815300
138 9 61.828600
139 9 65.656700
140 9 72.223400
141 9 72.244700
142 9 72.998500
143 9 79.752600
144 9 0.564155
145 9 0.000000
146 9 0.547833
147 9 0.000000
148 9 0.556605
149 9 0.022200
150 9 0.553473
151 9 0.048500
152 9 95.136500
153 9 85.651800
154 9 95.613500
155 9 89.434800
156 9 86.806000
157 9 89.711600
158 9 79.254700
159 9 73.718400
160 9 70.635000
161 9 80.552800
162 9 109.789000
163 9 80.270900
164 9 101.212000
165 9 0.491759
166 9 0.410800
167 9 0.437293
168 9 0.034300
169 9 0.441098
170 9 0.027300
171 9 0.492982
172 9 1.370300
173 9 101.213000
174 9 63.816800
175 9 60.644200
176 9 60.146500
177 9 59.620800
178 9 117.053000
179 9 131.101000
180 9 129.597000
181 9 122.493000
182 9 0.547395
183 9 0.597100
184 9 0.558379
185 9 0.081300
186 9 0.580506
187 9 0.845500
188 9 0.475109
189 9 0.002300
190 9 0.456498
191 9 0.000000
192 9 0.406742
193 9 0.000000
194 9 94.546700
195 9 61.026100
196 9 82.335700
197 9 66.181200
198 9 0.380396
199 9 0.000000
200 9 0.401056
201 9 0.000000
202 9 0.453107
203 9 0.000000
204 9 0.528587
205 9 0.000000
206 9 0.618962
207 9 0.000000
208 9 0.187336
209 9 0.000000
210 9 13.161200
211 9 0.000000
212 9 0.000000
213 9 0.000000
214 9 0.114397
215 9 0.000000
216 9 0.025075
217 9 0.007455
218 9 0.646084
219 9 3.108710
220 9 1.580260
221 9 1.009180
222 9 0.935685
223 9 121.945000
224 9 0.000000
225 9 0.000000
226 9 0.225759
227 9 0.547641
228 9 0.419402
229 9 0.444887
230 9 0.491041
231 9 0.453862
1 10 117.825000
2 10 112.436000
3 10 103.442000
4 10 102.887000
5 10 101.122000
6 10 93.706600
7 10 112.027000
8 10 118.753000
9 10 120.850000
10 10 117.036000
11 10 105.487000
12 10 94.975700
13 10 93.762500
14 10 93.908300
15 10 87.023400
16 10 91.702700
17 10 92.732900
18 10 87.978500
19 10 111.456000
20 10 106.712000
21 10 111.352000
22 10 107.797000
23 10 109.206000
24 10 103.447000
25 10 30.313200
26 10 14.505400
27 10 19.588400
28 10 18.849700
29 10 17.724400
30 10 13.970300
31 10 24.985000
32 10 8.419000
33 10 10.912200
34 10 5.633540
35 10 0.000000
36 10 9.628290
37 10 0.000000
38 10 10.437900
39 10 7.941380
40 10 0.000000
41 10 0.000000
42 10 19.292400
43 10 14.648800
44 10 28.273600
45 10 19.483100
46 10 4.865940
47 10 10.634700
48 10 8.067560
49 10 98.261900
50 10 65.920600
51 10 59.803900
52 10 55.261400
53 10 55.920100
54 10 45.024400
55 10 63.085000
56 10 72.639300
57 10 70.984700
58 10 60.444500
59 10 55.500700
60 10 51.109100
61 10 53.109700
62 10 59.276200
63 10 63.080200
64 10 56.977800
65 10 49.766900
66 10 44.368200
67 10 70.453400
68 10 69.794500
69 10 97.343000
70 10 89.803200
71 10 80.670300
72 10 58.372900
73 10 108.525000
74 10 106.369000
75 10 96.016000
76 10 95.455900
77 10 87.887500
78 10 99.340800
79 10 111.500000
80 10 102.071000
81 10 120.232000
82 10 106.660000
83 10 104.972000
84 10 107.661000
85 10 108.499000
86 10 105.536000
87 10 115.472000
88 10 131.469000
89 10 116.514000
90 10 108.249000
91 10 115.290000
92 10 127.533000
93 10 142.744000
94 10 148.445000
95 10 133.643000
96 10 112.395000
97 10 0.635524
98 10 0.000000
99 10 0.636494
100 10 0.000000
101 10 74.468800
102 10 58.541100
103 10 60.068000
104 10 60.457300
105 10 48.813600
106 10 51.080100
107 10 66.054800
108 10 74.387600
109 10 65.253900
110 10 70.141200
111 10 81.226400
112 10 74.938800
113 10 72.397100
114 10 71.439900
115 10 70.482500
116 10 71.462400
117 10 70.898400
118 10 71.460600
119 10 103.301000
120 10 107.920000
121 10 0.605495
122 10 0.000000
123 10 0.584113
124 10 0.000000
125 10 0.567824
126 10 0.000000
127 10 69.734700
128 10 75.389800
129 10 70.095500
130 10 66.856200
131 10 99.725000
132 10 102.691000
133 10 81.929100
134 10 56.954600
135 10 51.496700
136 10 48.044700
137 10 47.783200
138 10 56.234600
139 10 70.782100
140 10 81.455000
141 10 94.359800
142 10 107.208000
143 10 112.903000
144 10 0.522099
145 10 0.000000
146 10 0.495087
147 10 0.000000
148 10 0.500529
149 10 0.099300
150 10 0.499211
151 10 0.018700
152 10 60.937200
153 10 88.892400
154 10 92.570700
155 10 99.601200
156 10 98.611800
157 10 95.970200
158 10 94.926500
159 10 88.947500
160 10 87.361200
161 10 86.377400
162 10 115.867000
163 10 112.839000
164 10 119.352000
165 10 0.501300
166 10 0.315400
167 10 0.471318
168 10 2.127300
169 10 0.545773
170 10 0.390600
171 10 0.637461
172 10 1.807300
173 10 102.491000
174 10 92.930100
175 10 84.410800
176 10 60.491100
177 10 95.713100
178 10 110.472000
179 10 114.454000
180 10 142.952000
181 10 111.451000
182 10 0.717408
183 10 4.397700
184 10 0.740304
185 10 0.601400
186 10 0.730328
187 10 0.401100
188 10 0.711730
189 10 0.010100
190 10 0.698829
191 10 0.000000
192 10 0.656370
193 10 0.000000
194 10 135.326000
195 10 104.795000
196 10 80.234300
197 10 75.373900
198 10 0.610283
199 10 0.000000
200 10 0.599080
201 10 0.000000
202 10 0.615776
203 10 0.000000
204 10 0.649195
205 10 0.000000
206 10 0.675372
207 10 0.000000
208 10 0.530280
209 10 0.000000
210 10 4.385610
211 10 0.000000
212 10 2.851130
213 10 0.000000
214 10 0.604966
215 10 0.899485
216 10 0.119330
217 10 0.000000
218 10 1.590070
219 10 3.035400
220 10 2.617490
221 10 0.484111
222 10 0.771140
223 10 207.305000
224 10 0.000000
225 10 0.000000
226 10 0.980890
227 10 0.473724
228 10 0.603670
229 10 0.451941
230 10 0.449171
231 10 0.312327
;

param Prob0 :=
1	0.100
2	0.100
3	0.100
4	0.100
5	0.100
6	0.100
7	0.200
8	0.100
9	0.000
10	0.100
;
set c[0,5] := 5 1 2 3 4 6 7 8 9 10;
set c[1,6] := 6 5 1 4 7 9;
set c[1,2] := 2 3 8 10;
set c[2,3] := 3 2 8 10;
set c[2,7] := 7 5 9;
set c[2,1] := 1 6 4;
set c[3,1] := 1 6 4;
set c[3,7] := 7 5 9;
set c[3,2] := 2 3 8 10;
set c[4,8] := 8 2 3 10;
set c[4,5] := 5 7 9;
set c[4,1] := 1 6 4;
set c[5,9] := 9 5 7;
set c[5,4] := 4 1 6;
set c[5,2] := 2 8 3 10;
set c[6,2] := 2 8 3 10;
set c[6,1] := 1 4 6;
set c[6,9] := 9 5 7;
set c[7,7] := 7 9 5;
set c[7,1] := 1 6;
set c[7,4] := 4;
set c[7,2] := 2 10;
set c[7,8] := 8 3;
set c[8,8] := 8 3;
set c[8,2] := 2 10;
set c[8,4] := 4;
set c[8,1] := 1 6;
set c[8,9] := 9 7 5;
set c[9,1] := 1 6;
set c[9,2] := 2 10;
set c[9,4] := 4;
set c[9,9] := 9 7 5;
set c[9,8] := 8 3;
set c[10,5] := 5 9 7;
set c[10,8] := 8 3;
set c[10,2] := 2 10;
set c[10,4] := 4;
set c[10,1] := 1 6;
set c[11,2] := 2 10;
set c[11,8] := 8 3;
set c[11,1] := 1 6;
set c[11,4] := 4;
set c[11,7] := 7 5 9;
set c[12,4] := 4;
set c[12,5] := 5 7 9;
set c[12,8] := 8 3;
set c[12,1] := 1 6;
set c[12,2] := 2 10;
set c[13,8] := 8 3;
set c[13,2] := 2 10;
set c[13,1] := 1 6;
set c[13,7] := 7 5 9;
set c[13,4] := 4;
set c[14,7] := 7 5 9;
set c[14,2] := 2 10;
set c[14,4] := 4;
set c[14,1] := 1 6;
set c[14,8] := 8 3;
set c[15,8] := 8;
set c[15,3] := 3;
set c[15,1] := 1 6;
set c[15,4] := 4;
set c[15,2] := 2 10;
set c[15,7] := 7 5 9;
set c[16,7] := 7 5 9;
set c[16,2] := 2 10;
set c[16,1] := 1;
set c[16,6] := 6;
set c[16,3] := 3;
set c[16,4] := 4;
set c[16,8] := 8;
set c[17,8] := 8;
set c[17,4] := 4;
set c[17,1] := 1;
set c[17,3] := 3;
set c[17,2] := 2 10;
set c[17,6] := 6;
set c[17,7] := 7 9;
set c[17,5] := 5;
set c[18,4] := 4;
set c[18,7] := 7 9;
set c[18,3] := 3;
set c[18,1] := 1;
set c[18,5] := 5;
set c[18,2] := 2 10;
set c[18,6] := 6;
set c[18,8] := 8;
set c[19,1] := 1;
set c[19,6] := 6;
set c[19,5] := 5;
set c[19,3] := 3;
set c[19,7] := 7 9;
set c[19,2] := 2;
set c[19,10] := 10;
set c[19,8] := 8;
set c[19,4] := 4;
set c[20,8] := 8;
set c[20,7] := 7 9;
set c[20,2] := 2;
set c[20,10] := 10;
set c[20,3] := 3;
set c[20,5] := 5;
set c[20,4] := 4;
set c[20,6] := 6;
set c[20,1] := 1;
set c[21,6] := 6;
set c[21,7] := 7 9;
set c[21,1] := 1;
set c[21,4] := 4;
set c[21,3] := 3;
set c[21,10] := 10;
set c[21,2] := 2;
set c[21,5] := 5;
set c[21,8] := 8;
set c[22,4] := 4;
set c[22,3] := 3;
set c[22,8] := 8;
set c[22,5] := 5;
set c[22,2] := 2;
set c[22,7] := 7 9;
set c[22,1] := 1;
set c[22,10] := 10;
set c[22,6] := 6;
set c[23,1] := 1;
set c[23,3] := 3;
set c[23,2] := 2;
set c[23,8] := 8;
set c[23,10] := 10;
set c[23,7] := 7 9;
set c[23,5] := 5;
set c[23,6] := 6;
set c[23,4] := 4;
set c[24,6] := 6;
set c[24,10] := 10;
set c[24,3] := 3;
set c[24,8] := 8;
set c[24,5] := 5;
set c[24,7] := 7 9;
set c[24,2] := 2;
set c[24,4] := 4;
set c[24,1] := 1;
set c[25,10] := 10;
set c[25,1] := 1;
set c[25,4] := 4;
set c[25,3] := 3;
set c[25,8] := 8;
set c[25,7] := 7 9;
set c[25,2] := 2;
set c[25,5] := 5;
set c[25,6] := 6;
set c[26,6] := 6;
set c[26,4] := 4;
set c[26,5] := 5;
set c[26,7] := 7 9;
set c[26,8] := 8;
set c[26,2] := 2;
set c[26,3] := 3;
set c[26,1] := 1;
set c[26,10] := 10;
set c[27,1] := 1;
set c[27,7] := 7 9;
set c[27,5] := 5;
set c[27,10] := 10;
set c[27,3] := 3;
set c[27,2] := 2;
set c[27,8] := 8;
set c[27,4] := 4;
set c[27,6] := 6;
set c[28,6] := 6;
set c[28,7] := 7 9;
set c[28,3] := 3;
set c[28,4] := 4;
set c[28,5] := 5;
set c[28,8] := 8;
set c[28,2] := 2;
set c[28,10] := 10;
set c[28,1] := 1;
set c[29,7] := 7 9;
set c[29,8] := 8;
set c[29,3] := 3;
set c[29,4] := 4;
set c[29,5] := 5;
set c[29,10] := 10;
set c[29,2] := 2;
set c[29,1] := 1;
set c[29,6] := 6;
set c[30,4] := 4;
set c[30,8] := 8;
set c[30,2] := 2;
set c[30,10] := 10;
set c[30,1] := 1;
set c[30,5] := 5;
set c[30,6] := 6;
set c[30,3] := 3;
set c[30,7] := 7 9;
set c[31,2] := 2;
set c[31,5] := 5;
set c[31,3] := 3;
set c[31,8] := 8;
set c[31,6] := 6;
set c[31,1] := 1;
set c[31,10] := 10;
set c[31,7] := 7 9;
set c[31,4] := 4;
set c[32,4] := 4;
set c[32,1] := 1;
set c[32,5] := 5;
set c[32,8] := 8;
set c[32,3] := 3;
set c[32,6] := 6;
set c[32,10] := 10;
set c[32,7] := 7 9;
set c[32,2] := 2;
set c[33,1] := 1;
set c[33,3] := 3;
set c[33,8] := 8;
set c[33,7] := 7 9;
set c[33,2] := 2;
set c[33,10] := 10;
set c[33,6] := 6;
set c[33,5] := 5;
set c[33,4] := 4;
set c[34,10] := 10;
set c[34,6] := 6;
set c[34,7] := 7 9;
set c[34,2] := 2;
set c[34,8] := 8;
set c[34,4] := 4;
set c[34,3] := 3;
set c[34,5] := 5;
set c[34,1] := 1;

