#erel:= 0.850;
#emax:= 2565.417;
#q:= 0.000;
#nesce:=     8;
#etime:= 0.039;
#snodes:=   193;
param nS:=    10;
param nSG:=    34;
param nRVSG :=
1 24
5 2
9 2
13 2
17 2
21 9
25 2
29 2
33 2
2 24
6 2
10 2
14 2
18 2
22 2
26 2
30 2
34 24
3 24
7 20
11 17
15 2
19 2
23 2
27 2
31 2
4 24
8 2
12 2
16 13
20 2
24 2
28 4
32 2
;


param ScenF :=
1 78.9315
59 83.1672
117 63.6052
175 38.73
2 111.219
60 77.5003
118 74.269
176 29.7385
3 105.217
61 70.4123
119 93.1737
177 35.1404
4 100.812
62 73.3386
120 81.7204
178 64.6052
5 97.9134
63 72.0966
121 0.912999
179 90.893
6 96.0265
64 73.6792
122 0
180 105.43
7 96.7355
65 73.7851
123 0.906
181 73.0362
8 95.0467
66 76.3086
124 0
182 0.534417
9 112.7
67 101.149
125 0.874346
183 0.608
10 117.446
68 140.705
126 0
184 0.564908
11 101.802
69 148.922
127 38.4358
185 0.467
12 89.0743
70 135.87
128 55.6814
186 0.608428
13 79.5874
71 131.484
129 54.4242
187 0.2468
14 77.4543
72 131.151
130 47.2098
188 0.647019
15 74.8624
73 70.289
131 56.6488
189 0.0037
16 75.4661
74 97.7938
132 61.8805
190 0.685843
17 81.9728
75 90.1981
133 65.4106
191 0
18 95.5244
76 89.263
134 57.1767
192 0.740435
19 122.574
77 93.0795
135 57.7879
193 0
20 146.417
78 92.4696
136 56.2416
194 91.8684
21 137.628
79 90.578
137 58.2961
195 91.4178
22 138.625
80 81.8367
138 57.7297
196 82.9267
23 141.51
81 73.411
139 55.2299
197 68.9793
24 118.305
82 61.933
140 57.4118
198 0.758414
25 19.391
83 69.6594
141 67.8594
199 0
26 26.7808
84 72.1202
142 69.4848
200 0.688408
27 31.9214
85 72.601
143 53.2942
201 0
28 32.2298
86 75.2056
144 0.80185
202 0.659329
29 33.4217
87 80.4797
145 0
203 0
30 32.2375
88 81.4647
146 0.748756
204 0.663591
31 31.9088
89 74.3266
147 0
205 0
32 24.1673
90 73.8794
148 0.715691
206 0.60682
33 20.5184
91 83.8293
149 0.0495
207 0
34 39.8865
92 101.36
150 0.609607
208 0.886837
35 53.3801
93 122.711
151 0.3212
209 8.04612
36 49.3648
94 123.825
152 64.447
210 6.68627
37 45.0248
95 116.865
153 81.4662
211 6.05822
38 35.029
96 107.698
154 64.1466
212 4.62744
39 33.1798
97 0.900943
155 46.9479
213 6.94654
40 40.8839
98 0
156 41.7375
214 2.89907
41 58.114
99 0.903333
157 46.1783
215 0
42 49.9541
100 0
158 48.4442
216 0.47999
43 28.8612
101 56.6715
159 50.9508
217 0.0117329
44 5.37146
102 85.7386
160 48.5863
218 0
45 12.1689
103 81.8373
161 53.2054
219 0
46 13.6144
104 73.8544
162 75.2813
220 0
47 15.0044
105 72.831
163 93.3728
221 8.63139
48 17.0241
106 72.8866
164 86.3285
222 2.84468
49 73.4037
107 63.7965
165 0.541185
223 0
50 120.258
108 58.7715
166 0.5188
224 151.438
51 104.698
109 65.7549
167 0.508682
225 15.3229
52 103.875
110 77.4842
168 0.6366
226 1.80412
53 99.9464
111 74.276
169 0.498465
227 0.0396574
54 102.727
112 73.2632
170 0.6874
228 0.33562
55 96.5797
113 73.4406
171 0.501924
229 0.915844
56 87.5852
114 82.234
172 0.6786
230 0.845012
57 96.7025
115 79.0062
173 37.2304
231 1.52268
58 94.5447
116 69.3788
174 39.3874
;


param ScenO :=
1 99.9
59 64.6
117 55.12
175 39
2 92.96
60 53.54
118 61.12
176 49
3 81.6
61 49
119 78
177 56.57
4 70.64
62 42.82
120 105.47
178 85.55
5 70
63 45.61
121 0.954
179 125.47
6 69.4
64 47.21
122 0
180 126.1
7 68.15
65 53.12
123 0.955
181 126.05
8 69.4
66 64
124 0
182 0.989
9 70.1
67 86.4
125 0.952
183 0.598
10 75
68 102.89
126 0
184 0.987
11 68.1
69 106.04
127 99.9
185 0.462
12 54.43
70 111.05
128 60.01
186 0.968
13 49
71 107.34
129 60.01
187 0.243
14 43.71
72 99.28
130 60.01
188 0.936
15 46.5
73 99.9
131 60.01
189 0.004
16 47.5
74 72.97
132 60.01
190 0.916
17 58.12
75 61.61
133 60.01
191 0
18 67
76 63.64
134 54.85
192 0.922
19 92.96
77 63.5
135 48.99
193 0
20 105.47
78 62.29
136 43.72
194 126.3
21 107.05
79 58.2
137 43.61
195 108.33
22 114.06
80 61.39
138 47.51
196 91.44
23 110.34
81 62.09
139 55
197 63.35
24 103.28
82 64.9
140 60
198 0.918
25 10
83 57.1
141 80
199 0
26 9.92
84 51
142 110
200 0.884
27 20.88
85 46
143 112.05
201 0
28 42.68
86 43
144 0.943
202 0.855
29 42.88
87 44.71
145 0
203 0
30 43.08
88 44.5
146 0.924
204 0.861
31 42.52
89 54.87
147 0
205 0
32 42.24
90 62
148 0.942
206 0.885
33 41.6
91 79.27
149 0.04
207 0
34 45.12
92 110.02
150 0.974
208 0.269269
35 69.28
93 111.6
151 0.297
209 0.523021
36 53.04
94 118.62
152 58.01
210 0.774632
37 48.64
95 111.34
153 52.72
211 1.18998
38 45.84
96 103.29
154 51.67
212 0.530429
39 46.08
97 0.935
155 50.95
213 0.988905
40 48.16
98 0
156 47
214 0.92898
41 55.2
99 0.945
157 40.71
215 1.15087
42 61.4
100 0
158 40.01
216 1.21555
43 18.08
101 97.9
159 44
217 1.16667
44 17.32
102 51.82
160 53
218 0.012335
45 17
103 46.12
161 61
219 0.0553
46 13.2
104 51.64
162 79
220 0.195918
47 17
105 50
163 111.97
221 0.140243
48 16.2
106 52.14
164 113.55
222 -0.023226
49 99.75
107 53.14
165 0.987
223 -0.000842
50 85
108 57.39
166 0.504
224 0.50585
51 70.5
109 64.99
167 0.989
225 -0.257463
52 66.64
110 64.99
168 0.624
226 0.392642
53 66.5
111 57.2
169 0.991
227 0.641604
54 65.39
112 53
170 0.674
228 0.825128
55 63.15
113 47.23
171 0.99
229 0.727424
56 65.39
114 43.1
172 0.666
230 0.600689
57 65.1
115 44.62
173 38.7
231 0.506584
58 70
116 46.87
174 45
;


param Scen0 :=
1 1 125.421000
2 1 118.392000
3 1 101.054000
4 1 92.869100
5 1 93.965100
6 1 89.801700
7 1 94.280100
8 1 87.045500
9 1 113.761000
10 1 125.993000
11 1 92.438000
12 1 87.520000
13 1 85.191700
14 1 71.587100
15 1 71.010500
16 1 74.702000
17 1 93.170000
18 1 98.670600
19 1 131.482000
20 1 139.409000
21 1 142.527000
22 1 141.107000
23 1 128.780000
24 1 105.550000
25 1 22.005600
26 1 24.307000
27 1 28.702700
28 1 26.483900
29 1 27.042400
30 1 29.741700
31 1 30.327100
32 1 37.847800
33 1 32.769000
34 1 58.492400
35 1 47.718500
36 1 58.185600
37 1 46.598300
38 1 45.153600
39 1 41.083700
40 1 49.121100
41 1 57.432300
42 1 62.496900
43 1 30.712700
44 1 0.000000
45 1 0.000000
46 1 9.804080
47 1 12.402200
48 1 15.006900
49 1 93.946300
50 1 108.036000
51 1 102.637000
52 1 100.602000
53 1 99.401100
54 1 97.932800
55 1 98.193500
56 1 94.927900
57 1 104.249000
58 1 77.951200
59 1 80.482900
60 1 79.963300
61 1 76.522500
62 1 82.181900
63 1 81.666100
64 1 75.852100
65 1 73.018300
66 1 66.681900
67 1 92.172900
68 1 117.979000
69 1 126.048000
70 1 116.039000
71 1 116.732000
72 1 116.546000
73 1 86.496900
74 1 90.742300
75 1 83.224100
76 1 78.765100
77 1 82.568400
78 1 83.388100
79 1 87.383700
80 1 83.982600
81 1 76.091800
82 1 39.412800
83 1 61.137500
84 1 62.133800
85 1 63.673700
86 1 64.035100
87 1 71.192800
88 1 73.323500
89 1 71.447200
90 1 53.540300
91 1 69.522100
92 1 82.631700
93 1 98.008500
94 1 101.150000
95 1 100.273000
96 1 87.484800
97 1 0.896263
98 1 0.000000
99 1 0.887026
100 1 0.000000
101 1 84.560800
102 1 84.101800
103 1 78.767300
104 1 66.489300
105 1 68.770000
106 1 66.198800
107 1 74.991300
108 1 75.507700
109 1 52.369300
110 1 33.741500
111 1 52.715200
112 1 54.022500
113 1 52.560100
114 1 61.704800
115 1 64.448600
116 1 53.373800
117 1 37.645600
118 1 76.596700
119 1 86.910300
120 1 83.876900
121 1 0.956885
122 1 0.000000
123 1 0.913512
124 1 0.000000
125 1 0.821183
126 1 0.000000
127 1 50.765500
128 1 36.548000
129 1 36.227800
130 1 56.268400
131 1 55.955000
132 1 59.915100
133 1 70.855700
134 1 70.790800
135 1 67.441400
136 1 67.124800
137 1 66.455900
138 1 64.136800
139 1 60.209000
140 1 65.509800
141 1 58.777700
142 1 49.751200
143 1 58.131700
144 1 0.704632
145 1 0.000000
146 1 0.601609
147 1 0.000000
148 1 0.526172
149 1 0.005500
150 1 0.397682
151 1 1.016800
152 1 79.890300
153 1 88.024600
154 1 85.305700
155 1 50.818600
156 1 10.548300
157 1 32.571800
158 1 54.675500
159 1 35.356500
160 1 21.848200
161 1 31.559400
162 1 93.291500
163 1 112.755000
164 1 121.749000
165 1 0.319603
166 1 3.398000
167 1 0.292243
168 1 0.304800
169 1 0.304287
170 1 1.367700
171 1 0.321168
172 1 7.484700
173 1 63.584600
174 1 47.295800
175 1 44.716800
176 1 35.417000
177 1 41.336400
178 1 57.087400
179 1 75.792100
180 1 78.706300
181 1 76.716400
182 1 0.357652
183 1 1.311500
184 1 0.401451
185 1 5.846100
186 1 0.445133
187 1 1.267400
188 1 0.475492
189 1 0.009200
190 1 0.619533
191 1 0.000000
192 1 0.667906
193 1 0.000000
194 1 78.374500
195 1 85.177300
196 1 75.246300
197 1 66.917400
198 1 0.689672
199 1 0.000000
200 1 0.641284
201 1 0.000000
202 1 0.631439
203 1 0.000000
204 1 0.653417
205 1 0.000000
206 1 0.651171
207 1 0.000000
208 1 1.395580
209 1 6.568050
210 1 18.317500
211 1 5.394260
212 1 6.062180
213 1 4.778440
214 1 3.345630
215 1 0.000000
216 1 0.535477
217 1 0.000000
218 1 1.437590
219 1 0.371174
220 1 1.123220
221 1 4.562900
222 1 2.851940
223 1 184.548000
224 1 37.929100
225 1 0.000000
226 1 4.632480
227 1 0.683542
228 1 0.577436
229 1 0.915297
230 1 0.940291
231 1 1.393370
1 2 123.155000
2 2 123.128000
3 2 115.604000
4 2 114.894000
5 2 112.725000
6 2 103.466000
7 2 113.590000
8 2 109.207000
9 2 120.371000
10 2 124.729000
11 2 116.213000
12 2 102.562000
13 2 99.388000
14 2 96.846200
15 2 85.525800
16 2 87.585800
17 2 90.279300
18 2 94.636200
19 2 129.740000
20 2 132.033000
21 2 135.395000
22 2 132.615000
23 2 137.632000
24 2 124.185000
25 2 23.572400
26 2 25.743800
27 2 22.565900
28 2 26.952800
29 2 28.727800
30 2 26.257000
31 2 26.753400
32 2 24.118600
33 2 22.611500
34 2 41.231000
35 2 49.829900
36 2 36.663000
37 2 34.084900
38 2 25.756100
39 2 30.670300
40 2 32.416500
41 2 46.797300
42 2 49.477900
43 2 32.548300
44 2 12.336300
45 2 20.462600
46 2 22.074500
47 2 21.960400
48 2 24.375200
49 2 118.265000
50 2 116.566000
51 2 106.951000
52 2 107.953000
53 2 107.210000
54 2 94.472600
55 2 101.274000
56 2 98.479300
57 2 93.252100
58 2 89.966700
59 2 86.858400
60 2 81.859400
61 2 76.195100
62 2 79.266800
63 2 85.523600
64 2 81.957000
65 2 80.420200
66 2 74.045200
67 2 119.730000
68 2 134.529000
69 2 153.357000
70 2 134.674000
71 2 145.187000
72 2 144.301000
73 2 106.346000
74 2 103.363000
75 2 92.131200
76 2 97.038300
77 2 99.487500
78 2 105.870000
79 2 105.432000
80 2 77.180100
81 2 71.605900
82 2 58.272000
83 2 65.998400
84 2 70.913500
85 2 74.339300
86 2 78.672900
87 2 85.934700
88 2 89.791100
89 2 79.625500
90 2 78.955200
91 2 84.062000
92 2 95.648800
93 2 113.529000
94 2 127.435000
95 2 127.692000
96 2 108.868000
97 2 0.911279
98 2 0.000000
99 2 0.926316
100 2 0.000000
101 2 98.493600
102 2 88.174800
103 2 85.077800
104 2 80.224200
105 2 72.553900
106 2 73.486600
107 2 77.320600
108 2 77.346100
109 2 55.518700
110 2 61.729800
111 2 73.754800
112 2 74.501400
113 2 73.093800
114 2 80.720500
115 2 84.126000
116 2 77.951400
117 2 68.433900
118 2 70.079700
119 2 100.794000
120 2 99.373500
121 2 0.938968
122 2 0.000000
123 2 0.929436
124 2 0.000000
125 2 0.910436
126 2 0.000000
127 2 58.261200
128 2 39.720400
129 2 47.984600
130 2 58.428800
131 2 56.830700
132 2 50.779700
133 2 57.091300
134 2 54.874300
135 2 47.207500
136 2 47.974300
137 2 41.294600
138 2 23.955400
139 2 40.082600
140 2 42.086600
141 2 53.192500
142 2 67.766700
143 2 102.403000
144 2 0.797759
145 2 0.000000
146 2 0.740982
147 2 0.000000
148 2 0.690696
149 2 0.068600
150 2 0.601073
151 2 0.084700
152 2 40.879700
153 2 59.099400
154 2 50.069800
155 2 49.276100
156 2 51.023200
157 2 51.402100
158 2 52.036400
159 2 48.202900
160 2 46.243900
161 2 45.424800
162 2 77.761700
163 2 81.060600
164 2 97.374800
165 2 0.586551
166 2 1.520200
167 2 0.551167
168 2 0.184300
169 2 0.516603
170 2 0.198500
171 2 0.495826
172 2 0.821800
173 2 32.456600
174 2 26.350300
175 2 23.486900
176 2 21.278200
177 2 44.237000
178 2 72.094100
179 2 93.523500
180 2 76.460400
181 2 109.951000
182 2 0.510019
183 2 1.319300
184 2 0.578355
185 2 0.172000
186 2 0.484897
187 2 0.440200
188 2 0.483705
189 2 0.001100
190 2 0.719213
191 2 0.000000
192 2 0.751122
193 2 0.000000
194 2 101.395000
195 2 95.995200
196 2 85.053500
197 2 74.177700
198 2 0.747995
199 2 0.000000
200 2 0.644283
201 2 0.000000
202 2 0.614073
203 2 0.000000
204 2 0.637074
205 2 0.000000
206 2 0.604309
207 2 0.000000
208 2 1.372510
209 2 6.207110
210 2 10.549800
211 2 5.177720
212 2 5.665460
213 2 5.531290
214 2 3.139490
215 2 0.110282
216 2 0.389413
217 2 0.000000
218 2 0.359461
219 2 0.347563
220 2 0.348423
221 2 5.719060
222 2 3.153170
223 2 218.257000
224 2 22.289600
225 2 8.854730
226 2 2.201600
227 2 0.441422
228 2 0.787705
229 2 0.937809
230 2 0.962821
231 2 1.271290
1 3 123.155000
2 3 123.128000
3 3 115.604000
4 3 114.894000
5 3 112.725000
6 3 103.466000
7 3 113.590000
8 3 109.207000
9 3 120.371000
10 3 124.729000
11 3 116.213000
12 3 102.562000
13 3 99.388000
14 3 96.846200
15 3 85.525800
16 3 87.585800
17 3 90.279300
18 3 94.636200
19 3 129.740000
20 3 132.033000
21 3 135.395000
22 3 132.615000
23 3 137.632000
24 3 124.185000
25 3 23.572400
26 3 25.743800
27 3 22.565900
28 3 26.952800
29 3 28.727800
30 3 26.257000
31 3 26.753400
32 3 24.118600
33 3 22.611500
34 3 41.231000
35 3 49.829900
36 3 36.663000
37 3 34.084900
38 3 25.756100
39 3 30.670300
40 3 32.416500
41 3 46.797300
42 3 49.477900
43 3 32.548300
44 3 12.336300
45 3 20.462600
46 3 22.074500
47 3 21.960400
48 3 24.375200
49 3 118.265000
50 3 116.566000
51 3 106.951000
52 3 107.953000
53 3 107.210000
54 3 94.472600
55 3 101.274000
56 3 98.479300
57 3 93.252100
58 3 89.966700
59 3 86.858400
60 3 81.859400
61 3 76.195100
62 3 79.266800
63 3 85.523600
64 3 81.957000
65 3 80.420200
66 3 74.045200
67 3 119.730000
68 3 134.529000
69 3 153.357000
70 3 134.674000
71 3 145.187000
72 3 144.301000
73 3 106.346000
74 3 103.363000
75 3 92.131200
76 3 97.038300
77 3 99.487500
78 3 105.870000
79 3 105.432000
80 3 77.180100
81 3 71.605900
82 3 58.272000
83 3 65.998400
84 3 70.913500
85 3 74.339300
86 3 78.672900
87 3 85.934700
88 3 89.791100
89 3 79.625500
90 3 78.955200
91 3 84.062000
92 3 95.648800
93 3 113.529000
94 3 127.435000
95 3 127.692000
96 3 108.868000
97 3 0.911279
98 3 0.000000
99 3 0.926316
100 3 0.000000
101 3 98.493600
102 3 88.174800
103 3 85.077800
104 3 80.224200
105 3 72.553900
106 3 73.486600
107 3 77.320600
108 3 77.346100
109 3 55.518700
110 3 61.729800
111 3 73.754800
112 3 74.501400
113 3 73.093800
114 3 80.720500
115 3 84.126000
116 3 77.951400
117 3 68.433900
118 3 70.079700
119 3 100.794000
120 3 99.373500
121 3 0.938968
122 3 0.000000
123 3 0.929436
124 3 0.000000
125 3 0.910436
126 3 0.000000
127 3 58.261200
128 3 39.720400
129 3 47.984600
130 3 58.428800
131 3 56.830700
132 3 50.779700
133 3 57.091300
134 3 54.874300
135 3 47.207500
136 3 47.974300
137 3 41.294600
138 3 23.955400
139 3 40.082600
140 3 42.086600
141 3 53.192500
142 3 67.766700
143 3 102.403000
144 3 0.797759
145 3 0.000000
146 3 0.740982
147 3 0.000000
148 3 0.690696
149 3 0.068600
150 3 0.601073
151 3 0.084700
152 3 40.879700
153 3 59.099400
154 3 50.069800
155 3 49.276100
156 3 51.023200
157 3 51.402100
158 3 52.036400
159 3 48.202900
160 3 46.243900
161 3 45.424800
162 3 77.761700
163 3 81.060600
164 3 97.374800
165 3 0.586551
166 3 1.520200
167 3 0.551167
168 3 0.184300
169 3 0.516603
170 3 0.198500
171 3 0.495826
172 3 0.821800
173 3 32.456600
174 3 26.350300
175 3 23.486900
176 3 21.278200
177 3 44.237000
178 3 72.094100
179 3 93.523500
180 3 76.460400
181 3 109.951000
182 3 0.510019
183 3 1.319300
184 3 0.578355
185 3 0.172000
186 3 0.484897
187 3 0.440200
188 3 0.483705
189 3 0.001100
190 3 0.719213
191 3 0.000000
192 3 0.751122
193 3 0.000000
194 3 101.395000
195 3 95.995200
196 3 85.053500
197 3 74.177700
198 3 0.747995
199 3 0.000000
200 3 0.644283
201 3 0.000000
202 3 0.614073
203 3 0.000000
204 3 0.637074
205 3 0.000000
206 3 0.604309
207 3 0.000000
208 3 0.765906
209 3 6.504120
210 3 1.248610
211 3 5.216910
212 3 1.750550
213 3 5.361510
214 3 3.410060
215 3 0.000000
216 3 0.408671
217 3 0.000000
218 3 0.222953
219 3 0.335096
220 3 0.000000
221 3 6.307130
222 3 3.681910
223 3 135.615000
224 3 33.905500
225 3 12.092200
226 3 2.090690
227 3 0.425564
228 3 0.553521
229 3 0.779549
230 3 0.758583
231 3 1.139940
1 4 125.421000
2 4 118.392000
3 4 101.054000
4 4 92.869100
5 4 93.965100
6 4 89.801700
7 4 94.280100
8 4 87.045500
9 4 113.761000
10 4 125.993000
11 4 92.438000
12 4 87.520000
13 4 85.191700
14 4 71.587100
15 4 71.010500
16 4 74.702000
17 4 93.170000
18 4 98.670600
19 4 131.482000
20 4 139.409000
21 4 142.527000
22 4 141.107000
23 4 128.780000
24 4 105.550000
25 4 22.005600
26 4 24.307000
27 4 28.702700
28 4 26.483900
29 4 27.042400
30 4 29.741700
31 4 30.327100
32 4 37.847800
33 4 32.769000
34 4 58.492400
35 4 47.718500
36 4 58.185600
37 4 46.598300
38 4 45.153600
39 4 41.083700
40 4 49.121100
41 4 57.432300
42 4 62.496900
43 4 30.712700
44 4 0.000000
45 4 0.000000
46 4 9.804080
47 4 12.402200
48 4 15.006900
49 4 93.946300
50 4 108.036000
51 4 102.637000
52 4 100.602000
53 4 99.401100
54 4 97.932800
55 4 98.193500
56 4 94.927900
57 4 104.249000
58 4 77.951200
59 4 80.482900
60 4 79.963300
61 4 76.522500
62 4 82.181900
63 4 81.666100
64 4 75.852100
65 4 73.018300
66 4 66.681900
67 4 92.172900
68 4 117.979000
69 4 126.048000
70 4 116.039000
71 4 116.732000
72 4 116.546000
73 4 86.496900
74 4 90.742300
75 4 83.224100
76 4 78.765100
77 4 82.568400
78 4 83.388100
79 4 87.383700
80 4 83.982600
81 4 76.091800
82 4 39.412800
83 4 61.137500
84 4 62.133800
85 4 63.673700
86 4 64.035100
87 4 71.192800
88 4 73.323500
89 4 71.447200
90 4 53.540300
91 4 69.522100
92 4 82.631700
93 4 98.008500
94 4 101.150000
95 4 100.273000
96 4 87.484800
97 4 0.896263
98 4 0.000000
99 4 0.887026
100 4 0.000000
101 4 84.560800
102 4 84.101800
103 4 78.767300
104 4 66.489300
105 4 68.770000
106 4 66.198800
107 4 74.991300
108 4 75.507700
109 4 52.369300
110 4 33.741500
111 4 52.715200
112 4 54.022500
113 4 52.560100
114 4 61.704800
115 4 64.448600
116 4 53.373800
117 4 37.645600
118 4 76.596700
119 4 86.910300
120 4 83.876900
121 4 0.956885
122 4 0.000000
123 4 0.913512
124 4 0.000000
125 4 0.821183
126 4 0.000000
127 4 50.765500
128 4 36.548000
129 4 36.227800
130 4 56.268400
131 4 55.955000
132 4 59.915100
133 4 70.855700
134 4 70.790800
135 4 67.441400
136 4 67.124800
137 4 66.455900
138 4 64.136800
139 4 60.209000
140 4 65.509800
141 4 58.777700
142 4 49.751200
143 4 58.131700
144 4 0.704632
145 4 0.000000
146 4 0.601609
147 4 0.000000
148 4 0.526172
149 4 0.005500
150 4 0.397682
151 4 1.016800
152 4 79.890300
153 4 88.024600
154 4 85.305700
155 4 50.818600
156 4 10.548300
157 4 32.571800
158 4 54.675500
159 4 35.356500
160 4 21.848200
161 4 31.559400
162 4 93.291500
163 4 112.755000
164 4 121.749000
165 4 0.319603
166 4 3.398000
167 4 0.292243
168 4 0.304800
169 4 0.304287
170 4 1.367700
171 4 0.664979
172 4 0.766100
173 4 49.057000
174 4 51.786400
175 4 51.291300
176 4 35.625200
177 4 44.226800
178 4 57.349100
179 4 88.577700
180 4 93.413500
181 4 101.428000
182 4 0.733095
183 4 0.951500
184 4 0.779746
185 4 0.077400
186 4 0.817315
187 4 0.017900
188 4 0.836275
189 4 0.000200
190 4 0.866410
191 4 0.000000
192 4 0.916654
193 4 0.000000
194 4 100.768000
195 4 63.993300
196 4 66.931000
197 4 56.055900
198 4 0.915741
199 4 0.000000
200 4 0.836946
201 4 0.000000
202 4 0.792424
203 4 0.000000
204 4 0.774842
205 4 0.000000
206 4 0.713112
207 4 0.000000
208 4 1.131110
209 4 7.909150
210 4 7.264460
211 4 6.995410
212 4 4.984460
213 4 5.061110
214 4 3.684060
215 4 0.829794
216 4 0.557941
217 4 0.000000
218 4 0.000000
219 4 0.000000
220 4 0.000000
221 4 5.761740
222 4 4.707820
223 4 215.477000
224 4 32.460600
225 4 10.852600
226 4 2.681900
227 4 0.530530
228 4 0.652308
229 4 0.889142
230 4 0.906840
231 4 1.317120
1 5 125.421000
2 5 118.392000
3 5 101.054000
4 5 92.869100
5 5 93.965100
6 5 89.801700
7 5 94.280100
8 5 87.045500
9 5 113.761000
10 5 125.993000
11 5 92.438000
12 5 87.520000
13 5 85.191700
14 5 71.587100
15 5 71.010500
16 5 74.702000
17 5 93.170000
18 5 98.670600
19 5 131.482000
20 5 139.409000
21 5 142.527000
22 5 141.107000
23 5 128.780000
24 5 105.550000
25 5 22.832200
26 5 18.039700
27 5 26.010200
28 5 30.474300
29 5 28.084000
30 5 30.933800
31 5 33.635900
32 5 36.112200
33 5 15.780700
34 5 18.817900
35 5 7.680160
36 5 34.745300
37 5 18.347300
38 5 14.207400
39 5 11.420400
40 5 16.095400
41 5 59.769500
42 5 46.673900
43 5 29.661700
44 5 11.085800
45 5 12.749600
46 5 13.739600
47 5 15.707300
48 5 29.207700
49 5 130.344000
50 5 121.808000
51 5 111.264000
52 5 108.822000
53 5 109.367000
54 5 105.932000
55 5 98.142200
56 5 84.852900
57 5 85.322100
58 5 84.144100
59 5 86.137200
60 5 68.195000
61 5 62.086000
62 5 63.614900
63 5 63.645800
64 5 62.875100
65 5 62.831900
66 5 72.369800
67 5 92.863500
68 5 128.856000
69 5 167.954000
70 5 147.546000
71 5 147.615000
72 5 142.349000
73 5 100.659000
74 5 111.311000
75 5 101.937000
76 5 102.963000
77 5 102.977000
78 5 98.540300
79 5 89.924200
80 5 90.266700
81 5 88.661200
82 5 82.242300
83 5 77.247800
84 5 57.568600
85 5 67.551700
86 5 57.939100
87 5 56.602500
88 5 71.102600
89 5 66.125200
90 5 56.701600
91 5 85.021000
92 5 116.567000
93 5 136.810000
94 5 140.493000
95 5 129.773000
96 5 113.851000
97 5 0.930008
98 5 0.000000
99 5 0.948209
100 5 0.000000
101 5 89.771500
102 5 84.765200
103 5 71.417000
104 5 66.594400
105 5 59.469200
106 5 59.629500
107 5 61.736100
108 5 67.435400
109 5 54.749000
110 5 62.130000
111 5 74.610300
112 5 65.238700
113 5 68.213600
114 5 64.435500
115 5 57.456400
116 5 57.240700
117 5 50.075100
118 5 46.997600
119 5 82.035800
120 5 97.046100
121 5 0.999645
122 5 0.000000
123 5 0.986262
124 5 0.000000
125 5 0.926817
126 5 0.000000
127 5 39.122300
128 5 37.667500
129 5 42.000700
130 5 54.579900
131 5 35.573600
132 5 20.505300
133 5 46.552400
134 5 51.643300
135 5 51.159100
136 5 61.248900
137 5 63.299900
138 5 51.059600
139 5 48.102200
140 5 54.262500
141 5 58.496200
142 5 62.732800
143 5 60.099700
144 5 0.840332
145 5 0.000000
146 5 0.763661
147 5 0.000000
148 5 0.729575
149 5 0.040700
150 5 0.625235
151 5 1.636000
152 5 79.665000
153 5 85.386500
154 5 51.956600
155 5 48.339400
156 5 60.075700
157 5 31.112900
158 5 39.922200
159 5 38.231300
160 5 32.677200
161 5 48.304500
162 5 68.656200
163 5 81.558600
164 5 90.116800
165 5 0.551330
166 5 1.155700
167 5 0.524723
168 5 0.059300
169 5 0.911954
170 5 1.951200
171 5 0.883231
172 5 2.098600
173 5 42.889700
174 5 45.768900
175 5 40.737500
176 5 20.265300
177 5 47.607200
178 5 74.243800
179 5 84.291700
180 5 88.193600
181 5 64.327900
182 5 0.857873
183 5 5.445200
184 5 0.829570
185 5 0.391200
186 5 0.819220
187 5 0.039000
188 5 0.828964
189 5 0.001900
190 5 0.877889
191 5 0.000000
192 5 0.932862
193 5 0.000000
194 5 71.224400
195 5 95.088000
196 5 82.607100
197 5 56.856800
198 5 0.888785
199 5 0.000000
200 5 0.824148
201 5 0.000000
202 5 0.814416
203 5 0.000000
204 5 0.851863
205 5 0.000000
206 5 0.851341
207 5 0.000000
208 5 1.148180
209 5 6.563360
210 5 11.991900
211 5 5.272260
212 5 5.594850
213 5 5.759550
214 5 3.170440
215 5 0.000000
216 5 0.000000
217 5 0.000000
218 5 0.000000
219 5 0.000000
220 5 0.000000
221 5 5.799810
222 5 2.910710
223 5 162.264000
224 5 0.000000
225 5 11.438400
226 5 1.812670
227 5 0.258274
228 5 0.230798
229 5 1.032670
230 5 0.928399
231 5 1.166310
1 6 125.421000
2 6 118.392000
3 6 101.054000
4 6 92.869100
5 6 93.965100
6 6 89.801700
7 6 94.280100
8 6 87.045500
9 6 113.761000
10 6 125.993000
11 6 92.438000
12 6 87.520000
13 6 85.191700
14 6 71.587100
15 6 71.010500
16 6 74.702000
17 6 93.170000
18 6 98.670600
19 6 131.482000
20 6 139.409000
21 6 142.527000
22 6 141.107000
23 6 128.780000
24 6 105.550000
25 6 22.005600
26 6 24.307000
27 6 28.702700
28 6 26.483900
29 6 27.042400
30 6 29.741700
31 6 30.327100
32 6 37.847800
33 6 32.769000
34 6 58.492400
35 6 47.718500
36 6 58.185600
37 6 46.598300
38 6 45.153600
39 6 41.083700
40 6 49.121100
41 6 57.432300
42 6 62.496900
43 6 30.712700
44 6 0.000000
45 6 0.000000
46 6 9.804080
47 6 12.402200
48 6 15.006900
49 6 93.946300
50 6 108.036000
51 6 102.637000
52 6 100.602000
53 6 99.401100
54 6 97.932800
55 6 98.193500
56 6 94.927900
57 6 104.249000
58 6 77.951200
59 6 80.482900
60 6 79.963300
61 6 76.522500
62 6 82.181900
63 6 81.666100
64 6 75.852100
65 6 73.018300
66 6 66.681900
67 6 92.172900
68 6 117.979000
69 6 126.048000
70 6 116.039000
71 6 116.732000
72 6 116.546000
73 6 86.496900
74 6 90.742300
75 6 83.224100
76 6 78.765100
77 6 82.568400
78 6 83.388100
79 6 87.383700
80 6 83.982600
81 6 76.091800
82 6 39.412800
83 6 61.137500
84 6 62.133800
85 6 63.673700
86 6 64.035100
87 6 71.192800
88 6 73.323500
89 6 71.447200
90 6 53.540300
91 6 69.522100
92 6 82.631700
93 6 98.008500
94 6 101.150000
95 6 100.273000
96 6 87.484800
97 6 0.896263
98 6 0.000000
99 6 0.887026
100 6 0.000000
101 6 94.889300
102 6 88.929200
103 6 110.292000
104 6 93.521100
105 6 92.565600
106 6 90.879500
107 6 76.951600
108 6 61.170700
109 6 83.802200
110 6 118.087000
111 6 94.238300
112 6 94.737300
113 6 100.963000
114 6 104.770000
115 6 99.203200
116 6 97.750200
117 6 79.119000
118 6 92.058600
119 6 116.952000
120 6 102.837000
121 6 0.923982
122 6 0.000000
123 6 0.910248
124 6 0.000000
125 6 0.871111
126 6 0.000000
127 6 56.679400
128 6 35.588300
129 6 53.845500
130 6 63.134300
131 6 50.220500
132 6 51.666100
133 6 50.221200
134 6 53.110000
135 6 46.865300
136 6 55.698000
137 6 52.607800
138 6 48.910200
139 6 48.645500
140 6 46.492300
141 6 57.926700
142 6 56.826500
143 6 86.256200
144 6 0.814842
145 6 0.000000
146 6 0.750998
147 6 0.000000
148 6 0.708941
149 6 0.019400
150 6 0.604599
151 6 1.029600
152 6 110.175000
153 6 60.048800
154 6 35.479300
155 6 26.319200
156 6 17.495000
157 6 12.528800
158 6 7.469690
159 6 6.228760
160 6 5.574320
161 6 16.574600
162 6 21.152300
163 6 40.135800
164 6 46.391700
165 6 0.537340
166 6 0.261400
167 6 0.494795
168 6 1.325600
169 6 0.461996
170 6 0.729700
171 6 0.433854
172 6 0.432600
173 6 17.441300
174 6 22.811200
175 6 9.001330
176 6 5.605410
177 6 18.216900
178 6 50.693000
179 6 59.857800
180 6 94.069900
181 6 114.937000
182 6 0.441126
183 6 0.148200
184 6 0.453930
185 6 0.433700
186 6 0.475844
187 6 2.807000
188 6 0.499582
189 6 0.008400
190 6 0.537980
191 6 0.000000
192 6 0.611808
193 6 0.000000
194 6 110.027000
195 6 113.728000
196 6 112.692000
197 6 89.791600
198 6 0.648093
199 6 0.000000
200 6 0.594846
201 6 0.000000
202 6 0.569340
203 6 0.000000
204 6 0.570263
205 6 0.000000
206 6 0.528502
207 6 0.000000
208 6 1.370050
209 6 7.461410
210 6 8.048970
211 6 6.103210
212 6 5.186120
213 6 6.189030
214 6 2.739360
215 6 0.100335
216 6 0.484597
217 6 0.000000
218 6 0.000000
219 6 0.346160
220 6 0.100289
221 6 7.033740
222 6 2.955340
223 6 124.264000
224 6 107.066000
225 6 11.880300
226 6 2.110220
227 6 0.598582
228 6 1.019600
229 6 0.911648
230 6 0.955419
231 6 1.368390
1 7 125.421000
2 7 118.392000
3 7 101.054000
4 7 92.869100
5 7 93.965100
6 7 89.801700
7 7 94.280100
8 7 87.045500
9 7 113.761000
10 7 125.993000
11 7 92.438000
12 7 87.520000
13 7 85.191700
14 7 71.587100
15 7 71.010500
16 7 74.702000
17 7 93.170000
18 7 98.670600
19 7 131.482000
20 7 139.409000
21 7 142.527000
22 7 141.107000
23 7 128.780000
24 7 105.550000
25 7 22.832200
26 7 18.039700
27 7 26.010200
28 7 30.474300
29 7 28.084000
30 7 30.933800
31 7 33.635900
32 7 36.112200
33 7 15.780700
34 7 18.817900
35 7 7.680160
36 7 34.745300
37 7 18.347300
38 7 14.207400
39 7 11.420400
40 7 16.095400
41 7 59.769500
42 7 46.673900
43 7 29.661700
44 7 11.085800
45 7 12.749600
46 7 13.739600
47 7 15.707300
48 7 29.207700
49 7 130.344000
50 7 121.808000
51 7 111.264000
52 7 108.822000
53 7 109.367000
54 7 105.932000
55 7 98.142200
56 7 84.852900
57 7 85.322100
58 7 84.144100
59 7 86.137200
60 7 68.195000
61 7 62.086000
62 7 63.614900
63 7 63.645800
64 7 62.875100
65 7 62.831900
66 7 72.369800
67 7 92.863500
68 7 128.856000
69 7 167.954000
70 7 147.546000
71 7 147.615000
72 7 142.349000
73 7 115.918000
74 7 93.836400
75 7 88.730100
76 7 88.545000
77 7 94.302300
78 7 89.620400
79 7 80.381900
80 7 67.305300
81 7 52.884200
82 7 46.213100
83 7 53.951800
84 7 46.215900
85 7 46.428100
86 7 54.200600
87 7 60.829500
88 7 58.074900
89 7 84.386300
90 7 86.740300
91 7 98.987200
92 7 119.297000
93 7 164.073000
94 7 155.274000
95 7 145.876000
96 7 135.599000
97 7 0.881196
98 7 0.000000
99 7 0.855956
100 7 0.000000
101 7 105.971000
102 7 82.569700
103 7 74.358600
104 7 66.584600
105 7 66.966200
106 7 65.063700
107 7 61.162100
108 7 63.041300
109 7 55.579100
110 7 60.238300
111 7 68.561700
112 7 64.915300
113 7 62.293700
114 7 68.744700
115 7 73.374900
116 7 66.022600
117 7 90.033700
118 7 109.097000
119 7 120.747000
120 7 129.458000
121 7 0.856539
122 7 0.000000
123 7 0.860882
124 7 0.000000
125 7 0.852943
126 7 0.000000
127 7 41.898900
128 7 34.792200
129 7 50.484000
130 7 52.169700
131 7 59.252800
132 7 65.612100
133 7 73.172900
134 7 70.129500
135 7 59.357700
136 7 53.400100
137 7 53.379100
138 7 47.463400
139 7 41.757000
140 7 46.185800
141 7 47.847600
142 7 47.220700
143 7 61.360100
144 7 0.809197
145 7 0.000000
146 7 0.792280
147 7 0.000000
148 7 0.764858
149 7 0.312900
150 7 0.673410
151 7 0.300000
152 7 75.649900
153 7 57.099000
154 7 54.625900
155 7 39.258900
156 7 39.466500
157 7 45.581200
158 7 36.829000
159 7 33.513300
160 7 29.346700
161 7 39.727600
162 7 71.861500
163 7 49.149700
164 7 79.705300
165 7 0.572470
166 7 1.042400
167 7 0.512223
168 7 0.591800
169 7 0.496425
170 7 2.228200
171 7 0.514668
172 7 0.171800
173 7 69.964400
174 7 31.628200
175 7 28.347000
176 7 23.845100
177 7 26.359300
178 7 85.473700
179 7 103.050000
180 7 106.001000
181 7 105.020000
182 7 0.556154
183 7 0.230300
184 7 0.591691
185 7 0.136200
186 7 0.662934
187 7 0.190100
188 7 0.540539
189 7 0.009800
190 7 0.579047
191 7 0.000000
192 7 0.632747
193 7 0.000000
194 7 72.026900
195 7 57.110900
196 7 87.622100
197 7 65.542300
198 7 0.662296
199 7 0.000000
200 7 0.607366
201 7 0.000000
202 7 0.604596
203 7 0.000000
204 7 0.615605
205 7 0.000000
206 7 0.543102
207 7 0.000000
208 7 1.026830
209 7 6.029930
210 7 20.171100
211 7 4.997950
212 7 2.723230
213 7 2.691410
214 7 2.495270
215 7 0.000000
216 7 0.358314
217 7 0.000000
218 7 0.154640
219 7 0.910183
220 7 0.152604
221 7 6.011950
222 7 3.037540
223 7 125.934000
224 7 19.781600
225 7 8.081160
226 7 1.567800
227 7 0.522549
228 7 0.615803
229 7 0.964568
230 7 0.986871
231 7 1.400440
1 8 123.155000
2 8 123.128000
3 8 115.604000
4 8 114.894000
5 8 112.725000
6 8 103.466000
7 8 113.590000
8 8 109.207000
9 8 120.371000
10 8 124.729000
11 8 116.213000
12 8 102.562000
13 8 99.388000
14 8 96.846200
15 8 85.525800
16 8 87.585800
17 8 90.279300
18 8 94.636200
19 8 129.740000
20 8 132.033000
21 8 135.395000
22 8 132.615000
23 8 137.632000
24 8 124.185000
25 8 23.572400
26 8 25.743800
27 8 22.565900
28 8 26.952800
29 8 28.727800
30 8 26.257000
31 8 26.753400
32 8 24.118600
33 8 22.611500
34 8 41.231000
35 8 49.829900
36 8 36.663000
37 8 34.084900
38 8 25.756100
39 8 30.670300
40 8 32.416500
41 8 46.797300
42 8 49.477900
43 8 32.548300
44 8 12.336300
45 8 20.462600
46 8 22.074500
47 8 21.960400
48 8 24.375200
49 8 118.265000
50 8 116.566000
51 8 106.951000
52 8 107.953000
53 8 107.210000
54 8 94.472600
55 8 101.274000
56 8 98.479300
57 8 93.252100
58 8 89.966700
59 8 86.858400
60 8 81.859400
61 8 76.195100
62 8 79.266800
63 8 85.523600
64 8 81.957000
65 8 80.420200
66 8 74.045200
67 8 119.730000
68 8 134.529000
69 8 153.357000
70 8 134.674000
71 8 145.187000
72 8 144.301000
73 8 106.346000
74 8 103.363000
75 8 92.131200
76 8 97.038300
77 8 99.487500
78 8 105.870000
79 8 105.432000
80 8 77.180100
81 8 71.605900
82 8 58.272000
83 8 65.998400
84 8 70.913500
85 8 74.339300
86 8 78.672900
87 8 85.934700
88 8 89.791100
89 8 79.625500
90 8 78.955200
91 8 84.062000
92 8 95.648800
93 8 113.529000
94 8 127.435000
95 8 127.692000
96 8 108.868000
97 8 0.911279
98 8 0.000000
99 8 0.926316
100 8 0.000000
101 8 98.493600
102 8 88.174800
103 8 85.077800
104 8 80.224200
105 8 72.553900
106 8 73.486600
107 8 77.320600
108 8 77.346100
109 8 55.518700
110 8 61.729800
111 8 73.754800
112 8 74.501400
113 8 73.093800
114 8 80.720500
115 8 84.126000
116 8 77.951400
117 8 68.433900
118 8 70.079700
119 8 100.794000
120 8 99.373500
121 8 0.938968
122 8 0.000000
123 8 0.929436
124 8 0.000000
125 8 0.910436
126 8 0.000000
127 8 58.261200
128 8 39.720400
129 8 47.984600
130 8 58.428800
131 8 56.830700
132 8 50.779700
133 8 57.091300
134 8 54.874300
135 8 47.207500
136 8 47.974300
137 8 41.294600
138 8 23.955400
139 8 40.082600
140 8 42.086600
141 8 53.192500
142 8 67.766700
143 8 102.403000
144 8 0.797759
145 8 0.000000
146 8 0.740982
147 8 0.000000
148 8 0.690696
149 8 0.068600
150 8 0.601073
151 8 0.084700
152 8 40.879700
153 8 59.099400
154 8 50.069800
155 8 49.276100
156 8 51.023200
157 8 51.402100
158 8 52.036400
159 8 48.202900
160 8 46.243900
161 8 45.424800
162 8 77.761700
163 8 81.060600
164 8 97.374800
165 8 0.586551
166 8 1.520200
167 8 0.551167
168 8 0.184300
169 8 0.516603
170 8 0.198500
171 8 0.495826
172 8 0.821800
173 8 32.456600
174 8 26.350300
175 8 23.486900
176 8 21.278200
177 8 44.237000
178 8 72.094100
179 8 93.523500
180 8 76.460400
181 8 109.951000
182 8 0.510019
183 8 1.319300
184 8 0.578355
185 8 0.172000
186 8 0.484897
187 8 0.440200
188 8 0.483705
189 8 0.001100
190 8 0.719213
191 8 0.000000
192 8 0.751122
193 8 0.000000
194 8 101.395000
195 8 95.995200
196 8 85.053500
197 8 74.177700
198 8 0.747995
199 8 0.000000
200 8 0.644283
201 8 0.000000
202 8 0.614073
203 8 0.000000
204 8 0.637074
205 8 0.000000
206 8 0.604309
207 8 0.000000
208 8 0.765906
209 8 6.504120
210 8 1.248610
211 8 5.216910
212 8 1.750550
213 8 5.361510
214 8 3.410060
215 8 0.000000
216 8 0.408671
217 8 0.000000
218 8 0.222953
219 8 0.335096
220 8 0.000000
221 8 6.307130
222 8 3.681910
223 8 135.615000
224 8 33.905500
225 8 12.092200
226 8 2.090690
227 8 0.425564
228 8 0.553521
229 8 0.779549
230 8 0.758583
231 8 1.139940
1 9 125.421000
2 9 118.392000
3 9 101.054000
4 9 92.869100
5 9 93.965100
6 9 89.801700
7 9 94.280100
8 9 87.045500
9 9 113.761000
10 9 125.993000
11 9 92.438000
12 9 87.520000
13 9 85.191700
14 9 71.587100
15 9 71.010500
16 9 74.702000
17 9 93.170000
18 9 98.670600
19 9 131.482000
20 9 139.409000
21 9 142.527000
22 9 141.107000
23 9 128.780000
24 9 105.550000
25 9 22.832200
26 9 18.039700
27 9 26.010200
28 9 30.474300
29 9 28.084000
30 9 30.933800
31 9 33.635900
32 9 36.112200
33 9 15.780700
34 9 18.817900
35 9 7.680160
36 9 34.745300
37 9 18.347300
38 9 14.207400
39 9 11.420400
40 9 16.095400
41 9 59.769500
42 9 46.673900
43 9 29.661700
44 9 11.085800
45 9 12.749600
46 9 13.739600
47 9 15.707300
48 9 29.207700
49 9 130.344000
50 9 121.808000
51 9 111.264000
52 9 108.822000
53 9 109.367000
54 9 105.932000
55 9 98.142200
56 9 84.852900
57 9 85.322100
58 9 84.144100
59 9 86.137200
60 9 68.195000
61 9 62.086000
62 9 63.614900
63 9 63.645800
64 9 62.875100
65 9 62.831900
66 9 72.369800
67 9 92.863500
68 9 128.856000
69 9 167.954000
70 9 147.546000
71 9 147.615000
72 9 142.349000
73 9 100.659000
74 9 111.311000
75 9 101.937000
76 9 102.963000
77 9 102.977000
78 9 98.540300
79 9 89.924200
80 9 90.266700
81 9 88.661200
82 9 82.242300
83 9 77.247800
84 9 57.568600
85 9 67.551700
86 9 57.939100
87 9 56.602500
88 9 71.102600
89 9 66.125200
90 9 56.701600
91 9 85.021000
92 9 116.567000
93 9 136.810000
94 9 140.493000
95 9 129.773000
96 9 113.851000
97 9 0.930008
98 9 0.000000
99 9 0.948209
100 9 0.000000
101 9 89.771500
102 9 84.765200
103 9 71.417000
104 9 66.594400
105 9 59.469200
106 9 59.629500
107 9 61.736100
108 9 67.435400
109 9 54.749000
110 9 62.130000
111 9 74.610300
112 9 65.238700
113 9 68.213600
114 9 64.435500
115 9 57.456400
116 9 57.240700
117 9 50.075100
118 9 46.997600
119 9 82.035800
120 9 97.046100
121 9 0.999645
122 9 0.000000
123 9 0.986262
124 9 0.000000
125 9 0.926817
126 9 0.000000
127 9 39.122300
128 9 37.667500
129 9 42.000700
130 9 54.579900
131 9 35.573600
132 9 20.505300
133 9 46.552400
134 9 51.643300
135 9 51.159100
136 9 61.248900
137 9 63.299900
138 9 51.059600
139 9 48.102200
140 9 54.262500
141 9 58.496200
142 9 62.732800
143 9 60.099700
144 9 0.840332
145 9 0.000000
146 9 0.763661
147 9 0.000000
148 9 0.729575
149 9 0.040700
150 9 0.625235
151 9 1.636000
152 9 79.665000
153 9 85.386500
154 9 51.956600
155 9 48.339400
156 9 60.075700
157 9 31.112900
158 9 39.922200
159 9 38.231300
160 9 32.677200
161 9 48.304500
162 9 68.656200
163 9 81.558600
164 9 90.116800
165 9 0.551330
166 9 1.155700
167 9 0.658909
168 9 6.222500
169 9 0.615936
170 9 0.262700
171 9 0.591443
172 9 0.452600
173 9 38.180800
174 9 22.356500
175 9 0.238386
176 9 7.142290
177 9 12.441500
178 9 24.100600
179 9 52.983000
180 9 81.133700
181 9 95.968300
182 9 0.604936
183 9 2.491800
184 9 0.630203
185 9 0.413400
186 9 0.690738
187 9 0.887200
188 9 0.732132
189 9 0.035700
190 9 0.747790
191 9 0.000000
192 9 0.826751
193 9 0.000000
194 9 108.091000
195 9 110.355000
196 9 109.583000
197 9 72.240700
198 9 0.851101
199 9 0.000000
200 9 0.826693
201 9 0.000000
202 9 0.868578
203 9 0.000000
204 9 0.939399
205 9 0.000000
206 9 0.869527
207 9 0.000000
208 9 1.216840
209 9 6.388390
210 9 5.718640
211 9 6.026450
212 9 3.389750
213 9 5.717640
214 9 3.337920
215 9 2.077950
216 9 0.234306
217 9 0.000000
218 9 0.000000
219 9 0.024599
220 9 0.000000
221 9 5.108060
222 9 3.168020
223 9 226.003000
224 9 5.929790
225 9 9.750560
226 9 2.713170
227 9 0.082560
228 9 0.351727
229 9 0.816342
230 9 0.893979
231 9 1.327540
1 10 123.155000
2 10 123.128000
3 10 115.604000
4 10 114.894000
5 10 112.725000
6 10 103.466000
7 10 113.590000
8 10 109.207000
9 10 120.371000
10 10 124.729000
11 10 116.213000
12 10 102.562000
13 10 99.388000
14 10 96.846200
15 10 85.525800
16 10 87.585800
17 10 90.279300
18 10 94.636200
19 10 129.740000
20 10 132.033000
21 10 135.395000
22 10 132.615000
23 10 137.632000
24 10 124.185000
25 10 23.572400
26 10 25.743800
27 10 22.565900
28 10 26.952800
29 10 28.727800
30 10 26.257000
31 10 26.753400
32 10 24.118600
33 10 22.611500
34 10 41.231000
35 10 49.829900
36 10 36.663000
37 10 34.084900
38 10 25.756100
39 10 30.670300
40 10 32.416500
41 10 46.797300
42 10 49.477900
43 10 32.548300
44 10 12.336300
45 10 20.462600
46 10 22.074500
47 10 21.960400
48 10 24.375200
49 10 118.265000
50 10 116.566000
51 10 106.951000
52 10 107.953000
53 10 107.210000
54 10 94.472600
55 10 101.274000
56 10 98.479300
57 10 93.252100
58 10 89.966700
59 10 86.858400
60 10 81.859400
61 10 76.195100
62 10 79.266800
63 10 85.523600
64 10 81.957000
65 10 80.420200
66 10 74.045200
67 10 119.730000
68 10 134.529000
69 10 153.357000
70 10 134.674000
71 10 145.187000
72 10 144.301000
73 10 106.346000
74 10 103.363000
75 10 92.131200
76 10 97.038300
77 10 99.487500
78 10 105.870000
79 10 105.432000
80 10 77.180100
81 10 71.605900
82 10 58.272000
83 10 65.998400
84 10 70.913500
85 10 74.339300
86 10 78.672900
87 10 85.934700
88 10 89.791100
89 10 79.625500
90 10 78.955200
91 10 84.062000
92 10 95.648800
93 10 113.529000
94 10 127.435000
95 10 127.692000
96 10 108.868000
97 10 0.911279
98 10 0.000000
99 10 0.926316
100 10 0.000000
101 10 98.493600
102 10 88.174800
103 10 85.077800
104 10 80.224200
105 10 72.553900
106 10 73.486600
107 10 77.320600
108 10 77.346100
109 10 55.518700
110 10 61.729800
111 10 73.754800
112 10 74.501400
113 10 73.093800
114 10 80.720500
115 10 84.126000
116 10 77.951400
117 10 68.433900
118 10 70.079700
119 10 100.794000
120 10 99.373500
121 10 0.938968
122 10 0.000000
123 10 0.929436
124 10 0.000000
125 10 0.910436
126 10 0.000000
127 10 58.261200
128 10 39.720400
129 10 47.984600
130 10 58.428800
131 10 56.830700
132 10 50.779700
133 10 57.091300
134 10 54.874300
135 10 47.207500
136 10 47.974300
137 10 41.294600
138 10 23.955400
139 10 40.082600
140 10 42.086600
141 10 53.192500
142 10 67.766700
143 10 102.403000
144 10 0.797759
145 10 0.000000
146 10 0.740982
147 10 0.000000
148 10 0.690696
149 10 0.068600
150 10 0.601073
151 10 0.084700
152 10 40.879700
153 10 59.099400
154 10 50.069800
155 10 49.276100
156 10 51.023200
157 10 51.402100
158 10 52.036400
159 10 48.202900
160 10 46.243900
161 10 45.424800
162 10 77.761700
163 10 81.060600
164 10 97.374800
165 10 0.586551
166 10 1.520200
167 10 0.551167
168 10 0.184300
169 10 0.516603
170 10 0.198500
171 10 0.495826
172 10 0.821800
173 10 32.456600
174 10 26.350300
175 10 23.486900
176 10 21.278200
177 10 44.237000
178 10 72.094100
179 10 93.523500
180 10 76.460400
181 10 109.951000
182 10 0.510019
183 10 1.319300
184 10 0.578355
185 10 0.172000
186 10 0.484897
187 10 0.440200
188 10 0.483705
189 10 0.001100
190 10 0.719213
191 10 0.000000
192 10 0.751122
193 10 0.000000
194 10 101.395000
195 10 95.995200
196 10 85.053500
197 10 74.177700
198 10 0.747995
199 10 0.000000
200 10 0.644283
201 10 0.000000
202 10 0.614073
203 10 0.000000
204 10 0.637074
205 10 0.000000
206 10 0.604309
207 10 0.000000
208 10 1.372510
209 10 6.207110
210 10 10.549800
211 10 5.177720
212 10 5.665460
213 10 5.531290
214 10 3.139490
215 10 0.110282
216 10 0.389413
217 10 0.000000
218 10 0.359461
219 10 0.347563
220 10 0.348423
221 10 5.719060
222 10 3.153170
223 10 218.257000
224 10 22.289600
225 10 8.854730
226 10 2.201600
227 10 0.441422
228 10 0.787705
229 10 0.937809
230 10 0.962821
231 10 1.271290
;

param Prob0 :=
1	0.100
2	0.000
3	0.200
4	0.100
5	0.100
6	0.100
7	0.100
8	0.000
9	0.100
10	0.200
;
set c[0,5] := 5 1 2 3 4 6 7 8 9 10;
set c[1,6] := 6 5 1 4 7 9;
set c[1,2] := 2 3 8 10;
set c[2,10] := 10 2 3 8;
set c[2,1] := 1 6 4;
set c[2,7] := 7 5 9;
set c[3,7] := 7 5 9;
set c[3,1] := 1 6 4;
set c[3,2] := 2 10 3 8;
set c[4,8] := 8 2 10 3;
set c[4,1] := 1 6 4;
set c[4,5] := 5 9;
set c[4,7] := 7;
set c[5,5] := 5 9;
set c[5,7] := 7;
set c[5,4] := 4 1 6;
set c[5,2] := 2 8 10 3;
set c[6,6] := 6 4 1;
set c[6,7] := 7;
set c[6,2] := 2 8 10 3;
set c[6,5] := 5 9;
set c[7,7] := 7;
set c[7,5] := 5 9;
set c[7,2] := 2 8 10 3;
set c[7,1] := 1 4;
set c[7,6] := 6;
set c[8,5] := 5 9;
set c[8,2] := 2 8 10 3;
set c[8,6] := 6;
set c[8,1] := 1 4;
set c[8,7] := 7;
set c[9,6] := 6;
set c[9,7] := 7;
set c[9,1] := 1 4;
set c[9,2] := 2 8 10 3;
set c[9,5] := 5 9;
set c[10,7] := 7;
set c[10,10] := 10 2 8 3;
set c[10,1] := 1 4;
set c[10,5] := 5 9;
set c[10,6] := 6;
set c[11,1] := 1 4;
set c[11,6] := 6;
set c[11,5] := 5 9;
set c[11,10] := 10 2 8 3;
set c[11,7] := 7;
set c[12,5] := 5 9;
set c[12,6] := 6;
set c[12,2] := 2 10 8 3;
set c[12,7] := 7;
set c[12,1] := 1 4;
set c[13,2] := 2 10 8 3;
set c[13,1] := 1 4;
set c[13,7] := 7;
set c[13,6] := 6;
set c[13,5] := 5 9;
set c[14,7] := 7;
set c[14,1] := 1 4;
set c[14,5] := 5 9;
set c[14,6] := 6;
set c[14,8] := 8 2 10 3;
set c[15,5] := 5 9;
set c[15,6] := 6;
set c[15,8] := 8 2 10 3;
set c[15,1] := 1 4;
set c[15,7] := 7;
set c[16,6] := 6;
set c[16,2] := 2 8 10 3;
set c[16,7] := 7;
set c[16,1] := 1 4;
set c[16,5] := 5 9;
set c[17,7] := 7;
set c[17,5] := 5 9;
set c[17,2] := 2 8 10 3;
set c[17,1] := 1 4;
set c[17,6] := 6;
set c[18,5] := 5;
set c[18,9] := 9;
set c[18,6] := 6;
set c[18,2] := 2 8 10 3;
set c[18,1] := 1 4;
set c[18,7] := 7;
set c[19,2] := 2 8 10 3;
set c[19,7] := 7;
set c[19,9] := 9;
set c[19,6] := 6;
set c[19,1] := 1 4;
set c[19,5] := 5;
set c[20,6] := 6;
set c[20,9] := 9;
set c[20,1] := 1;
set c[20,4] := 4;
set c[20,5] := 5;
set c[20,7] := 7;
set c[20,2] := 2 8 10 3;
set c[21,4] := 4;
set c[21,5] := 5;
set c[21,7] := 7;
set c[21,3] := 3 2 8 10;
set c[21,1] := 1;
set c[21,9] := 9;
set c[21,6] := 6;
set c[22,8] := 8 3 2 10;
set c[22,9] := 9;
set c[22,5] := 5;
set c[22,6] := 6;
set c[22,1] := 1;
set c[22,7] := 7;
set c[22,4] := 4;
set c[23,6] := 6;
set c[23,9] := 9;
set c[23,5] := 5;
set c[23,7] := 7;
set c[23,1] := 1;
set c[23,4] := 4;
set c[23,3] := 3 8 2 10;
set c[24,8] := 8 3 2 10;
set c[24,9] := 9;
set c[24,7] := 7;
set c[24,4] := 4;
set c[24,1] := 1;
set c[24,5] := 5;
set c[24,6] := 6;
set c[25,4] := 4;
set c[25,9] := 9;
set c[25,5] := 5;
set c[25,1] := 1;
set c[25,7] := 7;
set c[25,6] := 6;
set c[25,8] := 8 3 2 10;
set c[26,6] := 6;
set c[26,1] := 1;
set c[26,9] := 9;
set c[26,5] := 5;
set c[26,10] := 10 8 3 2;
set c[26,7] := 7;
set c[26,4] := 4;
set c[27,10] := 10 8 3 2;
set c[27,7] := 7;
set c[27,1] := 1;
set c[27,4] := 4;
set c[27,5] := 5;
set c[27,9] := 9;
set c[27,6] := 6;
set c[28,5] := 5;
set c[28,9] := 9;
set c[28,4] := 4;
set c[28,1] := 1;
set c[28,6] := 6;
set c[28,7] := 7;
set c[28,10] := 10 8 3 2;
set c[29,7] := 7;
set c[29,1] := 1;
set c[29,10] := 10 8 3 2;
set c[29,6] := 6;
set c[29,4] := 4;
set c[29,9] := 9;
set c[29,5] := 5;
set c[30,6] := 6;
set c[30,10] := 10 8 3 2;
set c[30,5] := 5;
set c[30,9] := 9;
set c[30,4] := 4;
set c[30,1] := 1;
set c[30,7] := 7;
set c[31,9] := 9;
set c[31,7] := 7;
set c[31,10] := 10 8 3 2;
set c[31,4] := 4;
set c[31,1] := 1;
set c[31,5] := 5;
set c[31,6] := 6;
set c[32,1] := 1;
set c[32,10] := 10 8 3 2;
set c[32,6] := 6;
set c[32,7] := 7;
set c[32,4] := 4;
set c[32,5] := 5;
set c[32,9] := 9;
set c[33,6] := 6;
set c[33,4] := 4;
set c[33,7] := 7;
set c[33,10] := 10 8 3 2;
set c[33,5] := 5;
set c[33,9] := 9;
set c[33,1] := 1;
set c[34,5] := 5;
set c[34,3] := 3 8;
set c[34,10] := 10 2;
set c[34,9] := 9;
set c[34,7] := 7;
set c[34,1] := 1;
set c[34,4] := 4;
set c[34,6] := 6;

