#erel:= 0.850;
#emax:= 2341.383;
#q:= 0.000;
#nesce:=    10;
#etime:= 0.038;
#snodes:=   249;
param nS:=    10;
param nSG:=    34;
param nRVSG :=
1 24
5 2
9 2
13 2
17 2
21 9
25 2
29 2
33 2
2 24
6 2
10 2
14 2
18 2
22 2
26 2
30 2
34 24
3 24
7 20
11 17
15 2
19 2
23 2
27 2
31 2
4 24
8 2
12 2
16 13
20 2
24 2
28 4
32 2
;


param ScenF :=
1 40.6497
59 44.1824
117 0.783299
175 23.1438
2 59.4882
60 42.5864
118 12.2214
176 20.0834
3 58.6788
61 44.929
119 22.3275
177 23.4594
4 54.1805
62 49.0394
120 23.0769
178 44.6318
5 49.3228
63 46.4414
121 0.205467
179 67.3765
6 48.5418
64 36.1104
122 0
180 85.7576
7 45.0878
65 22.3928
123 0.217201
181 60.34
8 41.7649
66 35.8896
124 0
182 0.554909
9 43.2593
67 51.7595
125 0.220728
183 0.534
10 34.6873
68 69.0423
126 0
184 0.547917
11 21.0398
69 73.336
127 34.9463
185 0.4261
12 13.6737
70 68.5345
128 52.6536
186 0.568799
13 15.9543
71 64.0218
129 49.0266
187 0.218
14 17.0755
72 61.7409
130 35.2981
188 0.602329
15 14.2268
73 38.5498
131 37.5315
189 0.0034
16 3.81937
74 63.0014
132 36.1397
190 0.614609
17 9.3377
75 64.8295
133 22.672
191 0
18 29.5911
76 67.696
134 18.6344
192 0.58498
19 56.4859
77 67.7831
135 20.9315
193 0
20 76.2017
78 66.3903
136 18.369
194 94.2108
21 75.7329
79 58.1579
137 16.7762
195 93.4873
22 74.8882
80 47.9924
138 13.5765
196 80.7257
23 75.1807
81 43.2318
139 13.1688
197 63.3512
24 62.9971
82 41.0663
140 25.3016
198 0.530007
25 13.4783
83 47.8335
141 46.6452
199 0
26 13.6127
84 54.1774
142 65.0476
200 0.501261
27 11.1899
85 57.5034
143 53.7868
201 0
28 10.9116
86 60.7661
144 0.248441
202 0.432655
29 10.791
87 60.0208
145 0
203 0
30 12.3283
88 52.3572
146 0.247552
204 0.325512
31 16.4695
89 45.5424
147 0
205 0
32 14.0653
90 47.1721
148 0.23151
206 0.232073
33 13.8135
91 60.6811
149 0.0282
207 0
34 10.0038
92 73.2544
150 0.264904
208 0.488568
35 15.6267
93 84.8487
151 0.2146
209 2.72481
36 9.65384
94 82.826
152 46.3727
210 39.8347
37 6.55952
95 79.7038
153 56.9454
211 1.87775
38 2.83073
96 74.9776
154 46.9049
212 0
39 9.10597
97 0.096762
155 34.9726
213 3.02868
40 20.5477
98 0
156 27.3179
214 0.764612
41 39.8175
99 0.157453
157 27.2876
215 0
42 22.0782
100 0
158 26.7401
216 0.590867
43 0
101 33.7581
159 29.6976
217 1.72526
44 0
102 44.9028
160 29.5665
218 0
45 0
103 39.9833
161 35.6969
219 0
46 6.16779
104 34.0901
162 54.0515
220 0
47 4.27243
105 34.3145
163 66.158
221 7.06513
48 0
106 34.1649
164 61.3578
222 1.44483
49 40.6041
107 25.5583
165 0.361417
223 0
50 69.7175
108 19.9873
166 0.3746
224 87.8754
51 66.2975
109 18.7685
167 0.478618
225 10.0533
52 68.4326
110 19.4739
168 0.5199
226 0
53 70.1059
111 9.62393
169 0.553704
227 0.0746755
54 75.8837
112 8.20806
170 0.5848
228 0.269151
55 67.3435
113 8.71861
171 0.572869
229 0.71838
56 60.4058
114 10.5082
172 0.5848
230 0.841943
57 56.6343
115 6.28468
173 21.1399
231 1.49308
58 46.6795
116 0
174 21.608
;


param ScenO :=
1 62
59 55.5
117 51.69
175 60.62
2 72.55
60 50
118 50.01
176 57.5
3 69.5
61 48.36
119 69.81
177 52.7
4 66.34
62 48.1
120 85.56
178 67.57
5 60
63 48.99
121 0.037
179 93.55
6 61.16
64 49
122 0
180 94.3
7 60
65 47.49
123 0.022
181 86.35
8 57
66 55.46
124 0
182 0.095
9 66.34
67 74.58
125 0.018
183 0.603
10 70
68 98.56
126 0
184 0.155
11 70.5
69 104
127 61.23
185 0.464
12 59.52
70 104
128 69.5
186 0.22
13 47.86
71 88
129 69.5
187 0.24
14 47.6
72 72.83
130 69.5
188 0.272
15 48.99
73 62
131 55.66
189 0.004
16 47.6
74 60.01
132 57.19
190 0.362
17 46.99
75 54.5
133 54.19
191 0
18 68.45
76 50.01
134 51.45
192 0.413
19 77.57
77 50.01
135 47.86
193 0
20 101.55
78 50.01
136 47.61
194 68.64
21 109.3
79 50.01
137 49
195 60.01
22 109.3
80 50.01
138 52.36
196 50.01
23 92.85
81 50.01
139 51.69
197 45.01
24 76.93
82 50.01
140 56
198 0.437
25 45
83 50.01
141 75.55
199 0
26 17.68
84 50.01
142 92
200 0.481
27 36
85 52.65
143 92
201 0
28 31.2
86 52.36
144 0.019
202 0.55
29 34.2
87 53.33
145 0
203 0
30 34.56
88 52.36
146 0.019
204 0.594
31 34.2
89 51.69
147 0
205 0
32 31.52
90 53.45
148 0.041
206 0.647
33 25.28
91 74.58
149 0.019
207 0
34 22.88
92 96.6
150 0.063
208 0.427581
35 27.44
93 103.84
151 0.184
209 0.683666
36 53.24
94 103.31
152 54.19
210 0.732662
37 45
95 87.8
153 54.19
211 1.24796
38 45
96 71.93
154 50.65
212 1.381
39 46.44
97 0.059
155 50.22
213 1.31311
40 48.92
98 0
156 48.85
214 1.3485
41 46.96
99 0.05
157 50
215 1.45719
42 49.92
100 0
158 50
216 0.953723
43 14.04
101 61.23
159 52.6
217 1.07286
44 5.28
102 60.01
160 51.69
218 0.865532
45 5.28
103 69.5
161 59.95
219 0.779906
46 5.28
104 63
162 77.2
220 1.48224
47 5
105 65.01
163 95.46
221 1.67185
48 8
106 65.01
164 98.37
222 1.67402
49 59
107 60
165 0.061
223 1.72248
50 59.81
108 60
166 0.403
224 0.896787
51 57
109 59.71
167 0.059
225 0.261651
52 55.23
110 50
168 0.63
226 0.626015
53 51
111 50
169 0.057
227 0.654161
54 51.16
112 49.99
170 0.683
228 0.705855
55 51
113 52.41
171 0.063
229 0.652516
56 50.79
114 52.36
172 0.674
230 0.590199
57 55.23
115 53.03
173 60.62
231 0.703497
58 58.25
116 54.24
174 60.62
;


param Scen0 :=
1 1 79.650600
2 1 71.645300
3 1 64.197300
4 1 57.287300
5 1 51.004500
6 1 49.269200
7 1 52.271900
8 1 36.630800
9 1 44.436700
10 1 36.228000
11 1 21.392700
12 1 19.619900
13 1 22.678100
14 1 19.939100
15 1 16.138200
16 1 7.692150
17 1 11.294600
18 1 42.064300
19 1 73.008900
20 1 88.386700
21 1 82.545800
22 1 74.018200
23 1 66.921900
24 1 59.377100
25 1 18.819800
26 1 13.278200
27 1 12.441800
28 1 9.183770
29 1 7.445260
30 1 12.693100
31 1 15.944100
32 1 29.773500
33 1 26.576100
34 1 29.829200
35 1 6.698260
36 1 18.603100
37 1 7.348520
38 1 11.835200
39 1 14.960600
40 1 28.214900
41 1 39.301200
42 1 43.937200
43 1 3.123680
44 1 0.000000
45 1 0.000000
46 1 2.637010
47 1 1.994980
48 1 0.722085
49 1 96.215500
50 1 68.696400
51 1 69.545900
52 1 71.356700
53 1 77.696400
54 1 77.038800
55 1 68.589700
56 1 56.580300
57 1 42.270700
58 1 34.921400
59 1 48.468700
60 1 34.112000
61 1 36.483400
62 1 39.839100
63 1 39.209700
64 1 26.076800
65 1 11.972800
66 1 29.595700
67 1 63.794900
68 1 63.791500
69 1 77.881500
70 1 61.407000
71 1 58.395900
72 1 55.379500
73 1 85.887000
74 1 59.977000
75 1 63.554600
76 1 67.513200
77 1 69.884700
78 1 62.733800
79 1 48.781100
80 1 33.793100
81 1 24.028000
82 1 26.086900
83 1 34.848000
84 1 29.689600
85 1 33.318900
86 1 42.399300
87 1 42.351000
88 1 30.543800
89 1 28.958500
90 1 40.093700
91 1 65.143200
92 1 62.212900
93 1 78.214600
94 1 69.770800
95 1 67.871300
96 1 61.185400
97 1 0.090647
98 1 0.000000
99 1 0.144531
100 1 0.000000
101 1 61.743100
102 1 43.868200
103 1 37.348200
104 1 26.839600
105 1 29.597700
106 1 27.045700
107 1 36.614800
108 1 35.937400
109 1 5.093630
110 1 0.000000
111 1 0.000000
112 1 0.000000
113 1 0.000000
114 1 0.000000
115 1 0.000000
116 1 0.000000
117 1 0.000000
118 1 12.566200
119 1 14.649600
120 1 24.819600
121 1 0.256595
122 1 0.000000
123 1 0.228154
124 1 0.000000
125 1 0.202514
126 1 0.000000
127 1 38.279600
128 1 29.606800
129 1 43.739200
130 1 40.302800
131 1 40.205400
132 1 40.122600
133 1 29.915400
134 1 30.462200
135 1 21.377700
136 1 15.049400
137 1 11.033500
138 1 2.072270
139 1 0.000000
140 1 14.890200
141 1 25.043700
142 1 39.177000
143 1 57.397600
144 1 0.138176
145 1 0.000000
146 1 0.087961
147 1 0.000000
148 1 0.034302
149 1 0.027300
150 1 0.051320
151 1 1.152200
152 1 63.481400
153 1 65.059900
154 1 68.026600
155 1 38.400200
156 1 0.000000
157 1 13.877400
158 1 33.118800
159 1 13.870300
160 1 2.857700
161 1 14.458600
162 1 71.598300
163 1 83.448200
164 1 92.963000
165 1 0.141177
166 1 0.538800
167 1 0.258810
168 1 0.264800
169 1 0.347055
170 1 0.490900
171 1 0.374376
172 1 1.320800
173 1 46.622500
174 1 28.543600
175 1 28.800800
176 1 24.728200
177 1 27.306200
178 1 36.893800
179 1 52.872700
180 1 56.586900
181 1 63.570000
182 1 0.359363
183 1 0.301100
184 1 0.366317
185 1 0.082100
186 1 0.388868
187 1 0.950000
188 1 0.412423
189 1 0.029300
190 1 0.549529
191 1 0.000000
192 1 0.515523
193 1 0.000000
194 1 68.999400
195 1 91.125800
196 1 73.482900
197 1 63.927100
198 1 0.455679
199 1 0.000000
200 1 0.419911
201 1 0.000000
202 1 0.364438
203 1 0.000000
204 1 0.261749
205 1 0.000000
206 1 0.154826
207 1 0.000000
208 1 1.115020
209 1 1.653030
210 1 50.808400
211 1 1.725490
212 1 1.435700
213 1 1.322640
214 1 1.386260
215 1 0.000000
216 1 0.659981
217 1 1.145280
218 1 1.452610
219 1 0.457249
220 1 1.350720
221 1 3.218830
222 1 1.189980
223 1 182.268000
224 1 0.000000
225 1 0.000000
226 1 2.778660
227 1 0.704501
228 1 0.508408
229 1 0.718857
230 1 0.955549
231 1 1.406970
1 2 72.493100
2 2 67.440100
3 2 66.933700
4 2 61.490300
5 2 56.714200
6 2 53.615200
7 2 57.831400
8 2 53.239600
9 2 57.242300
10 2 43.252900
11 2 30.048900
12 2 16.773000
13 2 25.512600
14 2 24.714200
15 2 19.619500
16 2 8.613570
17 2 14.393300
18 2 41.377500
19 2 70.951400
20 2 80.012700
21 2 82.818300
22 2 74.946000
23 2 77.087700
24 2 77.090200
25 2 18.669700
26 2 0.000000
27 2 0.000000
28 2 0.119420
29 2 0.000000
30 2 0.070068
31 2 5.983460
32 2 8.951900
33 2 3.778920
34 2 0.000000
35 2 3.682340
36 2 0.000000
37 2 0.000000
38 2 0.000000
39 2 3.919700
40 2 13.874900
41 2 26.613800
42 2 15.104500
43 2 0.000000
44 2 0.000000
45 2 0.000000
46 2 0.000000
47 2 0.000000
48 2 0.000000
49 2 85.870300
50 2 65.940500
51 2 67.997100
52 2 72.152000
53 2 76.605600
54 2 66.708300
55 2 71.907200
56 2 69.764100
57 2 50.646800
58 2 40.873900
59 2 47.838500
60 2 46.792400
61 2 50.299700
62 2 54.180100
63 2 56.104300
64 2 41.617600
65 2 26.418100
66 2 33.128200
67 2 68.854600
68 2 67.271200
69 2 84.160900
70 2 72.949500
71 2 82.109300
72 2 75.763700
73 2 72.541600
74 2 62.807700
75 2 58.830000
76 2 59.472400
77 2 57.917100
78 2 53.667600
79 2 47.600400
80 2 44.725200
81 2 41.960900
82 2 37.340000
83 2 44.789700
84 2 53.867900
85 2 61.003700
86 2 66.488000
87 2 68.092700
88 2 63.809100
89 2 53.285700
90 2 54.416600
91 2 61.241200
92 2 67.063500
93 2 76.983900
94 2 88.924900
95 2 91.817800
96 2 76.812400
97 2 0.105241
98 2 0.000000
99 2 0.185402
100 2 0.000000
101 2 76.907500
102 2 48.377700
103 2 44.263700
104 2 41.728300
105 2 34.710400
106 2 35.235900
107 2 39.756700
108 2 38.993100
109 2 9.237670
110 2 3.326150
111 2 9.449700
112 2 10.035800
113 2 9.056290
114 2 9.614230
115 2 10.137000
116 2 7.032980
117 2 4.109550
118 2 6.505530
119 2 27.583500
120 2 39.644500
121 2 0.241662
122 2 0.000000
123 2 0.250156
124 2 0.000000
125 2 0.240913
126 2 0.000000
127 2 55.573200
128 2 37.192700
129 2 43.318300
130 2 47.602900
131 2 39.323000
132 2 25.992500
133 2 16.119700
134 2 17.938800
135 2 12.808800
136 2 12.582900
137 2 2.487660
138 2 0.000000
139 2 1.023860
140 2 11.938200
141 2 32.884400
142 2 62.982400
143 2 69.126100
144 2 0.244698
145 2 0.000000
146 2 0.236065
147 2 0.000000
148 2 0.218439
149 2 0.027100
150 2 0.179338
151 2 0.385100
152 2 42.758900
153 2 28.198800
154 2 21.022500
155 2 25.371600
156 2 15.536300
157 2 12.953800
158 2 14.833000
159 2 14.584300
160 2 12.868100
161 2 15.334300
162 2 22.007500
163 2 83.820000
164 2 85.681200
165 2 0.392164
166 2 0.722700
167 2 0.348638
168 2 0.146800
169 2 0.328242
170 2 0.793100
171 2 0.460012
172 2 0.253500
173 2 22.329800
174 2 5.536260
175 2 5.821540
176 2 8.196680
177 2 25.842200
178 2 38.310700
179 2 47.819900
180 2 49.239000
181 2 55.370200
182 2 0.506804
183 2 2.448200
184 2 0.711361
185 2 4.276900
186 2 0.759810
187 2 0.488800
188 2 0.792388
189 2 0.001900
190 2 0.764852
191 2 0.000000
192 2 0.721474
193 2 0.000000
194 2 82.844800
195 2 83.261500
196 2 80.737500
197 2 67.038900
198 2 0.664790
199 2 0.000000
200 2 0.646206
201 2 0.000000
202 2 0.587504
203 2 0.000000
204 2 0.480053
205 2 0.000000
206 2 0.410050
207 2 0.000000
208 2 1.113970
209 2 1.845630
210 2 60.632400
211 2 1.823750
212 2 0.000000
213 2 0.681864
214 2 0.739029
215 2 0.000000
216 2 0.585215
217 2 1.894340
218 2 1.279460
219 2 1.765460
220 2 1.341110
221 2 5.484090
222 2 3.711930
223 2 203.138000
224 2 0.000000
225 2 11.906900
226 2 1.156380
227 2 0.908256
228 2 0.846103
229 2 0.939163
230 2 1.185580
231 2 1.493370
1 3 72.493100
2 3 67.440100
3 3 66.933700
4 3 61.490300
5 3 56.714200
6 3 53.615200
7 3 57.831400
8 3 53.239600
9 3 57.242300
10 3 43.252900
11 3 30.048900
12 3 16.773000
13 3 25.512600
14 3 24.714200
15 3 19.619500
16 3 8.613570
17 3 14.393300
18 3 41.377500
19 3 70.951400
20 3 80.012700
21 3 82.818300
22 3 74.946000
23 3 77.087700
24 3 77.090200
25 3 18.669700
26 3 0.000000
27 3 0.000000
28 3 0.119420
29 3 0.000000
30 3 0.070068
31 3 5.983460
32 3 8.951900
33 3 3.778920
34 3 0.000000
35 3 3.682340
36 3 0.000000
37 3 0.000000
38 3 0.000000
39 3 3.919700
40 3 13.874900
41 3 26.613800
42 3 15.104500
43 3 0.000000
44 3 0.000000
45 3 0.000000
46 3 0.000000
47 3 0.000000
48 3 0.000000
49 3 80.617300
50 3 59.188800
51 3 56.394700
52 3 61.322300
53 3 64.683000
54 3 65.373300
55 3 66.289000
56 3 53.559400
57 3 40.002300
58 3 36.324500
59 3 50.495700
60 3 44.958200
61 3 43.977400
62 3 45.996200
63 3 43.971600
64 3 28.623700
65 3 12.078300
66 3 32.540000
67 3 43.348100
68 3 62.453100
69 3 98.871700
70 3 85.936000
71 3 84.323200
72 3 73.997400
73 3 74.945900
74 3 69.227500
75 3 68.278200
76 3 76.871400
77 3 75.179800
78 3 79.096100
79 3 73.586600
80 3 52.926000
81 3 49.703400
82 3 61.115300
83 3 75.253100
84 3 75.647500
85 3 79.421200
86 3 82.679800
87 3 75.210500
88 3 64.350100
89 3 55.381400
90 3 59.533600
91 3 74.699500
92 3 90.895600
93 3 126.946000
94 3 115.956000
95 3 109.883000
96 3 103.047000
97 3 0.081385
98 3 0.000000
99 3 0.130447
100 3 0.000000
101 3 54.405100
102 3 37.426300
103 3 36.384600
104 3 35.525400
105 3 26.397100
106 3 34.257700
107 3 45.048200
108 3 43.555400
109 3 43.052900
110 3 42.406000
111 3 35.169600
112 3 38.826100
113 3 42.254900
114 3 36.234500
115 3 30.003400
116 3 26.706500
117 3 25.762800
118 3 45.212600
119 3 49.285100
120 3 71.658800
121 3 0.166373
122 3 0.000000
123 3 0.165003
124 3 0.000000
125 3 0.155892
126 3 0.000000
127 3 55.836100
128 3 42.338000
129 3 55.439700
130 3 58.683700
131 3 56.571400
132 3 39.825400
133 3 14.427000
134 3 24.378900
135 3 20.871500
136 3 26.353500
137 3 19.442500
138 3 0.000000
139 3 0.000000
140 3 13.770500
141 3 13.768100
142 3 29.083000
143 3 36.515300
144 3 0.177418
145 3 0.000000
146 3 0.169615
147 3 0.000000
148 3 0.320610
149 3 0.045800
150 3 0.392740
151 3 0.159800
152 3 62.442600
153 3 51.601400
154 3 4.311710
155 3 15.929500
156 3 18.513600
157 3 27.108600
158 3 30.203800
159 3 33.115800
160 3 27.163700
161 3 14.191100
162 3 31.978700
163 3 54.454100
164 3 60.202300
165 3 0.364091
166 3 0.230000
167 3 0.483442
168 3 0.219400
169 3 0.550878
170 3 1.816500
171 3 0.564378
172 3 1.233600
173 3 15.902000
174 3 9.100560
175 3 9.103460
176 3 11.540300
177 3 30.025600
178 3 50.481300
179 3 74.463700
180 3 61.598900
181 3 102.476000
182 3 0.553910
183 3 2.037400
184 3 0.573606
185 3 0.582400
186 3 0.621732
187 3 1.509500
188 3 0.666160
189 3 0.004300
190 3 0.675421
191 3 0.000000
192 3 0.650921
193 3 0.000000
194 3 105.159000
195 3 101.086000
196 3 99.046100
197 3 65.273300
198 3 0.610668
199 3 0.000000
200 3 0.610157
201 3 0.000000
202 3 0.569147
203 3 0.000000
204 3 0.468420
205 3 0.000000
206 3 0.369040
207 3 0.000000
208 3 0.388501
209 3 1.009130
210 3 36.661000
211 3 0.956869
212 3 0.000000
213 3 0.416016
214 3 1.074810
215 3 0.000000
216 3 0.536646
217 3 1.661380
218 3 0.711904
219 3 0.772225
220 3 0.000000
221 3 4.312190
222 3 2.037110
223 3 135.046000
224 3 0.000000
225 3 5.660280
226 3 0.000000
227 3 0.463166
228 3 0.466219
229 3 0.561355
230 3 0.773413
231 3 1.102810
1 4 79.650600
2 4 71.645300
3 4 64.197300
4 4 57.287300
5 4 51.004500
6 4 49.269200
7 4 52.271900
8 4 36.630800
9 4 44.436700
10 4 36.228000
11 4 21.392700
12 4 19.619900
13 4 22.678100
14 4 19.939100
15 4 16.138200
16 4 7.692150
17 4 11.294600
18 4 42.064300
19 4 73.008900
20 4 88.386700
21 4 82.545800
22 4 74.018200
23 4 66.921900
24 4 59.377100
25 4 11.930700
26 4 12.325500
27 4 11.724100
28 4 12.089300
29 4 10.929400
30 4 12.921100
31 4 17.711400
32 4 21.723500
33 4 14.105500
34 4 19.268800
35 4 13.411400
36 4 24.544100
37 4 24.991200
38 4 14.180700
39 4 23.447500
40 4 19.839900
41 4 47.815900
42 4 45.790600
43 4 8.127000
44 4 15.068600
45 4 8.952770
46 4 9.934110
47 4 4.480520
48 4 18.336600
49 4 81.775400
50 4 54.214100
51 4 52.328700
52 4 62.806200
53 4 65.095300
54 4 66.148600
55 4 48.747200
56 4 36.594800
57 4 20.493900
58 4 13.485600
59 4 8.504630
60 4 8.195420
61 4 13.143800
62 4 10.221900
63 4 7.190590
64 4 0.000000
65 4 0.000000
66 4 11.673300
67 4 13.049400
68 4 29.997900
69 4 39.717300
70 4 45.171000
71 4 47.670800
72 4 45.128000
73 4 70.678600
74 4 60.052800
75 4 62.900700
76 4 69.385800
77 4 75.032600
78 4 65.763900
79 4 52.863500
80 4 31.597700
81 4 18.077600
82 4 28.668800
83 4 21.014700
84 4 30.524400
85 4 31.694600
86 4 31.067800
87 4 26.281000
88 4 19.177800
89 4 21.215300
90 4 26.915000
91 4 24.675600
92 4 32.527900
93 4 43.650500
94 4 58.253200
95 4 60.796400
96 4 59.132800
97 4 0.091842
98 4 0.000000
99 4 0.184989
100 4 0.000000
101 4 45.317700
102 4 32.526400
103 4 25.336900
104 4 25.278400
105 4 26.685300
106 4 23.977600
107 4 13.896700
108 4 4.177670
109 4 0.000000
110 4 0.000000
111 4 0.000000
112 4 0.000000
113 4 0.000000
114 4 0.000000
115 4 0.000000
116 4 0.000000
117 4 0.000000
118 4 0.000000
119 4 0.000000
120 4 0.000000
121 4 0.244815
122 4 0.000000
123 4 0.239890
124 4 0.000000
125 4 0.209047
126 4 0.000000
127 4 45.260300
128 4 56.907100
129 4 47.859500
130 4 29.215500
131 4 21.318800
132 4 22.879400
133 4 19.634300
134 4 20.882200
135 4 22.557700
136 4 22.720800
137 4 18.362800
138 4 14.747600
139 4 18.714300
140 4 30.038600
141 4 53.161000
142 4 69.078000
143 4 80.494400
144 4 0.217114
145 4 0.000000
146 4 0.221552
147 4 0.000000
148 4 0.217629
149 4 0.036100
150 4 0.245323
151 4 0.097100
152 4 72.049000
153 4 58.015100
154 4 52.071700
155 4 35.517900
156 4 36.185400
157 4 29.694300
158 4 31.741700
159 4 26.815900
160 4 30.329500
161 4 38.767400
162 4 44.626100
163 4 57.522300
164 4 64.806500
165 4 0.347811
166 4 0.102100
167 4 0.463123
168 4 0.144700
169 4 0.537812
170 4 0.510700
171 4 0.558889
172 4 0.644700
173 4 30.057500
174 4 31.316600
175 4 33.624200
176 4 27.379600
177 4 31.687100
178 4 38.362000
179 4 69.056400
180 4 77.442400
181 4 92.755400
182 4 0.547717
183 4 0.754200
184 4 0.541178
185 4 0.524900
186 4 0.547500
187 4 0.212500
188 4 0.562096
189 4 0.002000
190 4 0.551172
191 4 0.000000
192 4 0.498711
193 4 0.000000
194 4 103.004000
195 4 66.263800
196 4 63.561800
197 4 50.868300
198 4 0.442823
199 4 0.000000
200 4 0.433994
201 4 0.000000
202 4 0.387106
203 4 0.000000
204 4 0.304533
205 4 0.000000
206 4 0.234841
207 4 0.000000
208 4 0.760138
209 4 2.767140
210 4 38.918400
211 4 2.923910
212 4 0.378989
213 4 1.070000
214 4 1.647280
215 4 1.087780
216 4 0.695789
217 4 1.173240
218 4 0.000000
219 4 0.000000
220 4 0.000000
221 4 4.565380
222 4 3.192790
223 4 199.489000
224 4 0.000000
225 4 5.312680
226 4 0.716543
227 4 0.568666
228 4 0.586567
229 4 0.694627
230 4 0.955276
231 4 1.347410
1 5 79.650600
2 5 71.645300
3 5 64.197300
4 5 57.287300
5 5 51.004500
6 5 49.269200
7 5 52.271900
8 5 36.630800
9 5 44.436700
10 5 36.228000
11 5 21.392700
12 5 19.619900
13 5 22.678100
14 5 19.939100
15 5 16.138200
16 5 7.692150
17 5 11.294600
18 5 42.064300
19 5 73.008900
20 5 88.386700
21 5 82.545800
22 5 74.018200
23 5 66.921900
24 5 59.377100
25 5 11.930700
26 5 12.325500
27 5 11.724100
28 5 12.089300
29 5 10.929400
30 5 12.921100
31 5 17.711400
32 5 21.723500
33 5 14.105500
34 5 19.268800
35 5 13.411400
36 5 24.544100
37 5 24.991200
38 5 14.180700
39 5 23.447500
40 5 19.839900
41 5 47.815900
42 5 45.790600
43 5 8.127000
44 5 15.068600
45 5 8.952770
46 5 9.934110
47 5 4.480520
48 5 18.336600
49 5 81.775400
50 5 54.214100
51 5 52.328700
52 5 62.806200
53 5 65.095300
54 5 66.148600
55 5 48.747200
56 5 36.594800
57 5 20.493900
58 5 13.485600
59 5 8.504630
60 5 8.195420
61 5 13.143800
62 5 10.221900
63 5 7.190590
64 5 0.000000
65 5 0.000000
66 5 11.673300
67 5 13.049400
68 5 29.997900
69 5 39.717300
70 5 45.171000
71 5 47.670800
72 5 45.128000
73 5 69.492700
74 5 76.190800
75 5 75.931500
76 5 81.337000
77 5 78.454300
78 5 71.469200
79 5 58.235700
80 5 55.773500
81 5 57.907700
82 5 59.432200
83 5 56.850400
84 5 51.380200
85 5 57.111600
86 5 60.675700
87 5 61.505500
88 5 51.279600
89 5 47.613500
90 5 50.276700
91 5 61.424900
92 5 67.969100
93 5 63.045100
94 5 61.606700
95 5 70.523300
96 5 66.068600
97 5 0.126743
98 5 0.000000
99 5 0.210031
100 5 0.000000
101 5 66.468000
102 5 44.494400
103 5 30.128200
104 5 27.150700
105 5 20.796400
106 5 21.256800
107 5 23.893400
108 5 28.452500
109 5 7.481270
110 5 4.121670
111 5 10.650200
112 5 11.069400
113 5 10.964300
114 5 4.999140
115 5 10.093200
116 5 5.976540
117 5 5.969190
118 5 18.154800
119 5 28.773200
120 5 41.154500
121 5 0.295561
122 5 0.000000
123 5 0.288216
124 5 0.000000
125 5 0.251881
126 5 0.000000
127 5 36.011200
128 5 34.777400
129 5 37.011200
130 5 43.059800
131 5 17.166500
132 5 0.000000
133 5 4.867910
134 5 12.917300
135 5 14.484100
136 5 23.945500
137 5 22.408900
138 5 7.102750
139 5 5.245570
140 5 22.502100
141 5 36.828900
142 5 57.218900
143 5 58.994300
144 5 0.252889
145 5 0.000000
146 5 0.222878
147 5 0.000000
148 5 0.199666
149 5 0.025500
150 5 0.236942
151 5 0.012700
152 5 60.299600
153 5 57.765500
154 5 33.505900
155 5 35.301200
156 5 44.539600
157 5 12.867100
158 5 18.613200
159 5 16.801800
160 5 13.755700
161 5 31.407600
162 5 49.201700
163 5 55.146800
164 5 64.087500
165 5 0.327653
166 5 0.135000
167 5 0.448113
168 5 0.114100
169 5 0.917925
170 5 1.368600
171 5 0.955471
172 5 1.138700
173 5 24.456500
174 5 26.160800
175 5 24.097900
176 5 8.132860
177 5 33.792400
178 5 53.749100
179 5 62.717300
180 5 71.846800
181 5 55.066900
182 5 0.952139
183 5 0.118800
184 5 0.961892
185 5 0.067800
186 5 0.982755
187 5 0.076100
188 5 0.984446
189 5 0.013900
190 5 0.978278
191 5 0.000000
192 5 0.937603
193 5 0.000000
194 5 75.588900
195 5 74.823100
196 5 64.303400
197 5 53.816900
198 5 0.840272
199 5 0.000000
200 5 0.826846
201 5 0.000000
202 5 0.770567
203 5 0.000000
204 5 0.641449
205 5 0.000000
206 5 0.538107
207 5 0.000000
208 5 0.833655
209 5 1.746550
210 5 43.583700
211 5 1.366880
212 5 1.152720
213 5 2.082840
214 5 1.201970
215 5 0.000000
216 5 0.000000
217 5 0.811691
218 5 0.000000
219 5 0.000000
220 5 0.000000
221 5 3.921930
222 5 3.357380
223 5 270.316000
224 5 18.457600
225 5 5.496010
226 5 1.018550
227 5 0.660480
228 5 0.920083
229 5 0.868202
230 5 1.133700
231 5 1.359810
1 6 79.650600
2 6 71.645300
3 6 64.197300
4 6 57.287300
5 6 51.004500
6 6 49.269200
7 6 52.271900
8 6 36.630800
9 6 44.436700
10 6 36.228000
11 6 21.392700
12 6 19.619900
13 6 22.678100
14 6 19.939100
15 6 16.138200
16 6 7.692150
17 6 11.294600
18 6 42.064300
19 6 73.008900
20 6 88.386700
21 6 82.545800
22 6 74.018200
23 6 66.921900
24 6 59.377100
25 6 18.819800
26 6 13.278200
27 6 12.441800
28 6 9.183770
29 6 7.445260
30 6 12.693100
31 6 15.944100
32 6 29.773500
33 6 26.576100
34 6 29.829200
35 6 6.698260
36 6 18.603100
37 6 7.348520
38 6 11.835200
39 6 14.960600
40 6 28.214900
41 6 39.301200
42 6 43.937200
43 6 3.123680
44 6 0.000000
45 6 0.000000
46 6 2.637010
47 6 1.994980
48 6 0.722085
49 6 96.215500
50 6 68.696400
51 6 69.545900
52 6 71.356700
53 6 77.696400
54 6 77.038800
55 6 68.589700
56 6 56.580300
57 6 42.270700
58 6 34.921400
59 6 48.468700
60 6 34.112000
61 6 36.483400
62 6 39.839100
63 6 39.209700
64 6 26.076800
65 6 11.972800
66 6 29.595700
67 6 63.794900
68 6 63.791500
69 6 77.881500
70 6 61.407000
71 6 58.395900
72 6 55.379500
73 6 85.887000
74 6 59.977000
75 6 63.554600
76 6 67.513200
77 6 69.884700
78 6 62.733800
79 6 48.781100
80 6 33.793100
81 6 24.028000
82 6 26.086900
83 6 34.848000
84 6 29.689600
85 6 33.318900
86 6 42.399300
87 6 42.351000
88 6 30.543800
89 6 28.958500
90 6 40.093700
91 6 65.143200
92 6 62.212900
93 6 78.214600
94 6 69.770800
95 6 67.871300
96 6 61.185400
97 6 0.090647
98 6 0.000000
99 6 0.144531
100 6 0.000000
101 6 61.743100
102 6 43.868200
103 6 37.348200
104 6 26.839600
105 6 29.597700
106 6 27.045700
107 6 36.614800
108 6 35.937400
109 6 5.093630
110 6 0.000000
111 6 0.000000
112 6 0.000000
113 6 0.000000
114 6 0.000000
115 6 0.000000
116 6 0.000000
117 6 0.000000
118 6 12.566200
119 6 14.649600
120 6 24.819600
121 6 0.256595
122 6 0.000000
123 6 0.228154
124 6 0.000000
125 6 0.202514
126 6 0.000000
127 6 38.279600
128 6 29.606800
129 6 43.739200
130 6 40.302800
131 6 40.205400
132 6 40.122600
133 6 29.915400
134 6 30.462200
135 6 21.377700
136 6 15.049400
137 6 11.033500
138 6 2.072270
139 6 0.000000
140 6 14.890200
141 6 25.043700
142 6 39.177000
143 6 57.397600
144 6 0.254277
145 6 0.000000
146 6 0.293306
147 6 0.000000
148 6 0.284428
149 6 0.038500
150 6 0.325650
151 6 0.200000
152 6 58.520600
153 6 32.146100
154 6 36.998800
155 6 27.123600
156 6 25.049900
157 6 26.385100
158 6 14.852900
159 6 11.763000
160 6 10.140200
161 6 22.568000
162 6 50.752300
163 6 52.866900
164 6 61.322100
165 6 0.383386
166 6 0.711700
167 6 0.499953
168 6 0.613700
169 6 0.608167
170 6 0.446600
171 6 0.667357
172 6 0.300800
173 6 0.247022
174 6 4.333020
175 6 0.000000
176 6 0.000000
177 6 5.472430
178 6 32.875900
179 6 41.379900
180 6 78.135000
181 6 106.502000
182 6 0.675586
183 6 0.293200
184 6 0.705669
185 6 0.948500
186 6 0.752668
187 6 0.086700
188 6 0.794946
189 6 0.001400
190 6 0.813182
191 6 0.000000
192 6 0.783854
193 6 0.000000
194 6 112.407000
195 6 115.487000
196 6 109.794000
197 6 50.196500
198 6 0.696654
199 6 0.000000
200 6 0.639865
201 6 0.000000
202 6 0.541428
203 6 0.000000
204 6 0.405443
205 6 0.000000
206 6 0.242267
207 6 0.000000
208 6 0.937347
209 6 1.781000
210 6 38.589200
211 6 1.606920
212 6 0.000000
213 6 1.016320
214 6 1.592140
215 6 1.044900
216 6 0.626839
217 6 1.602460
218 6 0.000000
219 6 0.000000
220 6 0.000000
221 6 4.692620
222 6 1.329630
223 6 142.245000
224 6 0.000000
225 6 5.305350
226 6 0.000000
227 6 0.283621
228 6 0.159112
229 6 0.864739
230 6 0.980897
231 6 1.202660
1 7 79.650600
2 7 71.645300
3 7 64.197300
4 7 57.287300
5 7 51.004500
6 7 49.269200
7 7 52.271900
8 7 36.630800
9 7 44.436700
10 7 36.228000
11 7 21.392700
12 7 19.619900
13 7 22.678100
14 7 19.939100
15 7 16.138200
16 7 7.692150
17 7 11.294600
18 7 42.064300
19 7 73.008900
20 7 88.386700
21 7 82.545800
22 7 74.018200
23 7 66.921900
24 7 59.377100
25 7 18.819800
26 7 13.278200
27 7 12.441800
28 7 9.183770
29 7 7.445260
30 7 12.693100
31 7 15.944100
32 7 29.773500
33 7 26.576100
34 7 29.829200
35 7 6.698260
36 7 18.603100
37 7 7.348520
38 7 11.835200
39 7 14.960600
40 7 28.214900
41 7 39.301200
42 7 43.937200
43 7 3.123680
44 7 0.000000
45 7 0.000000
46 7 2.637010
47 7 1.994980
48 7 0.722085
49 7 96.215500
50 7 68.696400
51 7 69.545900
52 7 71.356700
53 7 77.696400
54 7 77.038800
55 7 68.589700
56 7 56.580300
57 7 42.270700
58 7 34.921400
59 7 48.468700
60 7 34.112000
61 7 36.483400
62 7 39.839100
63 7 39.209700
64 7 26.076800
65 7 11.972800
66 7 29.595700
67 7 63.794900
68 7 63.791500
69 7 77.881500
70 7 61.407000
71 7 58.395900
72 7 55.379500
73 7 85.887000
74 7 59.977000
75 7 63.554600
76 7 67.513200
77 7 69.884700
78 7 62.733800
79 7 48.781100
80 7 33.793100
81 7 24.028000
82 7 26.086900
83 7 34.848000
84 7 29.689600
85 7 33.318900
86 7 42.399300
87 7 42.351000
88 7 30.543800
89 7 28.958500
90 7 40.093700
91 7 65.143200
92 7 62.212900
93 7 78.214600
94 7 69.770800
95 7 67.871300
96 7 61.185400
97 7 0.090647
98 7 0.000000
99 7 0.144531
100 7 0.000000
101 7 61.743100
102 7 43.868200
103 7 37.348200
104 7 26.839600
105 7 29.597700
106 7 27.045700
107 7 36.614800
108 7 35.937400
109 7 5.093630
110 7 0.000000
111 7 0.000000
112 7 0.000000
113 7 0.000000
114 7 0.000000
115 7 0.000000
116 7 0.000000
117 7 0.000000
118 7 12.566200
119 7 14.649600
120 7 24.819600
121 7 0.256595
122 7 0.000000
123 7 0.228154
124 7 0.000000
125 7 0.202514
126 7 0.000000
127 7 38.279600
128 7 29.606800
129 7 43.739200
130 7 40.302800
131 7 40.205400
132 7 40.122600
133 7 29.915400
134 7 30.462200
135 7 21.377700
136 7 15.049400
137 7 11.033500
138 7 2.072270
139 7 0.000000
140 7 14.890200
141 7 25.043700
142 7 39.177000
143 7 57.397600
144 7 0.254277
145 7 0.000000
146 7 0.293306
147 7 0.000000
148 7 0.284428
149 7 0.038500
150 7 0.325650
151 7 0.200000
152 7 58.520600
153 7 32.146100
154 7 36.998800
155 7 27.123600
156 7 25.049900
157 7 26.385100
158 7 14.852900
159 7 11.763000
160 7 10.140200
161 7 22.568000
162 7 50.752300
163 7 52.866900
164 7 61.322100
165 7 0.383386
166 7 0.711700
167 7 0.466905
168 7 4.371200
169 7 0.534881
170 7 2.397300
171 7 0.567581
172 7 3.439500
173 7 52.111000
174 7 12.600500
175 7 12.100900
176 7 12.475800
177 7 11.652300
178 7 63.848900
179 7 81.104300
180 7 87.516400
181 7 93.656700
182 7 0.558447
183 7 0.618800
184 7 0.557174
185 7 2.087700
186 7 0.604394
187 7 0.820900
188 7 0.543212
189 7 0.018800
190 7 0.546446
191 7 0.000000
192 7 0.512754
193 7 0.000000
194 7 67.439300
195 7 55.781200
196 7 113.736000
197 7 83.458400
198 7 0.465198
199 7 0.000000
200 7 0.460114
201 7 0.000000
202 7 0.411968
203 7 0.000000
204 7 0.322342
205 7 0.000000
206 7 0.282358
207 7 0.000000
208 7 0.665898
209 7 0.853461
210 7 55.219000
211 7 0.854639
212 7 0.000000
213 7 0.000000
214 7 0.402385
215 7 0.000000
216 7 0.515289
217 7 1.846940
218 7 0.073553
219 7 0.691109
220 7 0.291368
221 7 5.039410
222 7 1.782060
223 7 111.428000
224 7 36.705200
225 7 6.785220
226 7 0.237646
227 7 0.645850
228 7 0.950492
229 7 0.716190
230 7 0.983614
231 7 1.375430
1 8 72.493100
2 8 67.440100
3 8 66.933700
4 8 61.490300
5 8 56.714200
6 8 53.615200
7 8 57.831400
8 8 53.239600
9 8 57.242300
10 8 43.252900
11 8 30.048900
12 8 16.773000
13 8 25.512600
14 8 24.714200
15 8 19.619500
16 8 8.613570
17 8 14.393300
18 8 41.377500
19 8 70.951400
20 8 80.012700
21 8 82.818300
22 8 74.946000
23 8 77.087700
24 8 77.090200
25 8 18.669700
26 8 0.000000
27 8 0.000000
28 8 0.119420
29 8 0.000000
30 8 0.070068
31 8 5.983460
32 8 8.951900
33 8 3.778920
34 8 0.000000
35 8 3.682340
36 8 0.000000
37 8 0.000000
38 8 0.000000
39 8 3.919700
40 8 13.874900
41 8 26.613800
42 8 15.104500
43 8 0.000000
44 8 0.000000
45 8 0.000000
46 8 0.000000
47 8 0.000000
48 8 0.000000
49 8 80.617300
50 8 59.188800
51 8 56.394700
52 8 61.322300
53 8 64.683000
54 8 65.373300
55 8 66.289000
56 8 53.559400
57 8 40.002300
58 8 36.324500
59 8 50.495700
60 8 44.958200
61 8 43.977400
62 8 45.996200
63 8 43.971600
64 8 28.623700
65 8 12.078300
66 8 32.540000
67 8 43.348100
68 8 62.453100
69 8 98.871700
70 8 85.936000
71 8 84.323200
72 8 73.997400
73 8 74.945900
74 8 69.227500
75 8 68.278200
76 8 76.871400
77 8 75.179800
78 8 79.096100
79 8 73.586600
80 8 52.926000
81 8 49.703400
82 8 61.115300
83 8 75.253100
84 8 75.647500
85 8 79.421200
86 8 82.679800
87 8 75.210500
88 8 64.350100
89 8 55.381400
90 8 59.533600
91 8 74.699500
92 8 90.895600
93 8 126.946000
94 8 115.956000
95 8 109.883000
96 8 103.047000
97 8 0.081385
98 8 0.000000
99 8 0.130447
100 8 0.000000
101 8 54.405100
102 8 37.426300
103 8 36.384600
104 8 35.525400
105 8 26.397100
106 8 34.257700
107 8 45.048200
108 8 43.555400
109 8 43.052900
110 8 42.406000
111 8 35.169600
112 8 38.826100
113 8 42.254900
114 8 36.234500
115 8 30.003400
116 8 26.706500
117 8 25.762800
118 8 45.212600
119 8 49.285100
120 8 71.658800
121 8 0.166373
122 8 0.000000
123 8 0.165003
124 8 0.000000
125 8 0.155892
126 8 0.000000
127 8 55.836100
128 8 42.338000
129 8 55.439700
130 8 58.683700
131 8 56.571400
132 8 39.825400
133 8 14.427000
134 8 24.378900
135 8 20.871500
136 8 26.353500
137 8 19.442500
138 8 0.000000
139 8 0.000000
140 8 13.770500
141 8 13.768100
142 8 29.083000
143 8 36.515300
144 8 0.177418
145 8 0.000000
146 8 0.169615
147 8 0.000000
148 8 0.320610
149 8 0.045800
150 8 0.392740
151 8 0.159800
152 8 100.053000
153 8 91.000700
154 8 21.340900
155 8 36.331200
156 8 0.000000
157 8 0.000000
158 8 0.000000
159 8 0.000000
160 8 0.000000
161 8 0.000000
162 8 1.939390
163 8 22.288600
164 8 53.560900
165 8 0.502630
166 8 0.707900
167 8 0.636629
168 8 0.251100
169 8 0.682946
170 8 0.295800
171 8 0.678155
172 8 2.241900
173 8 37.120900
174 8 37.722700
175 8 42.774900
176 8 10.911900
177 8 12.083900
178 8 20.310500
179 8 42.440100
180 8 55.653700
181 8 68.160900
182 8 0.650456
183 8 2.295000
184 8 0.630238
185 8 6.339200
186 8 0.622076
187 8 0.067600
188 8 0.640954
189 8 0.003400
190 8 0.656102
191 8 0.000000
192 8 0.653958
193 8 0.000000
194 8 81.811500
195 8 90.257100
196 8 78.944200
197 8 60.360300
198 8 0.599386
199 8 0.000000
200 8 0.547671
201 8 0.000000
202 8 0.475997
203 8 0.000000
204 8 0.392837
205 8 0.000000
206 8 0.322170
207 8 0.000000
208 8 1.151810
209 8 2.497080
210 8 46.999700
211 8 2.907170
212 8 0.071169
213 8 2.353650
214 8 1.656800
215 8 0.000000
216 8 0.679805
217 8 1.919550
218 8 2.357570
219 8 2.603050
220 8 2.492350
221 8 4.463710
222 8 1.300830
223 8 136.169000
224 8 0.000000
225 8 2.872300
226 8 0.000000
227 8 0.569958
228 8 0.544225
229 8 0.753401
230 8 1.017800
231 8 1.408620
1 9 72.493100
2 9 67.440100
3 9 66.933700
4 9 61.490300
5 9 56.714200
6 9 53.615200
7 9 57.831400
8 9 53.239600
9 9 57.242300
10 9 43.252900
11 9 30.048900
12 9 16.773000
13 9 25.512600
14 9 24.714200
15 9 19.619500
16 9 8.613570
17 9 14.393300
18 9 41.377500
19 9 70.951400
20 9 80.012700
21 9 82.818300
22 9 74.946000
23 9 77.087700
24 9 77.090200
25 9 18.669700
26 9 0.000000
27 9 0.000000
28 9 0.119420
29 9 0.000000
30 9 0.070068
31 9 5.983460
32 9 8.951900
33 9 3.778920
34 9 0.000000
35 9 3.682340
36 9 0.000000
37 9 0.000000
38 9 0.000000
39 9 3.919700
40 9 13.874900
41 9 26.613800
42 9 15.104500
43 9 0.000000
44 9 0.000000
45 9 0.000000
46 9 0.000000
47 9 0.000000
48 9 0.000000
49 9 85.870300
50 9 65.940500
51 9 67.997100
52 9 72.152000
53 9 76.605600
54 9 66.708300
55 9 71.907200
56 9 69.764100
57 9 50.646800
58 9 40.873900
59 9 47.838500
60 9 46.792400
61 9 50.299700
62 9 54.180100
63 9 56.104300
64 9 41.617600
65 9 26.418100
66 9 33.128200
67 9 68.854600
68 9 67.271200
69 9 84.160900
70 9 72.949500
71 9 82.109300
72 9 75.763700
73 9 72.541600
74 9 62.807700
75 9 58.830000
76 9 59.472400
77 9 57.917100
78 9 53.667600
79 9 47.600400
80 9 44.725200
81 9 41.960900
82 9 37.340000
83 9 44.789700
84 9 53.867900
85 9 61.003700
86 9 66.488000
87 9 68.092700
88 9 63.809100
89 9 53.285700
90 9 54.416600
91 9 61.241200
92 9 67.063500
93 9 76.983900
94 9 88.924900
95 9 91.817800
96 9 76.812400
97 9 0.105241
98 9 0.000000
99 9 0.185402
100 9 0.000000
101 9 76.907500
102 9 48.377700
103 9 44.263700
104 9 41.728300
105 9 34.710400
106 9 35.235900
107 9 39.756700
108 9 38.993100
109 9 9.237670
110 9 3.326150
111 9 9.449700
112 9 10.035800
113 9 9.056290
114 9 9.614230
115 9 10.137000
116 9 7.032980
117 9 4.109550
118 9 6.505530
119 9 27.583500
120 9 39.644500
121 9 0.241662
122 9 0.000000
123 9 0.250156
124 9 0.000000
125 9 0.240913
126 9 0.000000
127 9 55.573200
128 9 37.192700
129 9 43.318300
130 9 47.602900
131 9 39.323000
132 9 25.992500
133 9 16.119700
134 9 17.938800
135 9 12.808800
136 9 12.582900
137 9 2.487660
138 9 0.000000
139 9 1.023860
140 9 11.938200
141 9 32.884400
142 9 62.982400
143 9 69.126100
144 9 0.244698
145 9 0.000000
146 9 0.236065
147 9 0.000000
148 9 0.218439
149 9 0.027100
150 9 0.179338
151 9 0.385100
152 9 42.758900
153 9 28.198800
154 9 21.022500
155 9 25.371600
156 9 15.536300
157 9 12.953800
158 9 14.833000
159 9 14.584300
160 9 12.868100
161 9 15.334300
162 9 22.007500
163 9 83.820000
164 9 85.681200
165 9 0.392164
166 9 0.722700
167 9 0.348638
168 9 0.146800
169 9 0.328242
170 9 0.793100
171 9 0.460012
172 9 0.253500
173 9 22.329800
174 9 5.536260
175 9 5.821540
176 9 8.196680
177 9 25.842200
178 9 38.310700
179 9 47.819900
180 9 49.239000
181 9 55.370200
182 9 0.295017
183 9 0.014100
184 9 0.293802
185 9 0.112500
186 9 0.351119
187 9 0.111700
188 9 0.422209
189 9 0.007300
190 9 0.475521
191 9 0.000000
192 9 0.438189
193 9 0.000000
194 9 108.968000
195 9 111.310000
196 9 107.034000
197 9 107.784000
198 9 0.320531
199 9 0.000000
200 9 0.278831
201 9 0.000000
202 9 0.217689
203 9 0.000000
204 9 0.121142
205 9 0.000000
206 9 0.064410
207 9 0.000000
208 9 0.885987
209 9 1.242880
210 9 40.073900
211 9 1.906470
212 9 0.000000
213 9 1.848880
214 9 1.323480
215 9 0.000000
216 9 0.592571
217 9 1.369500
218 9 0.000000
219 9 0.203304
220 9 0.278933
221 9 7.715460
222 9 1.773120
223 9 0.000000
224 9 59.792300
225 9 9.686940
226 9 0.474138
227 9 0.408758
228 9 0.583754
229 9 0.718516
230 9 1.032860
231 9 1.346360
1 10 72.493100
2 10 67.440100
3 10 66.933700
4 10 61.490300
5 10 56.714200
6 10 53.615200
7 10 57.831400
8 10 53.239600
9 10 57.242300
10 10 43.252900
11 10 30.048900
12 10 16.773000
13 10 25.512600
14 10 24.714200
15 10 19.619500
16 10 8.613570
17 10 14.393300
18 10 41.377500
19 10 70.951400
20 10 80.012700
21 10 82.818300
22 10 74.946000
23 10 77.087700
24 10 77.090200
25 10 18.669700
26 10 0.000000
27 10 0.000000
28 10 0.119420
29 10 0.000000
30 10 0.070068
31 10 5.983460
32 10 8.951900
33 10 3.778920
34 10 0.000000
35 10 3.682340
36 10 0.000000
37 10 0.000000
38 10 0.000000
39 10 3.919700
40 10 13.874900
41 10 26.613800
42 10 15.104500
43 10 0.000000
44 10 0.000000
45 10 0.000000
46 10 0.000000
47 10 0.000000
48 10 0.000000
49 10 85.870300
50 10 65.940500
51 10 67.997100
52 10 72.152000
53 10 76.605600
54 10 66.708300
55 10 71.907200
56 10 69.764100
57 10 50.646800
58 10 40.873900
59 10 47.838500
60 10 46.792400
61 10 50.299700
62 10 54.180100
63 10 56.104300
64 10 41.617600
65 10 26.418100
66 10 33.128200
67 10 68.854600
68 10 67.271200
69 10 84.160900
70 10 72.949500
71 10 82.109300
72 10 75.763700
73 10 72.541600
74 10 62.807700
75 10 58.830000
76 10 59.472400
77 10 57.917100
78 10 53.667600
79 10 47.600400
80 10 44.725200
81 10 41.960900
82 10 37.340000
83 10 44.789700
84 10 53.867900
85 10 61.003700
86 10 66.488000
87 10 68.092700
88 10 63.809100
89 10 53.285700
90 10 54.416600
91 10 61.241200
92 10 67.063500
93 10 76.983900
94 10 88.924900
95 10 91.817800
96 10 76.812400
97 10 0.105241
98 10 0.000000
99 10 0.185402
100 10 0.000000
101 10 76.907500
102 10 48.377700
103 10 44.263700
104 10 41.728300
105 10 34.710400
106 10 35.235900
107 10 39.756700
108 10 38.993100
109 10 9.237670
110 10 3.326150
111 10 9.449700
112 10 10.035800
113 10 9.056290
114 10 9.614230
115 10 10.137000
116 10 7.032980
117 10 4.109550
118 10 6.505530
119 10 27.583500
120 10 39.644500
121 10 0.241662
122 10 0.000000
123 10 0.250156
124 10 0.000000
125 10 0.240913
126 10 0.000000
127 10 55.573200
128 10 37.192700
129 10 43.318300
130 10 47.602900
131 10 39.323000
132 10 25.992500
133 10 16.119700
134 10 17.938800
135 10 12.808800
136 10 12.582900
137 10 2.487660
138 10 0.000000
139 10 1.023860
140 10 11.938200
141 10 32.884400
142 10 62.982400
143 10 69.126100
144 10 0.244698
145 10 0.000000
146 10 0.236065
147 10 0.000000
148 10 0.218439
149 10 0.027100
150 10 0.179338
151 10 0.385100
152 10 42.758900
153 10 28.198800
154 10 21.022500
155 10 25.371600
156 10 15.536300
157 10 12.953800
158 10 14.833000
159 10 14.584300
160 10 12.868100
161 10 15.334300
162 10 22.007500
163 10 83.820000
164 10 85.681200
165 10 0.392164
166 10 0.722700
167 10 0.348638
168 10 0.146800
169 10 0.328242
170 10 0.793100
171 10 0.460012
172 10 0.253500
173 10 22.329800
174 10 5.536260
175 10 5.821540
176 10 8.196680
177 10 25.842200
178 10 38.310700
179 10 47.819900
180 10 49.239000
181 10 55.370200
182 10 0.465615
183 10 15.752700
184 10 0.488500
185 10 1.889400
186 10 0.522017
187 10 1.199400
188 10 0.551900
189 10 0.002600
190 10 0.549529
191 10 0.000000
192 10 0.515523
193 10 0.000000
194 10 108.317000
195 10 99.934300
196 10 83.710600
197 10 69.008200
198 10 0.455679
199 10 0.000000
200 10 0.419911
201 10 0.000000
202 10 0.364438
203 10 0.000000
204 10 0.261749
205 10 0.000000
206 10 0.154826
207 10 0.000000
208 10 1.046110
209 10 1.541500
210 10 36.009000
211 10 1.771780
212 10 0.000000
213 10 2.516150
214 10 1.319760
215 10 1.091470
216 10 0.281120
217 10 0.855643
218 10 0.000000
219 10 0.000000
220 10 0.000000
221 10 3.551660
222 10 1.899180
223 10 226.637000
224 10 0.000000
225 10 4.749510
226 10 0.776874
227 10 0.125621
228 10 0.256372
229 10 0.600186
230 10 0.936626
231 10 1.359060
;

param Prob0 :=
1	0.100
2	0.100
3	0.100
4	0.100
5	0.100
6	0.100
7	0.100
8	0.100
9	0.100
10	0.100
;
set c[0,5] := 5 1 2 3 4 6 7 8 9 10;
set c[1,5] := 5 1 4 6 7;
set c[1,10] := 10 2 3 8 9;
set c[2,10] := 10 2 3 8 9;
set c[2,1] := 1 6 7;
set c[2,4] := 4 5;
set c[3,4] := 4 5;
set c[3,7] := 7 1 6;
set c[3,2] := 2 10 9;
set c[3,8] := 8 3;
set c[4,9] := 9 2 10;
set c[4,7] := 7 1 6;
set c[4,8] := 8 3;
set c[4,4] := 4;
set c[4,5] := 5;
set c[5,4] := 4;
set c[5,8] := 8 3;
set c[5,5] := 5;
set c[5,6] := 6 7 1;
set c[5,9] := 9 2 10;
set c[6,9] := 9 2 10;
set c[6,5] := 5;
set c[6,8] := 8 3;
set c[6,6] := 6 7 1;
set c[6,4] := 4;
set c[7,1] := 1 6 7;
set c[7,5] := 5;
set c[7,8] := 8 3;
set c[7,4] := 4;
set c[7,2] := 2 9 10;
set c[8,5] := 5;
set c[8,8] := 8 3;
set c[8,2] := 2 9 10;
set c[8,4] := 4;
set c[8,1] := 1 6 7;
set c[9,2] := 2 9 10;
set c[9,8] := 8 3;
set c[9,1] := 1 6 7;
set c[9,4] := 4;
set c[9,5] := 5;
set c[10,4] := 4;
set c[10,7] := 7 1 6;
set c[10,5] := 5;
set c[10,8] := 8 3;
set c[10,2] := 2 9 10;
set c[11,7] := 7 1 6;
set c[11,5] := 5;
set c[11,8] := 8 3;
set c[11,10] := 10 2 9;
set c[11,4] := 4;
set c[12,2] := 2 10 9;
set c[12,5] := 5;
set c[12,4] := 4;
set c[12,8] := 8 3;
set c[12,7] := 7 6;
set c[12,1] := 1;
set c[13,7] := 7 6;
set c[13,4] := 4;
set c[13,5] := 5;
set c[13,1] := 1;
set c[13,8] := 8 3;
set c[13,2] := 2 10 9;
set c[14,1] := 1;
set c[14,8] := 8 3;
set c[14,2] := 2 10 9;
set c[14,5] := 5;
set c[14,4] := 4;
set c[14,7] := 7 6;
set c[15,8] := 8 3;
set c[15,4] := 4;
set c[15,7] := 7 6;
set c[15,5] := 5;
set c[15,9] := 9 2 10;
set c[15,1] := 1;
set c[16,5] := 5;
set c[16,4] := 4;
set c[16,9] := 9 2 10;
set c[16,7] := 7 6;
set c[16,1] := 1;
set c[16,8] := 8;
set c[16,3] := 3;
set c[17,4] := 4;
set c[17,8] := 8;
set c[17,7] := 7 6;
set c[17,3] := 3;
set c[17,2] := 2 9 10;
set c[17,1] := 1;
set c[17,5] := 5;
set c[18,10] := 10 2 9;
set c[18,3] := 3;
set c[18,7] := 7;
set c[18,6] := 6;
set c[18,1] := 1;
set c[18,5] := 5;
set c[18,8] := 8;
set c[18,4] := 4;
set c[19,1] := 1;
set c[19,5] := 5;
set c[19,8] := 8;
set c[19,6] := 6;
set c[19,7] := 7;
set c[19,4] := 4;
set c[19,3] := 3;
set c[19,9] := 9 10 2;
set c[20,3] := 3;
set c[20,5] := 5;
set c[20,10] := 10 9 2;
set c[20,4] := 4;
set c[20,6] := 6;
set c[20,7] := 7;
set c[20,8] := 8;
set c[20,1] := 1;
set c[21,9] := 9 10 2;
set c[21,6] := 6;
set c[21,4] := 4;
set c[21,1] := 1;
set c[21,8] := 8;
set c[21,7] := 7;
set c[21,5] := 5;
set c[21,3] := 3;
set c[22,5] := 5;
set c[22,3] := 3;
set c[22,8] := 8;
set c[22,6] := 6;
set c[22,1] := 1;
set c[22,4] := 4;
set c[22,7] := 7;
set c[22,2] := 2;
set c[22,9] := 9;
set c[22,10] := 10;
set c[23,8] := 8;
set c[23,2] := 2;
set c[23,7] := 7;
set c[23,9] := 9;
set c[23,1] := 1;
set c[23,3] := 3;
set c[23,6] := 6;
set c[23,10] := 10;
set c[23,4] := 4;
set c[23,5] := 5;
set c[24,6] := 6;
set c[24,10] := 10;
set c[24,2] := 2;
set c[24,5] := 5;
set c[24,4] := 4;
set c[24,7] := 7;
set c[24,9] := 9;
set c[24,3] := 3;
set c[24,1] := 1;
set c[24,8] := 8;
set c[25,9] := 9;
set c[25,8] := 8;
set c[25,2] := 2;
set c[25,1] := 1;
set c[25,7] := 7;
set c[25,4] := 4;
set c[25,3] := 3;
set c[25,5] := 5;
set c[25,10] := 10;
set c[25,6] := 6;
set c[26,10] := 10;
set c[26,7] := 7;
set c[26,1] := 1;
set c[26,6] := 6;
set c[26,5] := 5;
set c[26,3] := 3;
set c[26,4] := 4;
set c[26,8] := 8;
set c[26,2] := 2;
set c[26,9] := 9;
set c[27,7] := 7;
set c[27,5] := 5;
set c[27,2] := 2;
set c[27,1] := 1;
set c[27,8] := 8;
set c[27,4] := 4;
set c[27,3] := 3;
set c[27,9] := 9;
set c[27,6] := 6;
set c[27,10] := 10;
set c[28,5] := 5;
set c[28,1] := 1;
set c[28,8] := 8;
set c[28,3] := 3;
set c[28,4] := 4;
set c[28,2] := 2;
set c[28,9] := 9;
set c[28,6] := 6;
set c[28,10] := 10;
set c[28,7] := 7;
set c[29,2] := 2;
set c[29,9] := 9;
set c[29,3] := 3;
set c[29,6] := 6;
set c[29,8] := 8;
set c[29,1] := 1;
set c[29,4] := 4;
set c[29,10] := 10;
set c[29,7] := 7;
set c[29,5] := 5;
set c[30,1] := 1;
set c[30,8] := 8;
set c[30,4] := 4;
set c[30,3] := 3;
set c[30,10] := 10;
set c[30,5] := 5;
set c[30,7] := 7;
set c[30,9] := 9;
set c[30,6] := 6;
set c[30,2] := 2;
set c[31,3] := 3;
set c[31,4] := 4;
set c[31,8] := 8;
set c[31,6] := 6;
set c[31,10] := 10;
set c[31,7] := 7;
set c[31,5] := 5;
set c[31,2] := 2;
set c[31,9] := 9;
set c[31,1] := 1;
set c[32,7] := 7;
set c[32,5] := 5;
set c[32,9] := 9;
set c[32,10] := 10;
set c[32,2] := 2;
set c[32,8] := 8;
set c[32,6] := 6;
set c[32,4] := 4;
set c[32,1] := 1;
set c[32,3] := 3;
set c[33,9] := 9;
set c[33,1] := 1;
set c[33,8] := 8;
set c[33,3] := 3;
set c[33,2] := 2;
set c[33,6] := 6;
set c[33,4] := 4;
set c[33,10] := 10;
set c[33,5] := 5;
set c[33,7] := 7;
set c[34,4] := 4;
set c[34,2] := 2;
set c[34,3] := 3;
set c[34,1] := 1;
set c[34,6] := 6;
set c[34,5] := 5;
set c[34,7] := 7;
set c[34,10] := 10;
set c[34,8] := 8;
set c[34,9] := 9;

