1 0.1 26.5747 18.1472 18.3854 18.6065 23.759 33.8535 47.4955 68.9921 106.347 129.154 62.0299 44.2101 40.4349 41.8822 43.6873 50.7487 61.2233 70.3767 45.1029 65.9592 55.8595 19.5286 8.22879 26.5962 
2 0.1 35.2244 16.262 20.7061 25.478 29.8097 67.8252 70.0667 72.8219 103.837 101.403 71.0731 27.9964 28.1697 38.5647 29.1528 39.4173 61.3535 34.8343 55.4601 71.5723 65.0487 18.0314 8.22666 4.38877 
3 0.1 35.2244 16.262 20.7061 25.478 29.8097 67.8252 70.0667 72.8219 103.837 101.403 71.0731 27.9964 28.1697 38.5647 29.1528 39.4173 61.3535 34.8343 55.4601 71.5723 65.0487 18.0314 8.22666 4.38877 
4 0.1 23.0021 23.3091 18.8793 21.4026 24.6201 35.2151 48.2544 61.6626 75.6669 130.307 81.8369 39.8069 41.8313 39.5207 44.8801 48.0444 67.5689 45.2532 47.4837 52.7253 29.4367 9.95828 7.95865 5.89989 
5 0.1 26.6632 24.0054 29.452 39.701 49.3282 49.5081 50.5442 55.6905 91.4179 116.396 72.7002 23.6365 29.2348 22.9366 33.7432 36.6862 59.2519 52.4383 62.2536 59.2711 44.6363 24.3956 14.2396 10.5556 
6 0.1 26.6632 24.0054 29.452 39.701 49.3282 49.5081 50.5442 55.6905 91.4179 116.396 72.7002 23.6365 29.2348 22.9366 33.7432 36.6862 59.2519 52.4383 62.2536 59.2711 44.6363 24.3956 14.2396 10.5556 
7 0.1 26.6632 24.0054 29.452 39.701 49.3282 49.5081 50.5442 55.6905 91.4179 116.396 72.7002 23.6365 29.2348 22.9366 33.7432 36.6862 59.2519 52.4383 62.2536 59.2711 44.6363 24.3956 14.2396 10.5556 
8 0.1 26.6632 24.0054 29.452 39.701 49.3282 49.5081 50.5442 55.6905 91.4179 116.396 72.7002 23.6365 29.2348 22.9366 33.7432 36.6862 59.2519 52.4383 62.2536 59.2711 44.6363 24.3956 14.2396 10.5556 
9 0.1 35.2244 16.262 20.7061 25.478 29.8097 67.8252 70.0667 72.8219 103.837 101.403 71.0731 27.9964 28.1697 38.5647 29.1528 39.4173 61.3535 34.8343 55.4601 71.5723 65.0487 18.0314 8.22666 4.38877 
10 0.1 49.0706 30.3988 27.0533 25.8159 27.27 33.4598 54.0125 59.9472 91.9718 101.969 62.8543 19.1795 19.9715 10.3067 14.4405 19.9451 40.7201 28.5139 33.58 41.3098 35.9402 16.1174 7.85384 1.56238 
