1 0.1 32.79 3.574286400000033 5.056811599999969 4.818901999999999 17.42048000000048 27.570000000000007 3.0 28.32000000000005 46.2 48.33000000000001 50.51999999999998 25.64159999999987 17.37779999999976 51.9 46.057800000000015 48.705799999999996 50.70284 45.96000000000001 16.75 49.33000000000001 49.35 3.0 6.0 11.570839999999976 
2 0.1 32.79000000000001 22.080000000000034 22.852551999999907 25.5 25.47 27.570000000000007 3.0 31.319999999999993 43.8 48.33000000000001 50.51999999999998 18.815039999999676 12.538999999999731 51.9 7.143408000001427 46.31999999999999 46.500327999999975 14.05289599999995 49.874276 49.49393099999998 48.9 3.0 4.498504 3.0 
3 0.1 32.79000000000001 22.080000000000034 22.852551999999907 25.5 25.47 27.570000000000007 3.0 31.319999999999993 43.8 48.33000000000001 50.51999999999998 18.815039999999676 12.538999999999731 51.9 7.143408000001427 46.31999999999999 46.500327999999975 14.05289599999995 49.874276 49.49393099999998 48.9 3.0 4.498504 3.0 
4 0.1 32.79 30.090000000000003 9.617934399999864 15.376687999999973 3.485986850001453 27.387105937500024 3.1950869999999822 28.32000000000005 43.8 51.33000000000001 49.34041499999999 10.943511062499809 34.055999999999784 27.95599999999982 48.08000000000001 50.06999999999999 48.90969599999999 47.99152800000001 49.646539999999995 49.58000000000001 17.85414400000002 4.394860000000004 3.0 3.0 
5 0.1 32.79000000000001 14.967692000000588 26.236299999999975 25.5 22.47 27.570000000000007 3.0 31.319999999999993 46.04699999999998 49.67670000000002 50.51999999999998 2.7681399999999794 3.0 2.919360000000022 43.912308000000024 46.31999999999999 48.77999999999997 48.96000000000001 49.53 49.579999999999984 15.370000000000005 5.8 43.01999999999981 0.0 
6 0.1 32.79000000000001 14.967692000000588 26.236299999999975 25.5 22.47 27.570000000000007 3.0 31.319999999999993 46.04699999999998 49.67670000000002 50.51999999999998 2.7681399999999794 3.0 2.919360000000022 43.912308000000024 46.31999999999999 48.77999999999997 48.96000000000001 49.53 49.579999999999984 15.370000000000005 5.8 43.01999999999981 0.0 
7 0.1 32.79000000000001 14.967692000000588 26.236299999999975 25.5 22.47 27.570000000000007 3.0 31.319999999999993 46.04699999999998 49.67670000000002 50.51999999999998 2.7681399999999794 3.0 2.919360000000022 43.912308000000024 46.31999999999999 48.77999999999997 48.96000000000001 49.53 49.579999999999984 15.370000000000005 5.8 43.01999999999981 0.0 
8 0.1 32.79000000000001 14.967692000000588 26.236299999999975 25.5 22.47 27.570000000000007 3.0 31.319999999999993 46.04699999999998 49.67670000000002 50.51999999999998 2.7681399999999794 3.0 2.919360000000022 43.912308000000024 46.31999999999999 48.77999999999997 48.96000000000001 49.53 49.579999999999984 15.370000000000005 5.8 43.01999999999981 0.0 
9 0.1 32.79000000000001 22.080000000000034 22.852551999999907 25.5 25.47 27.570000000000007 3.0 31.319999999999993 43.8 48.33000000000001 50.51999999999998 18.815039999999676 12.538999999999731 51.9 7.143408000001427 46.31999999999999 46.500327999999975 14.05289599999995 49.874276 49.49393099999998 48.9 3.0 4.498504 3.0 
10 0.1 32.79 38.12000000000001 27.43 25.5 25.47 27.570000000000007 3.3052999999999884 31.014700000000005 43.8 48.33000000000001 50.51999999999998 16.76187999999999 25.746559999999988 5.15 3.0 27.571560000000602 45.78 5.42164000000011 49.53 49.58000000000001 48.9 13.008359999999925 43.01999999999998 3.4 
