1 0.1 6.0 3.574286400000033 5.056811599999969 4.818901999999999 3.0 3.0 3.0 0.0 5.4 3.0 3.0 0.0 3.118519999999998 3.0 0.0 2.385800000000007 4.922839999999999 0.0 3.75 2.75 3.45 3.0 6.0 3.0 
2 0.1 6.0 6.0 4.45 3.0 3.0 3.0 3.0 3.0 3.0 3.0 3.0 3.0 3.0 3.0 3.0 0.0 0.7203280000000007 1.6228960000000001 3.344276 2.9139310000000003 3.0 3.0 4.498504 3.0 
3 0.1 6.0 6.0 4.45 3.0 3.0 3.0 3.0 3.0 3.0 3.0 3.0 3.0 3.0 3.0 3.0 0.0 0.7203280000000007 1.6228960000000001 3.344276 2.9139310000000003 3.0 3.0 4.498504 3.0 
4 0.1 6.0 6.0 4.45 3.0 3.0 2.8171059375000165 3.1950869999999822 0.0 3.0 6.0 1.8204150000000094 2.3061203124999996 0.0 3.0 0.0 3.75 3.1296959999999894 2.5338400000000183 3.1165399999999943 3.0 4.981831999999997 4.394860000000004 3.0 3.0 
5 0.1 6.0 6.0 3.2562999999999716 3.0 0.0 3.0 3.0 3.0 5.247000000000001 4.346700000000006 3.0 2.7681399999999794 3.0 2.919360000000022 0.0 0.0 3.0 3.0 3.0 3.0 3.0 5.8 6.0 0.0 
6 0.1 6.0 6.0 3.2562999999999716 3.0 0.0 3.0 3.0 3.0 5.247000000000001 4.346700000000006 3.0 2.7681399999999794 3.0 2.919360000000022 0.0 0.0 3.0 3.0 3.0 3.0 3.0 5.8 6.0 0.0 
7 0.1 6.0 6.0 3.2562999999999716 3.0 0.0 3.0 3.0 3.0 5.247000000000001 4.346700000000006 3.0 2.7681399999999794 3.0 2.919360000000022 0.0 0.0 3.0 3.0 3.0 3.0 3.0 5.8 6.0 0.0 
8 0.1 6.0 6.0 3.2562999999999716 3.0 0.0 3.0 3.0 3.0 5.247000000000001 4.346700000000006 3.0 2.7681399999999794 3.0 2.919360000000022 0.0 0.0 3.0 3.0 3.0 3.0 3.0 5.8 6.0 0.0 
9 0.1 6.0 6.0 4.45 3.0 3.0 3.0 3.0 3.0 3.0 3.0 3.0 3.0 3.0 3.0 3.0 0.0 0.7203280000000007 1.6228960000000001 3.344276 2.9139310000000003 3.0 3.0 4.498504 3.0 
10 0.1 6.0 6.0 4.45 3.0 3.0 3.0 3.0 3.0 3.0 3.0 3.0 3.0 0.0 5.15 3.0 0.0 0.0 3.0 3.0 3.0 3.0 3.0 6.0 3.4 
