1 0.1 26.789999999999992 0.0 0.0 0.0 14.420480000000481 24.570000000000007 0.0 28.32000000000005 40.8 45.33000000000001 47.51999999999998 25.64159999999987 14.259279999999762 48.9 46.057800000000015 46.31999999999999 45.78 45.96000000000001 13.0 46.58000000000001 45.9 0.0 0.0 8.570839999999976 
2 0.1 26.789999999999992 16.080000000000013 18.402551999999915 22.5 22.47 24.570000000000007 0.0 28.319999999999993 40.8 45.33000000000001 47.51999999999998 15.815039999999676 9.538999999999731 48.9 4.143408000001415 46.31999999999999 45.77999999999997 12.42999999999995 46.53 46.579999999999984 45.9 0.0 0.0 0.0 
3 0.1 26.789999999999992 16.080000000000013 18.402551999999915 22.5 22.47 24.570000000000007 0.0 28.319999999999993 40.8 45.33000000000001 47.51999999999998 15.815039999999676 9.538999999999731 48.9 4.143408000001415 46.31999999999999 45.77999999999997 12.42999999999995 46.53 46.579999999999984 45.9 0.0 0.0 0.0 
4 0.1 26.789999999999992 24.090000000000003 5.167934399999865 12.376687999999973 0.4859868500014528 24.570000000000007 0.0 28.32000000000005 40.8 45.33000000000001 47.51999999999998 8.63739074999981 34.055999999999784 24.95599999999982 48.08000000000001 46.31999999999999 45.78 45.45768799999999 46.53 46.58000000000001 12.872312000000022 0.0 0.0 0.0 
5 0.1 26.789999999999992 8.967692000000568 22.980000000000004 22.5 22.47 24.570000000000007 0.0 28.319999999999993 40.8 45.33000000000001 47.51999999999998 0.0 0.0 0.0 43.912308000000024 46.31999999999999 45.77999999999997 45.96000000000001 46.53 46.579999999999984 12.370000000000005 0.0 37.01999999999981 0.0 
6 0.1 26.789999999999992 8.967692000000568 22.980000000000004 22.5 22.47 24.570000000000007 0.0 28.319999999999993 40.8 45.33000000000001 47.51999999999998 0.0 0.0 0.0 43.912308000000024 46.31999999999999 45.77999999999997 45.96000000000001 46.53 46.579999999999984 12.370000000000005 0.0 37.01999999999981 0.0 
7 0.1 26.789999999999992 8.967692000000568 22.980000000000004 22.5 22.47 24.570000000000007 0.0 28.319999999999993 40.8 45.33000000000001 47.51999999999998 0.0 0.0 0.0 43.912308000000024 46.31999999999999 45.77999999999997 45.96000000000001 46.53 46.579999999999984 12.370000000000005 0.0 37.01999999999981 0.0 
8 0.1 26.789999999999992 8.967692000000568 22.980000000000004 22.5 22.47 24.570000000000007 0.0 28.319999999999993 40.8 45.33000000000001 47.51999999999998 0.0 0.0 0.0 43.912308000000024 46.31999999999999 45.77999999999997 45.96000000000001 46.53 46.579999999999984 12.370000000000005 0.0 37.01999999999981 0.0 
9 0.1 26.789999999999992 16.080000000000013 18.402551999999915 22.5 22.47 24.570000000000007 0.0 28.319999999999993 40.8 45.33000000000001 47.51999999999998 15.815039999999676 9.538999999999731 48.9 4.143408000001415 46.31999999999999 45.77999999999997 12.42999999999995 46.53 46.579999999999984 45.9 0.0 0.0 0.0 
10 0.1 26.789999999999992 32.120000000000005 22.980000000000004 22.5 22.47 24.570000000000007 0.30529999999998836 28.014700000000005 40.8 45.33000000000001 47.51999999999998 13.76187999999999 25.746559999999988 0.0 0.0 27.571560000000602 45.78 2.42164000000011 46.53 46.58000000000001 45.9 10.008359999999925 37.01999999999998 0.0 
