1 0.1 8.930000000000001 10.455713599999967 8.603188400000032 8.681098000000002 10.490000000000002 11.190000000000001 12.570000000000002 17.390000000000004 14.2 18.110000000000003 18.840000000000003 22.040000000000003 18.861480000000007 19.3 22.040000000000003 19.054199999999994 16.337160000000004 21.320000000000004 17.760000000000005 18.790000000000003 17.85 17.060000000000002 12.340000000000003 13.920000000000002 
2 0.1 8.930000000000003 8.030000000000003 9.210000000000012 10.5 10.490000000000004 11.190000000000003 12.570000000000004 14.390000000000004 16.6 18.110000000000007 18.840000000000007 19.040000000000006 18.980000000000008 19.3 19.040000000000006 20.44023400000001 20.539672000000007 18.320000000000007 18.165724000000008 18.626069000000005 18.3 17.06000000000001 12.340000000000007 13.520000000000003 
3 0.1 8.930000000000003 8.030000000000003 9.210000000000012 10.5 10.490000000000004 11.190000000000003 12.570000000000004 14.390000000000004 16.6 18.110000000000007 18.840000000000007 19.040000000000006 18.980000000000008 19.3 19.040000000000006 20.44023400000001 20.539672000000007 18.320000000000007 18.165724000000008 18.626069000000005 18.3 17.06000000000001 12.340000000000007 13.520000000000003 
4 0.1 8.930000000000001 8.030000000000001 9.210000000000003 10.5 10.490000000000002 11.372894062499984 12.37491300000002 17.390000000000004 16.6 15.110000000000003 20.019584999999992 19.733879687500004 21.980000000000004 19.3 22.040000000000003 17.690000000000005 18.130304000000013 18.786159999999985 18.393460000000008 18.540000000000003 16.318168000000007 15.665140000000001 15.340000000000003 13.920000000000002 
5 0.1 8.930000000000003 8.030000000000003 10.403700000000033 10.5 13.490000000000004 11.190000000000003 12.570000000000004 14.390000000000004 14.353000000000005 16.7633 18.840000000000007 19.271860000000025 18.980000000000008 19.380639999999985 22.04000000000004 21.44000000000001 18.260000000000005 18.320000000000007 18.510000000000005 18.540000000000006 18.3 14.260000000000009 12.340000000000007 16.92 
6 0.1 8.930000000000003 8.030000000000003 10.403700000000033 10.5 13.490000000000004 11.190000000000003 12.570000000000004 14.390000000000004 14.353000000000005 16.7633 18.840000000000007 19.271860000000025 18.980000000000008 19.380639999999985 22.040000000000006 21.44000000000001 18.260000000000005 18.320000000000007 18.510000000000005 18.540000000000006 18.3 14.260000000000009 12.340000000000007 16.92 
7 0.1 8.930000000000003 8.030000000000003 10.403700000000033 10.5 13.490000000000004 11.190000000000003 12.570000000000004 14.390000000000004 14.353000000000005 16.7633 18.840000000000007 19.271860000000025 18.980000000000008 19.380639999999985 22.040000000000006 21.44000000000001 18.260000000000005 18.320000000000007 18.510000000000005 18.540000000000006 18.3 14.260000000000009 12.340000000000007 16.92 
8 0.1 8.930000000000003 8.030000000000003 10.403700000000033 10.5 13.490000000000004 11.190000000000003 12.570000000000004 14.390000000000004 14.353000000000005 16.7633 18.840000000000007 19.271860000000025 18.980000000000008 19.380639999999985 22.040000000000006 21.44000000000001 18.260000000000005 18.320000000000007 18.510000000000005 18.540000000000006 18.3 14.260000000000009 12.340000000000007 16.92 
9 0.1 8.930000000000003 8.030000000000003 9.210000000000012 10.5 10.490000000000004 11.190000000000003 12.570000000000004 14.390000000000004 16.6 18.110000000000007 18.840000000000007 19.040000000000006 18.980000000000008 19.3 19.040000000000006 20.44023400000001 20.539672000000007 18.320000000000007 18.165724000000008 18.626069000000005 18.3 17.06000000000001 12.340000000000007 13.520000000000003 
10 0.1 8.930000000000001 0.0 9.210000000000008 10.5 10.490000000000002 11.190000000000001 12.570000000000002 14.390000000000002 16.6 18.110000000000003 18.840000000000003 19.040000000000003 21.980000000000004 17.15 19.040000000000003 21.440000000000005 21.260000000000005 18.320000000000004 18.510000000000005 18.540000000000003 18.3 17.060000000000002 12.340000000000003 13.520000000000003 
