1 0.1 0.0 2.425713599999967 0.943188400000031 1.181098000000001 3.0 3.0 3.0 6.0 0.6 3.0 3.0 6.0 2.881480000000002 3.0 6.0 3.614199999999993 1.077160000000001 6.0 2.25 3.25 2.55 3.0 0.0 3.0 
2 0.1 0.0 0.0 1.55 3.0 3.0 3.0 3.0 3.0 3.0 3.0 3.0 3.0 3.0 3.0 3.0 5.000234000000004 5.279672 3.0 2.655724 3.0860689999999997 3.0 3.0 0.0 2.6 
3 0.1 0.0 0.0 1.55 3.0 3.0 3.0 3.0 3.0 3.0 3.0 3.0 3.0 3.0 3.0 3.0 5.000234000000004 5.279672 3.0 2.655724 3.0860689999999997 3.0 3.0 0.0 2.6 
4 0.1 0.0 0.0 1.55 3.0 3.0 3.1828940624999835 2.8049130000000178 6.0 3.0 0.0 4.179584999999991 3.6938796875000004 6.0 3.0 6.0 2.25 2.8703040000000106 3.4661599999999817 2.8834600000000057 3.0 1.0181680000000028 1.605139999999996 3.0 3.0 
5 0.1 0.0 0.0 2.74370000000003 3.0 6.0 3.0 3.0 3.0 0.7529999999999992 1.6532999999999944 3.0 3.2318600000000206 3.0 3.080639999999978 6.0 6.0 3.0 3.0 3.0 3.0 3.0 0.2 0.0 6.0 
6 0.1 0.0 0.0 2.74370000000003 3.0 6.0 3.0 3.0 3.0 0.7529999999999992 1.6532999999999944 3.0 3.2318600000000206 3.0 3.080639999999978 6.0 6.0 3.0 3.0 3.0 3.0 3.0 0.2 0.0 6.0 
7 0.1 0.0 0.0 2.74370000000003 3.0 6.0 3.0 3.0 3.0 0.7529999999999992 1.6532999999999944 3.0 3.2318600000000206 3.0 3.080639999999978 6.0 6.0 3.0 3.0 3.0 3.0 3.0 0.2 0.0 6.0 
8 0.1 0.0 0.0 2.74370000000003 3.0 6.0 3.0 3.0 3.0 0.7529999999999992 1.6532999999999944 3.0 3.2318600000000206 3.0 3.080639999999978 6.0 6.0 3.0 3.0 3.0 3.0 3.0 0.2 0.0 6.0 
9 0.1 0.0 0.0 1.55 3.0 3.0 3.0 3.0 3.0 3.0 3.0 3.0 3.0 3.0 3.0 3.0 5.000234000000004 5.279672 3.0 2.655724 3.0860689999999997 3.0 3.0 0.0 2.6 
10 0.1 0.0 0.0 1.55 3.0 3.0 3.0 3.0 3.0 3.0 3.0 3.0 3.0 6.0 0.85 3.0 6.0 6.0 3.0 3.0 3.0 3.0 3.0 0.0 2.6 
