#erel:= 0.850;
#emax:= 2655.981;
#q:= 0.000;
#nesce:=     7;
#etime:= 0.055;
#snodes:=   207;
param nS:=    10;
param nSG:=    34;
param nRVSG :=
1 24
5 2
9 2
13 2
17 2
21 9
25 2
29 2
33 2
2 24
6 2
10 2
14 2
18 2
22 2
26 2
30 2
34 24
3 24
7 20
11 17
15 2
19 2
23 2
27 2
31 2
4 24
8 2
12 2
16 13
20 2
24 2
28 4
32 2
;


param ScenF :=
1 51.5542
59 117.731
117 105.189
175 61.4576
2 71.1252
60 111.373
118 119.241
176 63.1699
3 64.104
61 102.163
119 152.065
177 65.4557
4 57.8334
62 100.604
120 145.804
178 89.2704
5 55.7489
63 94.3102
121 0.196149
179 108.763
6 54.9921
64 94.4388
122 0
180 115.672
7 68.0816
65 96.0458
123 0.206185
181 81.2568
8 77.4742
66 98.5632
124 0
182 0.157195
9 120.774
67 112.295
125 0.193672
183 0.4942
10 136.638
68 122.68
126 0
184 0.171293
11 119.976
69 97.9345
127 15.495
185 0.2625
12 113.499
70 95.3531
128 39.282
186 0.195434
13 106.73
71 92.004
129 49.636
187 0.0892
14 103.258
72 79.8374
130 61.4905
188 0.222463
15 97.4594
73 45.9566
131 100.331
189 0.0001
16 97.3222
74 80.7766
132 108.627
190 0.237617
17 98.3764
75 77.2732
133 93.7374
191 0
18 96.0407
76 70.3349
134 79.8685
192 0.241718
19 108.03
77 57.8422
135 80.1702
193 0
20 112.06
78 66.9941
136 84.4059
194 110.326
21 96.2116
79 84.3219
137 87.7328
195 113.793
22 90.6127
80 105.08
138 83.746
196 88.2688
23 90.0632
81 146.97
139 82.1537
197 72.3497
24 72.4173
82 146.932
140 91.4105
198 0.232012
25 22.8345
83 141.997
141 116.064
199 0
26 27.8791
84 148.663
142 130.63
200 0.226244
27 32.5357
85 153.373
143 97.9891
201 0
28 33.5098
86 146.061
144 0.183014
202 0.244184
29 33.3807
87 143.139
145 0
203 0
30 31.8961
88 149.535
146 0.17608
204 0.270805
31 31.8046
89 144.46
147 0
205 0
32 23.3452
90 141.356
148 0.159844
206 0.277203
33 24.2363
91 163.694
149 0.0332
207 0
34 19.7344
92 181.732
150 0.108308
208 0
35 25.8397
93 184.476
151 0.2553
209 0
36 34.8063
94 159.56
152 88.6121
210 53.5525
37 40.3263
95 136.28
153 109.925
211 0
38 32.9604
96 122.378
154 114.386
212 0
39 32.1636
97 0.126658
155 105.371
213 6.47758
40 33.5286
98 0
156 97.7578
214 0
41 37.3321
99 0.160449
157 106.54
215 0
42 17.7367
100 0
158 107.896
216 0
43 0
101 52.907
159 112.009
217 3.4436
44 0
102 87.1706
160 116.315
218 6.14117
45 2.35983
103 84.3423
161 121.467
219 4.65307
46 7.91165
104 75.9122
162 147.515
220 8.24531
47 9.74442
105 74.9019
163 153.593
221 4.67688
48 5.11186
106 77.9207
164 131.968
222 0
49 53.5356
107 84.3011
165 0.102015
223 0
50 80.8727
108 93.9637
166 0.371
224 228.182
51 72.5872
109 121.864
167 0.123761
225 0
52 68.4894
110 134.319
168 0.4578
226 0
53 65.957
111 114.256
169 0.141362
227 0.305556
54 68.8188
112 106.956
170 0.566
228 0.426995
55 75.687
113 104.838
171 0.147018
229 1.37514
56 86.3318
114 116.53
172 0.6213
230 0.912814
57 124.71
115 115.287
173 59.0103
231 0.930763
58 132.247
116 107.87
174 60.31
;


param ScenO :=
1 86.82
48 40
95 80.1
142 81.01
189 0.003
2 66.01
49 86.82
96 77
143 72.12
190 0.341
3 66.01
50 77
97 0.142
144 0.071
191 0
4 52.24
51 72.7
98 0
145 0
192 0.352
5 50
52 80.66
99 0.139
146 0.05
193 0
6 49
53 78.64
100 0
147 0
194 72.7
7 51.73
54 76.42
101 82.82
148 0.042
195 72
8 60
55 65.49
102 66.01
149 0.006
196 61.6
9 73
56 60.1
103 60
150 0.038
197 48.47
10 77
57 73
104 60
151 0.072
198 0.347
11 75
58 81
105 60
152 57.97
199 0
12 74.28
59 74.01
106 60
153 84.77
200 0.36
13 70.21
60 73.58
107 59.65
154 78
201 0
14 60
61 70.11
108 60
155 77.77
202 0.388
15 52.76
62 59.99
109 66.07
156 65.21
203 0
16 53.99
63 52.72
110 84.7
157 60.1
204 0.407
17 70.2
64 53.99
111 76.99
158 52.76
205 0
18 84.82
65 70.2
112 79.28
159 52.99
206 0.45
19 82.1
66 79.84
113 72
160 59.45
207 0
20 91.01
67 72.45
114 66
161 70.21
208 0.485718
21 92.13
68 86.01
115 58.04
162 73.89
209 0.149371
22 90.88
69 86.06
116 56.54
163 81.91
210 0.508862
23 84.1
70 86.34
117 65.2
164 76.42
211 0.747703
24 77
71 79.1
118 76.34
165 0.031
212 0.8752
25 19.88
72 77
119 72.1
166 0.2
213 0.930408
26 36.96
73 86.77
120 81.46
167 0.077
214 0.78987
27 41.68
74 69.99
121 0.113
168 0.382
215 0.566833
28 41.48
75 68.27
122 0
169 0.122
216 0.725753
29 40.12
76 70.66
123 0.112
170 0.506
217 0.763117
30 39.36
77 74.53
124 0
171 0.147
218 0.7628
31 41.2
78 70.99
125 0.106
172 0.431
219 0.719978
32 40.12
79 70.3
126 0
173 61
220 1.28771
33 32.56
80 63
127 86.82
174 56.8
221 0.157
34 48.56
81 73
128 53.9
175 53.99
222 1.64727
35 53.44
82 87
129 51.72
176 57.12
223 1.60196
36 73
83 75.99
130 52.96
177 57.12
224 0.23661
37 78.2
84 77.78
131 58
178 65.68
225 0.523108
38 59.08
85 71.54
132 82
179 80.32
226 0.681121
39 58.4
86 62
133 75
180 82.57
227 0.673772
40 44.12
87 53.77
134 74.28
181 87
228 0.60241
41 60.04
88 54.55
135 70.21
182 0.156
229 0.690361
42 64.96
89 70.64
136 60.5
183 0.337
230 0.63698
43 50.8
90 84.82
137 53.26
184 0.176
231 0.612727
44 20.76
91 81.09
138 54.09
185 0.159
45 20.4
92 90
139 60.1
186 0.208
46 19.48
93 87.13
140 70.2
187 0.108
47 21.44
94 86.37
141 70.7
188 0.284
;


param Scen0 :=
1 1 89.909300
2 1 80.062900
3 1 68.198600
4 1 58.258700
5 1 55.199600
6 1 55.498300
7 1 76.190900
8 1 74.262700
9 1 128.358000
10 1 141.937000
11 1 120.422000
12 1 109.684000
13 1 109.877000
14 1 94.902600
15 1 90.901000
16 1 93.222300
17 1 106.270000
18 1 95.551700
19 1 113.185000
20 1 102.472000
21 1 99.351900
22 1 91.566200
23 1 76.141300
24 1 58.575600
25 1 26.565100
26 1 27.743300
27 1 29.920500
28 1 28.383600
29 1 27.821600
30 1 30.721900
31 1 32.631100
32 1 37.806900
33 1 37.410000
34 1 37.721300
35 1 23.132700
36 1 46.861100
37 1 45.490200
38 1 45.358200
39 1 42.153300
40 1 44.667800
41 1 37.860000
42 1 30.419300
43 1 0.000000
44 1 0.000000
45 1 0.000000
46 1 5.144290
47 1 5.759560
48 1 1.573650
49 1 94.102600
50 1 79.880800
51 1 76.503600
52 1 72.759800
53 1 71.496700
54 1 59.104400
55 1 78.474300
56 1 99.474700
57 1 125.200000
58 1 125.052000
59 1 124.537000
60 1 121.727000
61 1 118.245000
62 1 116.105000
63 1 106.694000
64 1 102.248000
65 1 105.507000
66 1 99.862400
67 1 121.594000
68 1 107.406000
69 1 97.163100
70 1 84.547500
71 1 83.762700
72 1 83.378600
73 1 80.272200
74 1 88.320600
75 1 86.330100
76 1 83.906700
77 1 72.449700
78 1 66.635700
79 1 93.304900
80 1 117.351000
81 1 150.644000
82 1 153.178000
83 1 143.064000
84 1 144.995000
85 1 152.403000
86 1 147.874000
87 1 149.512000
88 1 157.037000
89 1 145.082000
90 1 126.230000
91 1 167.248000
92 1 174.863000
93 1 185.734000
94 1 148.746000
95 1 128.962000
96 1 125.029000
97 1 0.133716
98 1 0.000000
99 1 0.184856
100 1 0.000000
101 1 91.125700
102 1 90.154900
103 1 87.855000
104 1 82.799300
105 1 75.241300
106 1 79.661000
107 1 98.276900
108 1 111.675000
109 1 112.881000
110 1 121.535000
111 1 116.044000
112 1 110.693000
113 1 105.743000
114 1 116.444000
115 1 119.923000
116 1 116.691000
117 1 110.094000
118 1 114.791000
119 1 160.647000
120 1 164.129000
121 1 0.229417
122 1 0.000000
123 1 0.227327
124 1 0.000000
125 1 0.159101
126 1 0.000000
127 1 30.865400
128 1 24.813500
129 1 46.591100
130 1 63.058500
131 1 89.270100
132 1 78.648100
133 1 69.527100
134 1 72.148600
135 1 67.241600
136 1 73.640300
137 1 84.335700
138 1 73.914600
139 1 73.741900
140 1 88.908900
141 1 115.971000
142 1 139.750000
143 1 134.061000
144 1 0.190044
145 1 0.000000
146 1 0.178138
147 1 0.000000
148 1 0.082111
149 1 0.043500
150 1 0.040832
151 1 0.286900
152 1 98.967100
153 1 83.852200
154 1 104.031000
155 1 98.013400
156 1 95.550000
157 1 106.541000
158 1 97.067500
159 1 95.385300
160 1 97.774500
161 1 108.252000
162 1 145.099000
163 1 169.415000
164 1 155.772000
165 1 0.087593
166 1 0.363100
167 1 0.169951
168 1 0.427600
169 1 0.182754
170 1 1.366300
171 1 0.149125
172 1 1.072000
173 1 52.732500
174 1 45.169400
175 1 43.745300
176 1 51.808200
177 1 58.149800
178 1 109.563000
179 1 112.457000
180 1 87.274100
181 1 118.429000
182 1 0.048640
183 1 0.561400
184 1 0.127352
185 1 0.218400
186 1 0.124895
187 1 0.023200
188 1 0.190176
189 1 0.000300
190 1 0.230415
191 1 0.000000
192 1 0.245367
193 1 0.000000
194 1 97.728900
195 1 103.571000
196 1 88.894000
197 1 77.574800
198 1 0.241879
199 1 0.000000
200 1 0.245350
201 1 0.000000
202 1 0.284138
203 1 0.000000
204 1 0.332736
205 1 0.000000
206 1 0.338368
207 1 0.000000
208 1 0.556539
209 1 0.000000
210 1 66.000300
211 1 0.417104
212 1 0.000000
213 1 5.256900
214 1 0.569255
215 1 0.701672
216 1 0.000000
217 1 2.815860
218 1 5.667320
219 1 4.567230
220 1 7.701890
221 1 2.717290
222 1 0.653693
223 1 187.917000
224 1 91.245900
225 1 0.000000
226 1 0.826771
227 1 0.349144
228 1 0.480476
229 1 1.341440
230 1 1.075280
231 1 0.934070
1 2 89.909300
2 2 80.062900
3 2 68.198600
4 2 58.258700
5 2 55.199600
6 2 55.498300
7 2 76.190900
8 2 74.262700
9 2 128.358000
10 2 141.937000
11 2 120.422000
12 2 109.684000
13 2 109.877000
14 2 94.902600
15 2 90.901000
16 2 93.222300
17 2 106.270000
18 2 95.551700
19 2 113.185000
20 2 102.472000
21 2 99.351900
22 2 91.566200
23 2 76.141300
24 2 58.575600
25 2 26.565100
26 2 27.743300
27 2 29.920500
28 2 28.383600
29 2 27.821600
30 2 30.721900
31 2 32.631100
32 2 37.806900
33 2 37.410000
34 2 37.721300
35 2 23.132700
36 2 46.861100
37 2 45.490200
38 2 45.358200
39 2 42.153300
40 2 44.667800
41 2 37.860000
42 2 30.419300
43 2 0.000000
44 2 0.000000
45 2 0.000000
46 2 5.144290
47 2 5.759560
48 2 1.573650
49 2 94.102600
50 2 79.880800
51 2 76.503600
52 2 72.759800
53 2 71.496700
54 2 59.104400
55 2 78.474300
56 2 99.474700
57 2 125.200000
58 2 125.052000
59 2 124.537000
60 2 121.727000
61 2 118.245000
62 2 116.105000
63 2 106.694000
64 2 102.248000
65 2 105.507000
66 2 99.862400
67 2 121.594000
68 2 107.406000
69 2 97.163100
70 2 84.547500
71 2 83.762700
72 2 83.378600
73 2 80.272200
74 2 88.320600
75 2 86.330100
76 2 83.906700
77 2 72.449700
78 2 66.635700
79 2 93.304900
80 2 117.351000
81 2 150.644000
82 2 153.178000
83 2 143.064000
84 2 144.995000
85 2 152.403000
86 2 147.874000
87 2 149.512000
88 2 157.037000
89 2 145.082000
90 2 126.230000
91 2 167.248000
92 2 174.863000
93 2 185.734000
94 2 148.746000
95 2 128.962000
96 2 125.029000
97 2 0.133716
98 2 0.000000
99 2 0.184856
100 2 0.000000
101 2 91.125700
102 2 90.154900
103 2 87.855000
104 2 82.799300
105 2 75.241300
106 2 79.661000
107 2 98.276900
108 2 111.675000
109 2 112.881000
110 2 121.535000
111 2 116.044000
112 2 110.693000
113 2 105.743000
114 2 116.444000
115 2 119.923000
116 2 116.691000
117 2 110.094000
118 2 114.791000
119 2 160.647000
120 2 164.129000
121 2 0.229417
122 2 0.000000
123 2 0.227327
124 2 0.000000
125 2 0.159101
126 2 0.000000
127 2 30.865400
128 2 24.813500
129 2 46.591100
130 2 63.058500
131 2 89.270100
132 2 78.648100
133 2 69.527100
134 2 72.148600
135 2 67.241600
136 2 73.640300
137 2 84.335700
138 2 73.914600
139 2 73.741900
140 2 88.908900
141 2 115.971000
142 2 139.750000
143 2 134.061000
144 2 0.190044
145 2 0.000000
146 2 0.178138
147 2 0.000000
148 2 0.082111
149 2 0.043500
150 2 0.040832
151 2 0.286900
152 2 98.967100
153 2 83.852200
154 2 104.031000
155 2 98.013400
156 2 95.550000
157 2 106.541000
158 2 97.067500
159 2 95.385300
160 2 97.774500
161 2 108.252000
162 2 145.099000
163 2 169.415000
164 2 155.772000
165 2 0.087593
166 2 0.363100
167 2 0.169951
168 2 0.427600
169 2 0.182754
170 2 1.366300
171 2 0.149125
172 2 1.072000
173 2 52.732500
174 2 45.169400
175 2 43.745300
176 2 51.808200
177 2 58.149800
178 2 109.563000
179 2 112.457000
180 2 87.274100
181 2 118.429000
182 2 0.048640
183 2 0.561400
184 2 0.127352
185 2 0.218400
186 2 0.124895
187 2 0.023200
188 2 0.190176
189 2 0.000300
190 2 0.230415
191 2 0.000000
192 2 0.245367
193 2 0.000000
194 2 97.728900
195 2 103.571000
196 2 88.894000
197 2 77.574800
198 2 0.241879
199 2 0.000000
200 2 0.245350
201 2 0.000000
202 2 0.284138
203 2 0.000000
204 2 0.332736
205 2 0.000000
206 2 0.338368
207 2 0.000000
208 2 0.556539
209 2 0.000000
210 2 66.000300
211 2 0.417104
212 2 0.000000
213 2 5.256900
214 2 0.569255
215 2 0.701672
216 2 0.000000
217 2 2.815860
218 2 5.667320
219 2 4.567230
220 2 7.701890
221 2 2.717290
222 2 0.653693
223 2 187.917000
224 2 91.245900
225 2 0.000000
226 2 0.826771
227 2 0.349144
228 2 0.480476
229 2 1.341440
230 2 1.075280
231 2 0.934070
1 3 89.909300
2 3 80.062900
3 3 68.198600
4 3 58.258700
5 3 55.199600
6 3 55.498300
7 3 76.190900
8 3 74.262700
9 3 128.358000
10 3 141.937000
11 3 120.422000
12 3 109.684000
13 3 109.877000
14 3 94.902600
15 3 90.901000
16 3 93.222300
17 3 106.270000
18 3 95.551700
19 3 113.185000
20 3 102.472000
21 3 99.351900
22 3 91.566200
23 3 76.141300
24 3 58.575600
25 3 26.565100
26 3 27.743300
27 3 29.920500
28 3 28.383600
29 3 27.821600
30 3 30.721900
31 3 32.631100
32 3 37.806900
33 3 37.410000
34 3 37.721300
35 3 23.132700
36 3 46.861100
37 3 45.490200
38 3 45.358200
39 3 42.153300
40 3 44.667800
41 3 37.860000
42 3 30.419300
43 3 0.000000
44 3 0.000000
45 3 0.000000
46 3 5.144290
47 3 5.759560
48 3 1.573650
49 3 94.102600
50 3 79.880800
51 3 76.503600
52 3 72.759800
53 3 71.496700
54 3 59.104400
55 3 78.474300
56 3 99.474700
57 3 125.200000
58 3 125.052000
59 3 124.537000
60 3 121.727000
61 3 118.245000
62 3 116.105000
63 3 106.694000
64 3 102.248000
65 3 105.507000
66 3 99.862400
67 3 121.594000
68 3 107.406000
69 3 97.163100
70 3 84.547500
71 3 83.762700
72 3 83.378600
73 3 80.272200
74 3 88.320600
75 3 86.330100
76 3 83.906700
77 3 72.449700
78 3 66.635700
79 3 93.304900
80 3 117.351000
81 3 150.644000
82 3 153.178000
83 3 143.064000
84 3 144.995000
85 3 152.403000
86 3 147.874000
87 3 149.512000
88 3 157.037000
89 3 145.082000
90 3 126.230000
91 3 167.248000
92 3 174.863000
93 3 185.734000
94 3 148.746000
95 3 128.962000
96 3 125.029000
97 3 0.133716
98 3 0.000000
99 3 0.184856
100 3 0.000000
101 3 91.125700
102 3 90.154900
103 3 87.855000
104 3 82.799300
105 3 75.241300
106 3 79.661000
107 3 98.276900
108 3 111.675000
109 3 112.881000
110 3 121.535000
111 3 116.044000
112 3 110.693000
113 3 105.743000
114 3 116.444000
115 3 119.923000
116 3 116.691000
117 3 110.094000
118 3 114.791000
119 3 160.647000
120 3 164.129000
121 3 0.229417
122 3 0.000000
123 3 0.227327
124 3 0.000000
125 3 0.159101
126 3 0.000000
127 3 30.865400
128 3 24.813500
129 3 46.591100
130 3 63.058500
131 3 89.270100
132 3 78.648100
133 3 69.527100
134 3 72.148600
135 3 67.241600
136 3 73.640300
137 3 84.335700
138 3 73.914600
139 3 73.741900
140 3 88.908900
141 3 115.971000
142 3 139.750000
143 3 134.061000
144 3 0.190044
145 3 0.000000
146 3 0.178138
147 3 0.000000
148 3 0.082111
149 3 0.043500
150 3 0.040832
151 3 0.286900
152 3 98.967100
153 3 83.852200
154 3 104.031000
155 3 98.013400
156 3 95.550000
157 3 106.541000
158 3 97.067500
159 3 95.385300
160 3 97.774500
161 3 108.252000
162 3 145.099000
163 3 169.415000
164 3 155.772000
165 3 0.087593
166 3 0.363100
167 3 0.113587
168 3 2.863600
169 3 0.102486
170 3 1.545600
171 3 0.091266
172 3 1.516500
173 3 72.089200
174 3 74.286800
175 3 75.479100
176 3 86.532200
177 3 81.075000
178 3 119.791000
179 3 105.906000
180 3 103.670000
181 3 109.688000
182 3 0.074639
183 3 0.946500
184 3 0.067324
185 3 0.393200
186 3 0.081651
187 3 0.035900
188 3 0.078496
189 3 0.000300
190 3 0.061925
191 3 0.000000
192 3 0.054062
193 3 0.000000
194 3 120.112000
195 3 118.903000
196 3 106.664000
197 3 80.760100
198 3 0.056882
199 3 0.000000
200 3 0.065800
201 3 0.000000
202 3 0.096606
203 3 0.000000
204 3 0.149295
205 3 0.000000
206 3 0.182989
207 3 0.000000
208 3 0.000000
209 3 0.000000
210 3 47.892100
211 3 0.000000
212 3 0.000000
213 3 5.080750
214 3 0.451930
215 3 0.000000
216 3 0.000000
217 3 3.490050
218 3 7.206490
219 3 5.864640
220 3 9.429930
221 3 3.726710
222 3 1.022990
223 3 68.660300
224 3 103.379000
225 3 0.000000
226 3 0.213519
227 3 0.749894
228 3 0.702860
229 3 1.327590
230 3 0.947350
231 3 0.754297
1 4 89.909300
2 4 80.062900
3 4 68.198600
4 4 58.258700
5 4 55.199600
6 4 55.498300
7 4 76.190900
8 4 74.262700
9 4 128.358000
10 4 141.937000
11 4 120.422000
12 4 109.684000
13 4 109.877000
14 4 94.902600
15 4 90.901000
16 4 93.222300
17 4 106.270000
18 4 95.551700
19 4 113.185000
20 4 102.472000
21 4 99.351900
22 4 91.566200
23 4 76.141300
24 4 58.575600
25 4 28.798600
26 4 34.149400
27 4 42.365700
28 4 51.213000
29 4 55.790700
30 4 49.274500
31 4 39.064500
32 4 23.773700
33 4 27.771800
34 4 25.675100
35 4 27.999600
36 4 27.290300
37 4 34.831100
38 4 28.350000
39 4 34.095400
40 4 30.475900
41 4 31.523400
42 4 23.613400
43 4 14.301500
44 4 11.888800
45 4 11.875100
46 4 18.436400
47 4 18.993000
48 4 16.066000
49 4 101.598000
50 4 72.588200
51 4 65.896300
52 4 65.326900
53 4 63.496000
54 4 64.944900
55 4 73.473400
56 4 88.284400
57 4 120.389000
58 4 129.383000
59 4 123.762000
60 4 111.877000
61 4 101.536000
62 4 98.732100
63 4 89.840800
64 4 83.185200
65 4 87.652000
66 4 98.385400
67 4 105.957000
68 4 116.445000
69 4 117.167000
70 4 111.332000
71 4 109.760000
72 4 99.052700
73 4 71.636600
74 4 80.455200
75 4 79.159500
76 4 72.606300
77 4 60.312200
78 4 63.555100
79 4 91.474500
80 4 119.215000
81 4 154.349000
82 4 156.910000
83 4 113.217000
84 4 134.447000
85 4 142.218000
86 4 135.918000
87 4 130.349000
88 4 140.654000
89 4 134.400000
90 4 130.026000
91 4 182.207000
92 4 214.522000
93 4 201.383000
94 4 182.416000
95 4 146.072000
96 4 146.467000
97 4 0.137367
98 4 0.000000
99 4 0.117467
100 4 0.000000
101 4 65.615300
102 4 80.801200
103 4 86.646800
104 4 78.859600
105 4 80.391100
106 4 88.148300
107 4 113.387000
108 4 128.550000
109 4 128.837000
110 4 130.405000
111 4 128.045000
112 4 102.807000
113 4 103.387000
114 4 103.105000
115 4 98.353800
116 4 100.455000
117 4 95.259900
118 4 95.612100
119 4 145.252000
120 4 164.383000
121 4 0.128360
122 4 0.000000
123 4 0.115739
124 4 0.000000
125 4 0.090461
126 4 0.000000
127 4 14.968900
128 4 20.665300
129 4 36.891800
130 4 68.434300
131 4 79.799600
132 4 69.146400
133 4 75.224000
134 4 74.253200
135 4 72.916600
136 4 89.214800
137 4 92.964500
138 4 78.933500
139 4 77.232300
140 4 89.242300
141 4 107.518000
142 4 124.073000
143 4 105.348000
144 4 0.076408
145 4 0.000000
146 4 0.061408
147 4 0.000000
148 4 0.022767
149 4 0.106200
150 4 0.000000
151 4 0.203700
152 4 115.964000
153 4 113.792000
154 4 122.820000
155 4 109.998000
156 4 110.211000
157 4 113.401000
158 4 118.126000
159 4 114.627000
160 4 121.669000
161 4 128.545000
162 4 144.457000
163 4 151.626000
164 4 137.361000
165 4 0.000000
166 4 0.176500
167 4 0.000000
168 4 0.087400
169 4 0.000000
170 4 0.181000
171 4 0.000000
172 4 0.371000
173 4 65.617600
174 4 67.582100
175 4 64.305700
176 4 73.291200
177 4 80.921400
178 4 102.062000
179 4 105.433000
180 4 100.954000
181 4 73.930200
182 4 0.000000
183 4 1.053900
184 4 0.000000
185 4 2.309400
186 4 0.000000
187 4 0.395600
188 4 0.001502
189 4 0.000700
190 4 0.001874
191 4 0.000000
192 4 0.004117
193 4 0.000000
194 4 121.536000
195 4 116.828000
196 4 86.572000
197 4 57.997600
198 4 0.001921
199 4 0.000000
200 4 0.009186
201 4 0.000000
202 4 0.042330
203 4 0.000000
204 4 0.080340
205 4 0.000000
206 4 0.099323
207 4 0.000000
208 4 0.291149
209 4 0.000000
210 4 46.143800
211 4 0.000000
212 4 0.000000
213 4 4.335000
214 4 0.881419
215 4 2.115770
216 4 0.124618
217 4 3.249900
218 4 6.578320
219 4 4.653050
220 4 7.828880
221 4 1.707500
222 4 0.319093
223 4 160.328000
224 4 37.257800
225 4 0.000000
226 4 0.164260
227 4 0.565730
228 4 0.339108
229 4 1.482930
230 4 1.044470
231 4 0.653436
1 5 89.909300
2 5 80.062900
3 5 68.198600
4 5 58.258700
5 5 55.199600
6 5 55.498300
7 5 76.190900
8 5 74.262700
9 5 128.358000
10 5 141.937000
11 5 120.422000
12 5 109.684000
13 5 109.877000
14 5 94.902600
15 5 90.901000
16 5 93.222300
17 5 106.270000
18 5 95.551700
19 5 113.185000
20 5 102.472000
21 5 99.351900
22 5 91.566200
23 5 76.141300
24 5 58.575600
25 5 28.798600
26 5 34.149400
27 5 42.365700
28 5 51.213000
29 5 55.790700
30 5 49.274500
31 5 39.064500
32 5 23.773700
33 5 27.771800
34 5 25.675100
35 5 27.999600
36 5 27.290300
37 5 34.831100
38 5 28.350000
39 5 34.095400
40 5 30.475900
41 5 31.523400
42 5 23.613400
43 5 14.301500
44 5 11.888800
45 5 11.875100
46 5 18.436400
47 5 18.993000
48 5 16.066000
49 5 93.113400
50 5 91.773700
51 5 83.399500
52 5 77.827500
53 5 76.482700
54 5 71.479000
55 5 80.247100
56 5 92.022300
57 5 131.189000
58 5 125.006000
59 5 117.941000
60 5 105.954000
61 5 102.333000
62 5 91.728300
63 5 84.473400
64 5 82.866200
65 5 82.878900
66 5 88.869700
67 5 114.316000
68 5 106.385000
69 5 97.291500
70 5 87.462400
71 5 74.307000
72 5 61.452900
73 5 69.899400
74 5 89.596900
75 5 87.468900
76 5 80.757300
77 5 64.385900
78 5 69.493200
79 5 78.482100
80 5 107.585000
81 5 153.671000
82 5 155.704000
83 5 146.372000
84 5 151.312000
85 5 154.006000
86 5 141.006000
87 5 134.127000
88 5 148.296000
89 5 130.006000
90 5 136.896000
91 5 162.779000
92 5 162.138000
93 5 166.366000
94 5 135.681000
95 5 113.620000
96 5 103.079000
97 5 0.118534
98 5 0.000000
99 5 0.137584
100 5 0.000000
101 5 83.242800
102 5 85.967700
103 5 72.782600
104 5 68.171000
105 5 61.370600
106 5 64.858000
107 5 81.178400
108 5 99.990900
109 5 109.293000
110 5 118.711000
111 5 114.235000
112 5 124.985000
113 5 129.259000
114 5 134.715000
115 5 130.394000
116 5 131.818000
117 5 116.750000
118 5 132.068000
119 5 168.456000
120 5 158.938000
121 5 0.186910
122 5 0.000000
123 5 0.232238
124 5 0.000000
125 5 0.264214
126 5 0.000000
127 5 34.333300
128 5 20.901800
129 5 50.630600
130 5 77.789800
131 5 95.284900
132 5 97.170400
133 5 87.446500
134 5 81.342500
135 5 74.172300
136 5 82.653100
137 5 83.885200
138 5 77.589100
139 5 76.102000
140 5 80.498300
141 5 106.422000
142 5 119.329000
143 5 130.789000
144 5 0.288221
145 5 0.000000
146 5 0.267670
147 5 0.000000
148 5 0.213697
149 5 0.010000
150 5 0.115737
151 5 0.299000
152 5 104.146000
153 5 115.161000
154 5 101.829000
155 5 107.027000
156 5 116.234000
157 5 91.161700
158 5 99.208500
159 5 98.972300
160 5 99.585800
161 5 115.509000
162 5 140.539000
163 5 141.898000
164 5 135.690000
165 5 0.062665
166 5 0.805300
167 5 0.058205
168 5 2.001600
169 5 0.076889
170 5 0.439400
171 5 0.055701
172 5 0.181900
173 5 41.702400
174 5 46.306200
175 5 34.209500
176 5 42.138200
177 5 78.255600
178 5 74.297400
179 5 76.626700
180 5 104.165000
181 5 123.119000
182 5 0.033980
183 5 0.364500
184 5 0.021886
185 5 0.220300
186 5 0.036145
187 5 0.092000
188 5 0.073964
189 5 0.000000
190 5 0.114252
191 5 0.000000
192 5 0.140264
193 5 0.000000
194 5 88.221600
195 5 141.388000
196 5 125.826000
197 5 98.363300
198 5 0.168577
199 5 0.000000
200 5 0.210998
201 5 0.000000
202 5 0.243719
203 5 0.000000
204 5 0.265760
205 5 0.000000
206 5 0.299106
207 5 0.000000
208 5 0.232007
209 5 0.000000
210 5 60.916500
211 5 0.000000
212 5 0.322274
213 5 4.680010
214 5 0.139508
215 5 0.000000
216 5 0.000000
217 5 2.603500
218 5 6.369410
219 5 5.124670
220 5 8.346010
221 5 3.081530
222 5 0.177302
223 5 125.998000
224 5 178.592000
225 5 0.000000
226 5 0.295114
227 5 0.879264
228 5 1.120850
229 5 1.370770
230 5 1.051340
231 5 0.810313
1 6 89.909300
2 6 80.062900
3 6 68.198600
4 6 58.258700
5 6 55.199600
6 6 55.498300
7 6 76.190900
8 6 74.262700
9 6 128.358000
10 6 141.937000
11 6 120.422000
12 6 109.684000
13 6 109.877000
14 6 94.902600
15 6 90.901000
16 6 93.222300
17 6 106.270000
18 6 95.551700
19 6 113.185000
20 6 102.472000
21 6 99.351900
22 6 91.566200
23 6 76.141300
24 6 58.575600
25 6 28.798600
26 6 34.149400
27 6 42.365700
28 6 51.213000
29 6 55.790700
30 6 49.274500
31 6 39.064500
32 6 23.773700
33 6 27.771800
34 6 25.675100
35 6 27.999600
36 6 27.290300
37 6 34.831100
38 6 28.350000
39 6 34.095400
40 6 30.475900
41 6 31.523400
42 6 23.613400
43 6 14.301500
44 6 11.888800
45 6 11.875100
46 6 18.436400
47 6 18.993000
48 6 16.066000
49 6 101.598000
50 6 72.588200
51 6 65.896300
52 6 65.326900
53 6 63.496000
54 6 64.944900
55 6 73.473400
56 6 88.284400
57 6 120.389000
58 6 129.383000
59 6 123.762000
60 6 111.877000
61 6 101.536000
62 6 98.732100
63 6 89.840800
64 6 83.185200
65 6 87.652000
66 6 98.385400
67 6 105.957000
68 6 116.445000
69 6 117.167000
70 6 111.332000
71 6 109.760000
72 6 99.052700
73 6 71.636600
74 6 80.455200
75 6 79.159500
76 6 72.606300
77 6 60.312200
78 6 63.555100
79 6 91.474500
80 6 119.215000
81 6 154.349000
82 6 156.910000
83 6 113.217000
84 6 134.447000
85 6 142.218000
86 6 135.918000
87 6 130.349000
88 6 140.654000
89 6 134.400000
90 6 130.026000
91 6 182.207000
92 6 214.522000
93 6 201.383000
94 6 182.416000
95 6 146.072000
96 6 146.467000
97 6 0.105537
98 6 0.000000
99 6 0.102452
100 6 0.000000
101 6 88.192700
102 6 90.576900
103 6 91.033200
104 6 85.452200
105 6 82.956400
106 6 93.982400
107 6 106.526000
108 6 116.540000
109 6 145.054000
110 6 156.642000
111 6 138.566000
112 6 135.489000
113 6 135.432000
114 6 139.483000
115 6 136.581000
116 6 132.507000
117 6 127.560000
118 6 149.326000
119 6 175.023000
120 6 188.934000
121 6 0.293446
122 6 0.000000
123 6 0.305835
124 6 0.000000
125 6 0.299292
126 6 0.000000
127 6 21.439900
128 6 9.795660
129 6 17.918200
130 6 54.391100
131 6 91.991200
132 6 113.395000
133 6 101.644000
134 6 92.824300
135 6 82.046700
136 6 82.142100
137 6 83.601500
138 6 74.270500
139 6 69.731400
140 6 81.440800
141 6 97.440200
142 6 109.222000
143 6 106.956000
144 6 0.301258
145 6 0.000000
146 6 0.298758
147 6 0.000000
148 6 0.278268
149 6 0.092400
150 6 0.223480
151 6 0.488100
152 6 132.953000
153 6 95.986400
154 6 89.499200
155 6 107.677000
156 6 67.801800
157 6 77.098400
158 6 64.073300
159 6 59.480700
160 6 74.056100
161 6 79.272100
162 6 97.064400
163 6 110.597000
164 6 126.091000
165 6 0.255539
166 6 0.399000
167 6 0.310620
168 6 0.341100
169 6 0.345463
170 6 1.168000
171 6 0.369221
172 6 0.122300
173 6 91.850400
174 6 89.850200
175 6 90.024800
176 6 74.343400
177 6 100.931000
178 6 109.272000
179 6 118.950000
180 6 113.761000
181 6 111.670000
182 6 0.374045
183 6 0.410100
184 6 0.393632
185 6 0.365000
186 6 0.413642
187 6 0.023700
188 6 0.425769
189 6 0.000300
190 6 0.406770
191 6 0.000000
192 6 0.379893
193 6 0.000000
194 6 130.175000
195 6 137.905000
196 6 120.283000
197 6 74.252400
198 6 0.329469
199 6 0.000000
200 6 0.276476
201 6 0.000000
202 6 0.260252
203 6 0.000000
204 6 0.238447
205 6 0.000000
206 6 0.249444
207 6 0.000000
208 6 0.400909
209 6 0.000000
210 6 60.941100
211 6 0.209362
212 6 0.000000
213 6 5.594110
214 6 0.321580
215 6 0.000000
216 6 0.119335
217 6 3.725100
218 6 8.560740
219 6 7.378750
220 6 10.969400
221 6 2.090210
222 6 0.000000
223 6 137.891000
224 6 94.611500
225 6 0.000000
226 6 0.000000
227 6 0.800868
228 6 0.722047
229 6 1.432570
230 6 1.094000
231 6 0.855147
1 7 89.909300
2 7 80.062900
3 7 68.198600
4 7 58.258700
5 7 55.199600
6 7 55.498300
7 7 76.190900
8 7 74.262700
9 7 128.358000
10 7 141.937000
11 7 120.422000
12 7 109.684000
13 7 109.877000
14 7 94.902600
15 7 90.901000
16 7 93.222300
17 7 106.270000
18 7 95.551700
19 7 113.185000
20 7 102.472000
21 7 99.351900
22 7 91.566200
23 7 76.141300
24 7 58.575600
25 7 26.565100
26 7 27.743300
27 7 29.920500
28 7 28.383600
29 7 27.821600
30 7 30.721900
31 7 32.631100
32 7 37.806900
33 7 37.410000
34 7 37.721300
35 7 23.132700
36 7 46.861100
37 7 45.490200
38 7 45.358200
39 7 42.153300
40 7 44.667800
41 7 37.860000
42 7 30.419300
43 7 0.000000
44 7 0.000000
45 7 0.000000
46 7 5.144290
47 7 5.759560
48 7 1.573650
49 7 94.102600
50 7 79.880800
51 7 76.503600
52 7 72.759800
53 7 71.496700
54 7 59.104400
55 7 78.474300
56 7 99.474700
57 7 125.200000
58 7 125.052000
59 7 124.537000
60 7 121.727000
61 7 118.245000
62 7 116.105000
63 7 106.694000
64 7 102.248000
65 7 105.507000
66 7 99.862400
67 7 121.594000
68 7 107.406000
69 7 97.163100
70 7 84.547500
71 7 83.762700
72 7 83.378600
73 7 80.272200
74 7 88.320600
75 7 86.330100
76 7 83.906700
77 7 72.449700
78 7 66.635700
79 7 93.304900
80 7 117.351000
81 7 150.644000
82 7 153.178000
83 7 143.064000
84 7 144.995000
85 7 152.403000
86 7 147.874000
87 7 149.512000
88 7 157.037000
89 7 145.082000
90 7 126.230000
91 7 167.248000
92 7 174.863000
93 7 185.734000
94 7 148.746000
95 7 128.962000
96 7 125.029000
97 7 0.133716
98 7 0.000000
99 7 0.184856
100 7 0.000000
101 7 91.125700
102 7 90.154900
103 7 87.855000
104 7 82.799300
105 7 75.241300
106 7 79.661000
107 7 98.276900
108 7 111.675000
109 7 112.881000
110 7 121.535000
111 7 116.044000
112 7 110.693000
113 7 105.743000
114 7 116.444000
115 7 119.923000
116 7 116.691000
117 7 110.094000
118 7 114.791000
119 7 160.647000
120 7 164.129000
121 7 0.229417
122 7 0.000000
123 7 0.227327
124 7 0.000000
125 7 0.159101
126 7 0.000000
127 7 30.865400
128 7 24.813500
129 7 46.591100
130 7 63.058500
131 7 89.270100
132 7 78.648100
133 7 69.527100
134 7 72.148600
135 7 67.241600
136 7 73.640300
137 7 84.335700
138 7 73.914600
139 7 73.741900
140 7 88.908900
141 7 115.971000
142 7 139.750000
143 7 134.061000
144 7 0.190044
145 7 0.000000
146 7 0.178138
147 7 0.000000
148 7 0.082111
149 7 0.043500
150 7 0.040832
151 7 0.286900
152 7 98.967100
153 7 83.852200
154 7 104.031000
155 7 98.013400
156 7 95.550000
157 7 106.541000
158 7 97.067500
159 7 95.385300
160 7 97.774500
161 7 108.252000
162 7 145.099000
163 7 169.415000
164 7 155.772000
165 7 0.087593
166 7 0.363100
167 7 0.113587
168 7 2.863600
169 7 0.102486
170 7 1.545600
171 7 0.091266
172 7 1.516500
173 7 72.089200
174 7 74.286800
175 7 75.479100
176 7 86.532200
177 7 81.075000
178 7 119.791000
179 7 105.906000
180 7 103.670000
181 7 109.688000
182 7 0.074639
183 7 0.946500
184 7 0.067324
185 7 0.393200
186 7 0.081651
187 7 0.035900
188 7 0.078496
189 7 0.000300
190 7 0.061925
191 7 0.000000
192 7 0.054062
193 7 0.000000
194 7 120.112000
195 7 118.903000
196 7 106.664000
197 7 80.760100
198 7 0.056882
199 7 0.000000
200 7 0.065800
201 7 0.000000
202 7 0.096606
203 7 0.000000
204 7 0.149295
205 7 0.000000
206 7 0.182989
207 7 0.000000
208 7 0.000000
209 7 0.000000
210 7 47.892100
211 7 0.000000
212 7 0.000000
213 7 5.080750
214 7 0.451930
215 7 0.000000
216 7 0.000000
217 7 3.490050
218 7 7.206490
219 7 5.864640
220 7 9.429930
221 7 3.726710
222 7 1.022990
223 7 68.660300
224 7 103.379000
225 7 0.000000
226 7 0.213519
227 7 0.749894
228 7 0.702860
229 7 1.327590
230 7 0.947350
231 7 0.754297
1 8 89.909300
2 8 80.062900
3 8 68.198600
4 8 58.258700
5 8 55.199600
6 8 55.498300
7 8 76.190900
8 8 74.262700
9 8 128.358000
10 8 141.937000
11 8 120.422000
12 8 109.684000
13 8 109.877000
14 8 94.902600
15 8 90.901000
16 8 93.222300
17 8 106.270000
18 8 95.551700
19 8 113.185000
20 8 102.472000
21 8 99.351900
22 8 91.566200
23 8 76.141300
24 8 58.575600
25 8 26.565100
26 8 27.743300
27 8 29.920500
28 8 28.383600
29 8 27.821600
30 8 30.721900
31 8 32.631100
32 8 37.806900
33 8 37.410000
34 8 37.721300
35 8 23.132700
36 8 46.861100
37 8 45.490200
38 8 45.358200
39 8 42.153300
40 8 44.667800
41 8 37.860000
42 8 30.419300
43 8 0.000000
44 8 0.000000
45 8 0.000000
46 8 5.144290
47 8 5.759560
48 8 1.573650
49 8 94.102600
50 8 79.880800
51 8 76.503600
52 8 72.759800
53 8 71.496700
54 8 59.104400
55 8 78.474300
56 8 99.474700
57 8 125.200000
58 8 125.052000
59 8 124.537000
60 8 121.727000
61 8 118.245000
62 8 116.105000
63 8 106.694000
64 8 102.248000
65 8 105.507000
66 8 99.862400
67 8 121.594000
68 8 107.406000
69 8 97.163100
70 8 84.547500
71 8 83.762700
72 8 83.378600
73 8 80.272200
74 8 88.320600
75 8 86.330100
76 8 83.906700
77 8 72.449700
78 8 66.635700
79 8 93.304900
80 8 117.351000
81 8 150.644000
82 8 153.178000
83 8 143.064000
84 8 144.995000
85 8 152.403000
86 8 147.874000
87 8 149.512000
88 8 157.037000
89 8 145.082000
90 8 126.230000
91 8 167.248000
92 8 174.863000
93 8 185.734000
94 8 148.746000
95 8 128.962000
96 8 125.029000
97 8 0.133716
98 8 0.000000
99 8 0.184856
100 8 0.000000
101 8 91.125700
102 8 90.154900
103 8 87.855000
104 8 82.799300
105 8 75.241300
106 8 79.661000
107 8 98.276900
108 8 111.675000
109 8 112.881000
110 8 121.535000
111 8 116.044000
112 8 110.693000
113 8 105.743000
114 8 116.444000
115 8 119.923000
116 8 116.691000
117 8 110.094000
118 8 114.791000
119 8 160.647000
120 8 164.129000
121 8 0.229417
122 8 0.000000
123 8 0.227327
124 8 0.000000
125 8 0.159101
126 8 0.000000
127 8 30.865400
128 8 24.813500
129 8 46.591100
130 8 63.058500
131 8 89.270100
132 8 78.648100
133 8 69.527100
134 8 72.148600
135 8 67.241600
136 8 73.640300
137 8 84.335700
138 8 73.914600
139 8 73.741900
140 8 88.908900
141 8 115.971000
142 8 139.750000
143 8 134.061000
144 8 0.190044
145 8 0.000000
146 8 0.178138
147 8 0.000000
148 8 0.082111
149 8 0.043500
150 8 0.040832
151 8 0.286900
152 8 98.967100
153 8 83.852200
154 8 104.031000
155 8 98.013400
156 8 95.550000
157 8 106.541000
158 8 97.067500
159 8 95.385300
160 8 97.774500
161 8 108.252000
162 8 145.099000
163 8 169.415000
164 8 155.772000
165 8 0.087593
166 8 0.363100
167 8 0.169951
168 8 0.427600
169 8 0.182754
170 8 1.366300
171 8 0.149125
172 8 1.072000
173 8 52.732500
174 8 45.169400
175 8 43.745300
176 8 51.808200
177 8 58.149800
178 8 109.563000
179 8 112.457000
180 8 87.274100
181 8 118.429000
182 8 0.048640
183 8 0.561400
184 8 0.127352
185 8 0.218400
186 8 0.124895
187 8 0.023200
188 8 0.190176
189 8 0.000300
190 8 0.230415
191 8 0.000000
192 8 0.245367
193 8 0.000000
194 8 97.728900
195 8 103.571000
196 8 88.894000
197 8 77.574800
198 8 0.241879
199 8 0.000000
200 8 0.245350
201 8 0.000000
202 8 0.284138
203 8 0.000000
204 8 0.332736
205 8 0.000000
206 8 0.338368
207 8 0.000000
208 8 0.556539
209 8 0.000000
210 8 66.000300
211 8 0.417104
212 8 0.000000
213 8 5.256900
214 8 0.569255
215 8 0.701672
216 8 0.000000
217 8 2.815860
218 8 5.667320
219 8 4.567230
220 8 7.701890
221 8 2.717290
222 8 0.653693
223 8 187.917000
224 8 91.245900
225 8 0.000000
226 8 0.826771
227 8 0.349144
228 8 0.480476
229 8 1.341440
230 8 1.075280
231 8 0.934070
1 9 89.909300
2 9 80.062900
3 9 68.198600
4 9 58.258700
5 9 55.199600
6 9 55.498300
7 9 76.190900
8 9 74.262700
9 9 128.358000
10 9 141.937000
11 9 120.422000
12 9 109.684000
13 9 109.877000
14 9 94.902600
15 9 90.901000
16 9 93.222300
17 9 106.270000
18 9 95.551700
19 9 113.185000
20 9 102.472000
21 9 99.351900
22 9 91.566200
23 9 76.141300
24 9 58.575600
25 9 28.798600
26 9 34.149400
27 9 42.365700
28 9 51.213000
29 9 55.790700
30 9 49.274500
31 9 39.064500
32 9 23.773700
33 9 27.771800
34 9 25.675100
35 9 27.999600
36 9 27.290300
37 9 34.831100
38 9 28.350000
39 9 34.095400
40 9 30.475900
41 9 31.523400
42 9 23.613400
43 9 14.301500
44 9 11.888800
45 9 11.875100
46 9 18.436400
47 9 18.993000
48 9 16.066000
49 9 91.875600
50 9 74.789900
51 9 67.132900
52 9 62.961700
53 9 57.298200
54 9 57.364300
55 9 68.885800
56 9 102.369000
57 9 125.658000
58 9 109.326000
59 9 107.846000
60 9 108.653000
61 9 107.104000
62 9 103.882000
63 9 98.571300
64 9 101.623000
65 9 112.068000
66 9 124.508000
67 9 117.426000
68 9 110.115000
69 9 106.231000
70 9 119.609000
71 9 106.106000
72 9 87.547600
73 9 71.260400
74 9 72.193700
75 9 66.848500
76 9 57.655800
77 9 44.114100
78 9 52.000500
79 9 70.659400
80 9 93.158600
81 9 126.286000
82 9 122.556000
83 9 111.279000
84 9 115.371000
85 9 121.852000
86 9 115.545000
87 9 114.860000
88 9 122.715000
89 9 125.286000
90 9 134.635000
91 9 154.696000
92 9 169.100000
93 9 174.971000
94 9 164.365000
95 9 135.803000
96 9 116.790000
97 9 0.123078
98 9 0.000000
99 9 0.139777
100 9 0.000000
101 9 82.625300
102 9 91.582700
103 9 88.293000
104 9 81.974500
105 9 74.040000
106 9 79.115000
107 9 104.353000
108 9 125.627000
109 9 128.898000
110 9 118.474000
111 9 109.085000
112 9 110.181000
113 9 114.638000
114 9 120.994000
115 9 126.157000
116 9 125.457000
117 9 111.586000
118 9 114.230000
119 9 157.277000
120 9 160.705000
121 9 0.167951
122 9 0.000000
123 9 0.162027
124 9 0.000000
125 9 0.136534
126 9 0.000000
127 9 33.367600
128 9 22.442300
129 9 73.141800
130 9 93.072600
131 9 139.256000
132 9 144.964000
133 9 131.009000
134 9 127.326000
135 9 124.370000
136 9 133.346000
137 9 132.696000
138 9 119.781000
139 9 114.433000
140 9 126.668000
141 9 145.907000
142 9 167.753000
143 9 185.601000
144 9 0.141919
145 9 0.000000
146 9 0.152106
147 9 0.000000
148 9 0.135256
149 9 0.053200
150 9 0.077978
151 9 0.481300
152 9 85.825500
153 9 83.818000
154 9 89.393600
155 9 97.220300
156 9 86.291300
157 9 91.165400
158 9 94.873500
159 9 96.775200
160 9 99.981000
161 9 100.402000
162 9 113.755000
163 9 146.220000
164 9 142.708000
165 9 0.055041
166 9 0.408500
167 9 0.060209
168 9 0.291200
169 9 0.050278
170 9 0.630500
171 9 0.036318
172 9 0.130200
173 9 93.562000
174 9 81.338400
175 9 93.398700
176 9 99.524300
177 9 102.760000
178 9 114.423000
179 9 132.578000
180 9 179.325000
181 9 139.469000
182 9 0.041836
183 9 0.106900
184 9 0.047141
185 9 0.082000
186 9 0.052124
187 9 0.042300
188 9 0.082971
189 9 0.000100
190 9 0.121364
191 9 0.000000
192 9 0.160512
193 9 0.000000
194 9 128.142000
195 9 134.410000
196 9 116.990000
197 9 78.200000
198 9 0.170196
199 9 0.000000
200 9 0.156262
201 9 0.000000
202 9 0.148332
203 9 0.000000
204 9 0.155695
205 9 0.000000
206 9 0.162280
207 9 0.000000
208 9 0.331668
209 9 0.000000
210 9 54.814600
211 9 0.000000
212 9 0.000000
213 9 4.937200
214 9 0.493176
215 9 0.000000
216 9 0.000000
217 9 3.022550
218 9 6.361880
219 9 5.093970
220 9 8.666360
221 9 1.921150
222 9 0.326708
223 9 225.085000
224 9 94.185800
225 9 0.000000
226 9 0.352224
227 9 0.726332
228 9 0.894982
229 9 1.402390
230 9 1.050470
231 9 0.684386
1 10 89.909300
2 10 80.062900
3 10 68.198600
4 10 58.258700
5 10 55.199600
6 10 55.498300
7 10 76.190900
8 10 74.262700
9 10 128.358000
10 10 141.937000
11 10 120.422000
12 10 109.684000
13 10 109.877000
14 10 94.902600
15 10 90.901000
16 10 93.222300
17 10 106.270000
18 10 95.551700
19 10 113.185000
20 10 102.472000
21 10 99.351900
22 10 91.566200
23 10 76.141300
24 10 58.575600
25 10 28.798600
26 10 34.149400
27 10 42.365700
28 10 51.213000
29 10 55.790700
30 10 49.274500
31 10 39.064500
32 10 23.773700
33 10 27.771800
34 10 25.675100
35 10 27.999600
36 10 27.290300
37 10 34.831100
38 10 28.350000
39 10 34.095400
40 10 30.475900
41 10 31.523400
42 10 23.613400
43 10 14.301500
44 10 11.888800
45 10 11.875100
46 10 18.436400
47 10 18.993000
48 10 16.066000
49 10 101.598000
50 10 72.588200
51 10 65.896300
52 10 65.326900
53 10 63.496000
54 10 64.944900
55 10 73.473400
56 10 88.284400
57 10 120.389000
58 10 129.383000
59 10 123.762000
60 10 111.877000
61 10 101.536000
62 10 98.732100
63 10 89.840800
64 10 83.185200
65 10 87.652000
66 10 98.385400
67 10 105.957000
68 10 116.445000
69 10 117.167000
70 10 111.332000
71 10 109.760000
72 10 99.052700
73 10 71.636600
74 10 80.455200
75 10 79.159500
76 10 72.606300
77 10 60.312200
78 10 63.555100
79 10 91.474500
80 10 119.215000
81 10 154.349000
82 10 156.910000
83 10 113.217000
84 10 134.447000
85 10 142.218000
86 10 135.918000
87 10 130.349000
88 10 140.654000
89 10 134.400000
90 10 130.026000
91 10 182.207000
92 10 214.522000
93 10 201.383000
94 10 182.416000
95 10 146.072000
96 10 146.467000
97 10 0.137367
98 10 0.000000
99 10 0.184573
100 10 0.000000
101 10 100.038000
102 10 87.863500
103 10 79.369900
104 10 66.428800
105 10 70.393600
106 10 73.258200
107 10 102.590000
108 10 114.920000
109 10 120.598000
110 10 126.138000
111 10 88.868700
112 10 87.656800
113 10 80.728800
114 10 89.728300
115 10 95.216800
116 10 96.623800
117 10 82.650200
118 10 83.490700
119 10 155.510000
120 10 179.430000
121 10 0.215553
122 10 0.000000
123 10 0.223894
124 10 0.000000
125 10 0.214144
126 10 0.000000
127 10 68.042900
128 10 23.015500
129 10 33.638700
130 10 70.641400
131 10 97.902200
132 10 105.265000
133 10 98.519300
134 10 92.369900
135 10 88.674200
136 10 92.551900
137 10 92.392200
138 10 87.738400
139 10 85.402300
140 10 97.495800
141 10 104.140000
142 10 108.151000
143 10 104.721000
144 10 0.198040
145 10 0.000000
146 10 0.201018
147 10 0.000000
148 10 0.183036
149 10 0.011600
150 10 0.176150
151 10 0.617100
152 10 90.823100
153 10 85.795600
154 10 56.398800
155 10 45.854500
156 10 57.619900
157 10 66.072300
158 10 65.978200
159 10 131.074000
160 10 141.838000
161 10 149.084000
162 10 176.474000
163 10 170.244000
164 10 164.246000
165 10 0.220369
166 10 3.030700
167 10 0.295649
168 10 0.072800
169 10 0.358290
170 10 1.974300
171 10 0.387815
172 10 0.207100
173 10 69.282100
174 10 68.624800
175 10 67.901800
176 10 69.340600
177 10 71.942100
178 10 81.565900
179 10 93.466800
180 10 89.397800
181 10 85.026800
182 10 0.401564
183 10 0.280600
184 10 0.416320
185 10 0.312000
186 10 0.417135
187 10 0.106100
188 10 0.393033
189 10 0.000400
190 10 0.402658
191 10 0.000000
192 10 0.420792
193 10 0.000000
194 10 120.075000
195 10 118.913000
196 10 89.933300
197 10 71.809600
198 10 0.404750
199 10 0.000000
200 10 0.376920
201 10 0.000000
202 10 0.376061
203 10 0.000000
204 10 0.404596
205 10 0.000000
206 10 0.426620
207 10 0.000000
208 10 0.567829
209 10 0.000000
210 10 55.531500
211 10 0.330369
212 10 0.959646
213 10 5.704360
214 10 0.000000
215 10 0.219207
216 10 0.000000
217 10 2.892290
218 10 1.835090
219 10 0.000000
220 10 3.300740
221 10 3.394480
222 10 1.096420
223 10 135.332000
224 10 191.378000
225 10 0.239882
226 10 0.922580
227 10 0.616409
228 10 0.813873
229 10 1.257790
230 10 0.968994
231 10 0.711114
;

param Prob0 :=
1	0.000
2	0.000
3	0.200
4	0.100
5	0.100
6	0.100
7	0.000
8	0.300
9	0.100
10	0.100
;
set c[0,5] := 5 1 2 3 4 6 7 8 9 10;
set c[1,5] := 5 1 2 3 4 6 7 8 9 10;
set c[2,9] := 9 5 4 6 10;
set c[2,1] := 1 2 3 7 8;
set c[3,2] := 2 1 3 7 8;
set c[3,6] := 6 4 10;
set c[3,5] := 5;
set c[3,9] := 9;
set c[4,10] := 10 6 4;
set c[4,9] := 9;
set c[4,5] := 5;
set c[4,2] := 2 1 3 7 8;
set c[5,5] := 5;
set c[5,9] := 9;
set c[5,1] := 1 2 3 7 8;
set c[5,10] := 10 4;
set c[5,6] := 6;
set c[6,6] := 6;
set c[6,1] := 1 2 3 7 8;
set c[6,9] := 9;
set c[6,10] := 10;
set c[6,4] := 4;
set c[6,5] := 5;
set c[7,2] := 2 1 3 7 8;
set c[7,5] := 5;
set c[7,4] := 4;
set c[7,10] := 10;
set c[7,9] := 9;
set c[7,6] := 6;
set c[8,10] := 10;
set c[8,5] := 5;
set c[8,4] := 4;
set c[8,9] := 9;
set c[8,6] := 6;
set c[8,2] := 2 1 3 7 8;
set c[9,6] := 6;
set c[9,4] := 4;
set c[9,5] := 5;
set c[9,1] := 1 2 3 7 8;
set c[9,9] := 9;
set c[9,10] := 10;
set c[10,9] := 9;
set c[10,5] := 5;
set c[10,10] := 10;
set c[10,1] := 1 2 3 7 8;
set c[10,4] := 4;
set c[10,6] := 6;
set c[11,10] := 10;
set c[11,5] := 5;
set c[11,1] := 1 2 3 7 8;
set c[11,6] := 6;
set c[11,4] := 4;
set c[11,9] := 9;
set c[12,4] := 4;
set c[12,6] := 6;
set c[12,5] := 5;
set c[12,9] := 9;
set c[12,2] := 2 1 3 7 8;
set c[12,10] := 10;
set c[13,10] := 10;
set c[13,9] := 9;
set c[13,2] := 2 1 3 7 8;
set c[13,6] := 6;
set c[13,5] := 5;
set c[13,4] := 4;
set c[14,4] := 4;
set c[14,7] := 7 2 1 3 8;
set c[14,9] := 9;
set c[14,6] := 6;
set c[14,5] := 5;
set c[14,10] := 10;
set c[15,10] := 10;
set c[15,9] := 9;
set c[15,5] := 5;
set c[15,8] := 8 7 2 1 3;
set c[15,6] := 6;
set c[15,4] := 4;
set c[16,9] := 9;
set c[16,4] := 4;
set c[16,5] := 5;
set c[16,7] := 7 8 2 1 3;
set c[16,6] := 6;
set c[16,10] := 10;
set c[17,10] := 10;
set c[17,4] := 4;
set c[17,5] := 5;
set c[17,6] := 6;
set c[17,8] := 8 7 2 1 3;
set c[17,9] := 9;
set c[18,5] := 5;
set c[18,6] := 6;
set c[18,3] := 3 7;
set c[18,2] := 2 8 1;
set c[18,9] := 9;
set c[18,4] := 4;
set c[18,10] := 10;
set c[19,9] := 9;
set c[19,4] := 4;
set c[19,8] := 8 2 1;
set c[19,3] := 3 7;
set c[19,10] := 10;
set c[19,6] := 6;
set c[19,5] := 5;
set c[20,6] := 6;
set c[20,4] := 4;
set c[20,5] := 5;
set c[20,10] := 10;
set c[20,3] := 3 7;
set c[20,2] := 2 8 1;
set c[20,9] := 9;
set c[21,4] := 4;
set c[21,5] := 5;
set c[21,3] := 3 7;
set c[21,2] := 2 8 1;
set c[21,9] := 9;
set c[21,10] := 10;
set c[21,6] := 6;
set c[22,5] := 5;
set c[22,9] := 9;
set c[22,6] := 6;
set c[22,10] := 10;
set c[22,1] := 1 2 8;
set c[22,3] := 3 7;
set c[22,4] := 4;
set c[23,9] := 9;
set c[23,2] := 2 1 8;
set c[23,10] := 10;
set c[23,6] := 6;
set c[23,4] := 4;
set c[23,3] := 3 7;
set c[23,5] := 5;
set c[24,6] := 6;
set c[24,2] := 2 1 8;
set c[24,10] := 10;
set c[24,3] := 3 7;
set c[24,5] := 5;
set c[24,4] := 4;
set c[24,9] := 9;
set c[25,4] := 4;
set c[25,2] := 2 1 8;
set c[25,9] := 9;
set c[25,5] := 5;
set c[25,10] := 10;
set c[25,3] := 3 7;
set c[25,6] := 6;
set c[26,3] := 3 7;
set c[26,10] := 10;
set c[26,5] := 5;
set c[26,6] := 6;
set c[26,2] := 2 1 8;
set c[26,9] := 9;
set c[26,4] := 4;
set c[27,1] := 1 2 8;
set c[27,4] := 4;
set c[27,9] := 9;
set c[27,6] := 6;
set c[27,10] := 10;
set c[27,5] := 5;
set c[27,3] := 3 7;
set c[28,9] := 9;
set c[28,3] := 3 7;
set c[28,5] := 5;
set c[28,10] := 10;
set c[28,6] := 6;
set c[28,4] := 4;
set c[28,2] := 2 1 8;
set c[29,1] := 1 2 8;
set c[29,3] := 3 7;
set c[29,10] := 10;
set c[29,4] := 4;
set c[29,5] := 5;
set c[29,6] := 6;
set c[29,9] := 9;
set c[30,4] := 4;
set c[30,9] := 9;
set c[30,3] := 3 7;
set c[30,5] := 5;
set c[30,10] := 10;
set c[30,6] := 6;
set c[30,1] := 1 2 8;
set c[31,5] := 5;
set c[31,3] := 3 7;
set c[31,9] := 9;
set c[31,10] := 10;
set c[31,6] := 6;
set c[31,2] := 2 1 8;
set c[31,4] := 4;
set c[32,6] := 6;
set c[32,10] := 10;
set c[32,9] := 9;
set c[32,8] := 8 2 1;
set c[32,3] := 3 7;
set c[32,4] := 4;
set c[32,5] := 5;
set c[33,2] := 2 8 1;
set c[33,4] := 4;
set c[33,10] := 10;
set c[33,3] := 3 7;
set c[33,9] := 9;
set c[33,5] := 5;
set c[33,6] := 6;
set c[34,9] := 9;
set c[34,6] := 6;
set c[34,3] := 3 7;
set c[34,4] := 4;
set c[34,10] := 10;
set c[34,5] := 5;
set c[34,8] := 8 2 1;

