#erel:= 0.850;
#emax:= 2450.299;
#q:= 0.000;
#nesce:=     9;
#etime:= 0.037;
#snodes:=   239;
param nS:=    10;
param nSG:=    34;
param nRVSG :=
1 24
5 2
9 2
13 2
17 2
21 9
25 2
29 2
33 2
2 24
6 2
10 2
14 2
18 2
22 2
26 2
30 2
34 24
3 24
7 20
11 17
15 2
19 2
23 2
27 2
31 2
4 24
8 2
12 2
16 13
20 2
24 2
28 4
32 2
;


param ScenF :=
1 19.5762
59 34.7664
117 65.2667
175 45.6554
2 30.5536
60 30.7965
118 68.7005
176 41.1813
3 22.1294
61 24.9538
119 91.7037
177 40.9132
4 15.5292
62 20.6273
120 89.9732
178 52.2517
5 12.7788
63 13.3562
121 0.43847
179 61.5611
6 15.8578
64 7.78045
122 0
180 67.4468
7 24.5621
65 4.49959
123 0.427913
181 47.3666
8 32.418
66 12.6823
124 0
182 0.826905
9 52.4236
67 30.586
125 0.431243
183 0.4175
10 56.9479
68 48.2765
126 0
184 0.853974
11 41.0042
69 47.9075
127 30.9767
185 0.3716
12 32.5518
70 42.4991
128 50.1071
186 0.801733
13 29.1753
71 46.3193
129 54.2411
187 0.2057
14 27.6616
72 51.363
130 55.8268
188 0.733897
15 24.4991
73 34.8968
131 79.7587
189 0.003
16 17.8127
74 50.6773
132 78.9272
190 0.682419
17 20.4119
75 41.9702
133 68.8722
191 0
18 35.4379
76 38.1971
134 66.5798
192 0.572986
19 60.9543
77 41.5211
135 70.064
193 0
20 81.0238
78 48.3394
136 70.6617
194 104.827
21 81.0347
79 58.0259
137 71.7026
195 96.8449
22 81.1163
80 57.6809
138 68.434
196 79.3521
23 80.9561
81 53.8807
139 64.147
197 71.8154
24 64.7712
82 46.4524
140 67.1329
198 0.478634
25 14.5949
83 52.3653
141 77.3523
199 0
26 21.6778
84 54.5886
142 82.7651
200 0.430889
27 14.4694
85 46.6606
143 64.3953
201 0
28 11.3757
86 45.7318
144 0.454218
202 0.386348
29 11.019
87 41.601
145 0
203 0
30 11.5893
88 36.1142
146 0.473343
204 0.321293
31 14.6687
89 47.5197
147 0
205 0
32 13.3921
90 61.131
148 0.482865
206 0.23096
33 35.4667
91 61.5761
149 0.0324
207 0
34 39.6102
92 72.7982
150 0.521403
208 0.0983024
35 61.6204
93 87.1137
151 0.2536
209 0
36 55.2192
94 87.5122
152 54.0358
210 46.8479
37 73.0558
95 83.7868
153 71.2852
211 0
38 65.4708
96 79.8657
154 59.0139
212 4.06869
39 72.0767
97 0.458457
155 46.3578
213 3.22502
40 75.9808
98 0
156 41.1483
214 0.737811
41 82.4282
99 0.449871
157 42.5714
215 0
42 57.8154
100 0
158 44.8879
216 0.567525
43 50.2756
101 40.0584
159 44.9637
217 2.68523
44 15.065
102 64.0858
160 38.7704
218 2.95647
45 1.6175
103 59.755
161 42.5137
219 1.26357
46 8.34785
104 52.417
162 61.6291
220 3.05323
47 7.28888
105 49.9729
163 81.592
221 1.96494
48 3.96469
106 48.6801
164 77.8813
222 1.97156
49 22.3051
107 54.3814
165 0.596391
223 0
50 40.2138
108 60.6155
166 0.4045
224 87.6585
51 36.2239
109 82.2
167 0.637776
225 14.9077
52 33.6698
110 87.1688
168 0.3494
226 0.576496
53 30.3058
111 77.5976
169 0.678814
227 0.308164
54 32.1644
112 63.5704
170 0.2916
228 0.187576
55 30.7587
113 55.146
171 0.747311
229 0.570444
56 28.8575
114 61.666
172 0.3057
230 0.494068
57 37.07
115 61.5873
173 44.0048
231 0.758555
58 40.4042
116 59.6519
174 46.9112
;


param ScenO :=
1 65.47
48 19.48
95 69.1
142 62.45
189 0.004
2 44.8
49 62.34
96 68.5
143 64.78
190 0.318
3 43.1
50 50
97 0.406
144 0.286
191 0
4 41
51 43.25
98 0
145 0
192 0.347
5 36.5
52 42
99 0.323
146 0.291
193 0
6 27.79
53 37.5
100 0
147 0
194 61.5
7 38
54 30
101 60.47
148 0.278
195 60
8 44.1
55 40
102 47.2
149 0.045
196 55.53
9 61.1
56 45.76
103 43.85
150 0.245
197 25.6
10 71.34
57 63.78
104 41
151 0.316
198 0.383
11 61.2
58 76.68
105 39.39
152 61.08
199 0
12 45
59 67.4
106 32.78
153 63.87
200 0.403
13 42.6
60 50
107 40.4
154 68.5
201 0
14 41
61 42.6
108 44.85
155 45
202 0.393
15 40
62 41
109 67.21
156 41.99
203 0
16 40
63 41
110 76.34
157 41
204 0.355
17 42.6
64 41
111 68.5
158 40
205 0
18 45.15
65 44.6
112 45
159 40
206 0.325
19 65
66 49.13
113 43.35
160 41.99
207 0
20 70.5
67 67
114 44.99
161 44
208 0.750267
21 71.98
68 68.84
115 42
162 58.5
209 1.71228
22 73.1
69 68.3
116 41
163 61.65
210 0.846868
23 70.75
70 69.11
117 43.35
164 62.76
211 1.95951
24 66.9
71 66.85
118 45.95
165 0.207
212 2.01123
25 36.32
72 65.24
119 65
166 0.51
213 2.7366
26 28.96
73 60.21
120 69.3
167 0.178
214 1.855
27 30.96
74 50
121 0.256
168 0.624
215 0.368481
28 32.16
75 43.2
122 0
169 0.158
216 0.387725
29 35.48
76 42
123 0.237
170 0.674
217 0.624334
30 39.92
77 39.49
124 0
171 0.137
218 0.15866
31 34.8
78 30.79
125 0.26
172 0.662
219 0.108444
32 32.36
79 40.99
126 0
173 45
220 0.158685
33 17.56
80 45.1
127 60.47
174 44.99
221 0.118049
34 45
81 66.9
128 29.14
175 40
222 0
35 17.16
82 70.9
129 39.05
176 36
223 0.5065
36 40.4
83 65.2
130 44
177 30
224 0.211737
37 48.04
84 45.1
131 61.08
178 52
225 0.013732
38 47.68
85 42.7
132 68.84
179 56.4
226 0.395385
39 45.36
86 45.1
133 68.5
180 63.5
227 0.646667
40 45.4
87 44.13
134 46
181 63.5
228 0.537788
41 48.04
88 44
135 44.49
182 0.145
229 0.559371
42 44.36
89 42.9
136 43.15
183 0.593
230 0.985159
43 18.16
90 46.15
137 41.35
184 0.195
231 0.689686
44 8.64
91 68.5
138 41.85
185 0.458
45 7.6
92 68.5
139 42.6
186 0.229
46 6.8
93 68.99
140 45.15
187 0.243
47 8.64
94 69.3
141 60.85
188 0.27
;


param Scen0 :=
1 1 66.100500
2 1 39.491700
3 1 33.721800
4 1 26.897300
5 1 25.557800
6 1 27.350500
7 1 30.121100
8 1 36.394300
9 1 57.504300
10 1 64.808700
11 1 52.345800
12 1 27.483900
13 1 27.323000
14 1 25.625200
15 1 21.985000
16 1 12.862800
17 1 29.358200
18 1 36.497100
19 1 68.202900
20 1 73.003800
21 1 83.490900
22 1 79.948900
23 1 66.742300
24 1 50.405600
25 1 20.110000
26 1 22.022200
27 1 16.267900
28 1 10.006400
29 1 7.672590
30 1 11.590800
31 1 14.213100
32 1 28.883800
33 1 48.107500
34 1 57.078800
35 1 51.884600
36 1 61.943900
37 1 72.093600
38 1 72.644500
39 1 76.511300
40 1 81.605700
41 1 79.648000
42 1 78.654500
43 1 56.486800
44 1 0.000000
45 1 0.000000
46 1 4.614940
47 1 4.950150
48 1 3.988790
49 1 41.457600
50 1 25.046600
51 1 29.979300
52 1 27.725800
53 1 27.844200
54 1 25.521200
55 1 31.614900
56 1 34.567400
57 1 41.504600
58 1 21.723600
59 1 31.473500
60 1 31.934700
61 1 28.851700
62 1 28.651600
63 1 23.023600
64 1 10.398900
65 1 1.758560
66 1 0.000000
67 1 13.034500
68 1 20.112400
69 1 24.654000
70 1 23.969900
71 1 29.802600
72 1 30.965700
73 1 52.197300
74 1 44.495300
75 1 36.136800
76 1 28.739500
77 1 32.198100
78 1 39.369500
79 1 56.785800
80 1 60.978200
81 1 56.669300
82 1 22.702800
83 1 45.531900
84 1 46.834400
85 1 40.556000
86 1 37.504600
87 1 35.413800
88 1 32.193000
89 1 46.888000
90 1 40.572400
91 1 46.842100
92 1 54.201800
93 1 64.318200
94 1 66.736000
95 1 68.700000
96 1 60.600100
97 1 0.465973
98 1 0.000000
99 1 0.472256
100 1 0.000000
101 1 68.592200
102 1 63.974300
103 1 58.105600
104 1 46.176500
105 1 46.458400
106 1 42.803700
107 1 66.419000
108 1 77.624400
109 1 69.008100
110 1 43.614700
111 1 57.461700
112 1 46.089700
113 1 35.766700
114 1 42.713800
115 1 48.698200
116 1 44.571100
117 1 39.319500
118 1 69.258900
119 1 83.979400
120 1 91.503700
121 1 0.493798
122 1 0.000000
123 1 0.442101
124 1 0.000000
125 1 0.371511
126 1 0.000000
127 1 44.903000
128 1 30.369000
129 1 35.944600
130 1 65.675200
131 1 79.126200
132 1 76.705200
133 1 74.128700
134 1 79.804000
135 1 79.272600
136 1 81.479800
137 1 79.965000
138 1 74.444200
139 1 68.697800
140 1 75.194400
141 1 67.393200
142 1 60.645800
143 1 66.993200
144 1 0.344603
145 1 0.000000
146 1 0.309369
147 1 0.000000
148 1 0.277133
149 1 0.005000
150 1 0.304295
151 1 0.102700
152 1 71.280900
153 1 79.451900
154 1 80.025900
155 1 49.574700
156 1 10.017300
157 1 29.104900
158 1 51.201100
159 1 28.961700
160 1 11.875900
161 1 21.065300
162 1 79.075000
163 1 98.618400
164 1 109.060000
165 1 0.376567
166 1 0.596700
167 1 0.421215
168 1 0.255500
169 1 0.479351
170 1 10.587800
171 1 0.559883
172 1 0.287400
173 1 69.565800
174 1 53.832400
175 1 51.310900
176 1 45.834600
177 1 44.802200
178 1 44.741700
179 1 47.202200
180 1 38.195600
181 1 50.673000
182 1 0.644226
183 1 0.708200
184 1 0.684647
185 1 0.163800
186 1 0.632998
187 1 0.347300
188 1 0.554914
189 1 0.001200
190 1 0.724507
191 1 0.000000
192 1 0.644229
193 1 0.000000
194 1 80.913100
195 1 93.555100
196 1 71.466200
197 1 71.141800
198 1 0.551371
199 1 0.000000
200 1 0.481551
201 1 0.000000
202 1 0.434295
203 1 0.000000
204 1 0.392618
205 1 0.000000
206 1 0.324108
207 1 0.000000
208 1 0.637758
209 1 0.000000
210 1 59.948900
211 1 0.000000
212 1 5.719020
213 1 1.637370
214 1 1.201490
215 1 0.000000
216 1 0.608414
217 1 2.198390
218 1 4.711870
219 1 1.802420
220 1 4.697130
221 1 0.000000
222 1 1.741660
223 1 160.451000
224 1 0.000000
225 1 0.000000
226 1 3.466260
227 1 0.969698
228 1 0.436345
229 1 0.572384
230 1 0.569975
231 1 0.574474
1 2 66.100500
2 2 39.491700
3 2 33.721800
4 2 26.897300
5 2 25.557800
6 2 27.350500
7 2 30.121100
8 2 36.394300
9 2 57.504300
10 2 64.808700
11 2 52.345800
12 2 27.483900
13 2 27.323000
14 2 25.625200
15 2 21.985000
16 2 12.862800
17 2 29.358200
18 2 36.497100
19 2 68.202900
20 2 73.003800
21 2 83.490900
22 2 79.948900
23 2 66.742300
24 2 50.405600
25 2 20.110000
26 2 22.022200
27 2 16.267900
28 2 10.006400
29 2 7.672590
30 2 11.590800
31 2 14.213100
32 2 28.883800
33 2 48.107500
34 2 57.078800
35 2 51.884600
36 2 61.943900
37 2 72.093600
38 2 72.644500
39 2 76.511300
40 2 81.605700
41 2 79.648000
42 2 78.654500
43 2 56.486800
44 2 0.000000
45 2 0.000000
46 2 4.614940
47 2 4.950150
48 2 3.988790
49 2 66.948400
50 2 35.911800
51 2 37.271300
52 2 36.576100
53 2 36.043000
54 2 22.276300
55 2 34.640300
56 2 38.297800
57 2 31.210500
58 2 34.250000
59 2 38.130900
60 2 35.071600
61 2 30.327900
62 2 25.995000
63 2 24.921300
64 2 15.743700
65 2 10.860000
66 2 11.863500
67 2 49.850200
68 2 49.201000
69 2 60.932800
70 2 48.416400
71 2 65.563500
72 2 66.017400
73 2 75.043600
74 2 61.672800
75 2 53.110700
76 2 52.933100
77 2 56.836100
78 2 48.759300
79 2 69.752200
80 2 72.295400
81 2 59.379400
82 2 53.343000
83 2 57.027900
84 2 55.420200
85 2 51.716500
86 2 50.280400
87 2 34.150400
88 2 33.199400
89 2 38.107500
90 2 40.383400
91 2 56.653100
92 2 54.529500
93 2 79.370300
94 2 75.465200
95 2 74.478700
96 2 68.143000
97 2 0.470832
98 2 0.000000
99 2 0.478747
100 2 0.000000
101 2 83.110500
102 2 67.594500
103 2 63.792000
104 2 59.719300
105 2 50.032100
106 2 49.406100
107 2 68.261100
108 2 79.330300
109 2 72.628400
110 2 71.009400
111 2 77.608000
112 2 65.353600
113 2 55.408600
114 2 60.705700
115 2 65.405300
116 2 66.644500
117 2 68.595600
118 2 62.941100
119 2 97.030300
120 2 106.640000
121 2 0.472878
122 2 0.000000
123 2 0.458912
124 2 0.000000
125 2 0.449666
126 2 0.000000
127 2 59.122500
128 2 60.834600
129 2 57.137000
130 2 55.558500
131 2 92.103300
132 2 90.010600
133 2 61.044000
134 2 53.354500
135 2 51.884500
136 2 55.854700
137 2 55.292400
138 2 50.576900
139 2 56.342000
140 2 65.328900
141 2 78.595500
142 2 91.555800
143 2 102.620000
144 2 0.448592
145 2 0.000000
146 2 0.459579
147 2 0.000000
148 2 0.467131
149 2 0.048900
150 2 0.521248
151 2 0.794400
152 2 32.815600
153 2 52.610200
154 2 46.633100
155 2 49.289800
156 2 51.028700
157 2 48.569900
158 2 48.699000
159 2 42.327000
160 2 36.686100
161 2 35.051300
162 2 64.272100
163 2 68.928300
164 2 88.807700
165 2 0.622700
166 2 0.079100
167 2 0.654567
168 2 0.077800
169 2 0.671344
170 2 0.285700
171 2 0.718425
172 2 0.174700
173 2 36.570200
174 2 38.038600
175 2 30.233300
176 2 20.586700
177 2 11.286700
178 2 8.020830
179 2 35.271900
180 2 54.338100
181 2 79.909200
182 2 0.771617
183 2 0.269900
184 2 0.607627
185 2 0.311400
186 2 0.590812
187 2 0.645200
188 2 0.559144
189 2 0.006800
190 2 0.547486
191 2 0.000000
192 2 0.428657
193 2 0.000000
194 2 92.785800
195 2 85.838600
196 2 79.671600
197 2 76.102900
198 2 0.270183
199 2 0.000000
200 2 0.208582
201 2 0.000000
202 2 0.171102
203 2 0.000000
204 2 0.116293
205 2 0.000000
206 2 0.062027
207 2 0.000000
208 2 0.714118
209 2 0.000000
210 2 67.519200
211 2 0.107346
212 2 2.428960
213 2 1.054310
214 2 0.686096
215 2 0.000000
216 2 0.540607
217 2 2.802570
218 2 4.094090
219 2 2.814250
220 2 4.258430
221 2 0.566997
222 2 4.167520
223 2 195.773000
224 2 0.000000
225 2 16.742500
226 2 1.722460
227 2 1.095670
228 2 0.738505
229 2 0.802779
230 2 0.756008
231 2 0.697917
1 3 21.786400
2 3 14.462900
3 3 7.274940
4 3 1.248640
5 3 0.000000
6 3 29.370800
7 3 32.108900
8 3 42.751900
9 3 71.153500
10 3 72.995000
11 3 60.233400
12 3 41.278800
13 3 33.651300
14 3 39.261900
15 3 29.473800
16 3 13.346100
17 3 11.691500
18 3 38.176300
19 3 54.748800
20 3 73.407000
21 3 78.238100
22 3 88.169400
23 3 79.817800
24 3 63.700300
25 3 26.178300
26 3 14.482400
27 3 12.687200
28 3 9.635630
29 3 5.693740
30 3 0.326271
31 3 10.134600
32 3 0.000000
33 3 22.389600
34 3 28.238900
35 3 36.749100
36 3 59.043400
37 3 41.718300
38 3 61.257000
39 3 68.813700
40 3 60.656900
41 3 65.697700
42 3 75.486800
43 3 52.433900
44 3 28.943300
45 3 0.062423
46 3 0.000000
47 3 3.153860
48 3 5.177630
49 3 44.886600
50 3 29.483800
51 3 33.196200
52 3 26.887100
53 3 22.387300
54 3 42.174300
55 3 34.087800
56 3 34.212200
57 3 39.578000
58 3 44.705900
59 3 48.376100
60 3 34.352000
61 3 23.511300
62 3 23.146200
63 3 11.449400
64 3 0.000000
65 3 0.000000
66 3 7.076370
67 3 16.058500
68 3 24.071100
69 3 22.173200
70 3 25.740500
71 3 37.857700
72 3 41.058000
73 3 56.545400
74 3 42.529000
75 3 41.075200
76 3 30.338600
77 3 33.436500
78 3 54.405500
79 3 64.084800
80 3 66.758400
81 3 65.868300
82 3 65.465100
83 3 71.939300
84 3 61.283400
85 3 47.151200
86 3 49.125100
87 3 45.677000
88 3 32.660700
89 3 44.906900
90 3 62.142600
91 3 63.498600
92 3 64.072600
93 3 76.064100
94 3 84.600500
95 3 83.728400
96 3 80.994500
97 3 0.497045
98 3 0.000000
99 3 0.570209
100 3 0.000000
101 3 48.956800
102 3 53.588600
103 3 57.921100
104 3 41.403300
105 3 37.572900
106 3 58.088300
107 3 68.909900
108 3 78.797100
109 3 101.382000
110 3 105.093000
111 3 92.737000
112 3 75.162500
113 3 60.771100
114 3 59.915900
115 3 62.093700
116 3 55.256000
117 3 57.599300
118 3 65.242800
119 3 94.117800
120 3 104.661000
121 3 0.649595
122 3 0.000000
123 3 0.691609
124 3 0.000000
125 3 0.764665
126 3 0.000000
127 3 25.466200
128 3 18.768700
129 3 30.949600
130 3 56.593700
131 3 71.425800
132 3 75.314400
133 3 63.289100
134 3 57.995500
135 3 56.790100
136 3 60.873500
137 3 55.917400
138 3 54.433900
139 3 61.795400
140 3 77.957600
141 3 68.449000
142 3 72.773300
143 3 95.810500
144 3 0.395386
145 3 0.000000
146 3 0.388772
147 3 0.000000
148 3 0.361573
149 3 0.005400
150 3 0.382294
151 3 0.620400
152 3 70.227700
153 3 66.146600
154 3 16.329000
155 3 27.028200
156 3 32.139300
157 3 42.212400
158 3 48.233200
159 3 48.206400
160 3 36.078200
161 3 20.728200
162 3 39.364700
163 3 68.393800
164 3 74.836400
165 3 0.449754
166 3 0.762700
167 3 0.489876
168 3 0.336800
169 3 0.530150
170 3 0.981300
171 3 0.604143
172 3 0.913800
173 3 38.976000
174 3 34.638900
175 3 31.863400
176 3 33.101400
177 3 47.931500
178 3 58.751400
179 3 68.727600
180 3 43.497100
181 3 89.815600
182 3 0.703776
183 3 0.159000
184 3 0.761490
185 3 0.106500
186 3 0.726076
187 3 0.378900
188 3 0.658672
189 3 0.003900
190 3 0.595238
191 3 0.000000
192 3 0.486932
193 3 0.000000
194 3 113.248000
195 3 102.637000
196 3 96.306700
197 3 76.382100
198 3 0.393783
199 3 0.000000
200 3 0.341595
201 3 0.000000
202 3 0.311254
203 3 0.000000
204 3 0.253266
205 3 0.000000
206 3 0.154421
207 3 0.000000
208 3 0.000000
209 3 0.000000
210 3 41.627600
211 3 0.000000
212 3 1.349620
213 3 0.805154
214 3 1.006190
215 3 0.140809
216 3 0.451972
217 3 2.403720
218 3 3.419450
219 3 1.689450
220 3 2.347300
221 3 0.000000
222 3 2.484060
223 3 146.682000
224 3 0.000000
225 3 9.854170
226 3 0.700902
227 3 0.670202
228 3 0.364361
229 3 0.401893
230 3 0.351181
231 3 0.291094
1 4 58.442500
2 4 42.714400
3 4 27.919700
4 4 18.958600
5 4 14.655300
6 4 16.858500
7 4 31.553600
8 4 26.943800
9 4 52.750200
10 4 57.271100
11 4 40.140300
12 4 37.528700
13 4 35.042900
14 4 29.622000
15 4 25.465800
16 4 20.759300
17 4 21.466600
18 4 46.896000
19 4 76.371700
20 4 91.878400
21 4 86.738500
22 4 79.107800
23 4 71.541600
24 4 60.266700
25 4 12.754000
26 4 21.320500
27 4 15.513700
28 4 12.717200
29 4 10.912600
30 4 11.889500
31 4 15.597300
32 4 20.805100
33 4 35.682400
34 4 47.888300
35 4 60.311000
36 4 69.897400
37 4 91.071800
38 4 75.791900
39 4 85.778700
40 4 74.612600
41 4 90.180600
42 4 82.419000
43 4 61.872400
44 4 29.669800
45 4 10.122600
46 4 11.945200
47 4 7.753250
48 4 23.355300
49 4 62.604600
50 4 25.089900
51 4 22.348300
52 4 27.929200
53 4 25.192400
54 4 22.200000
55 4 12.249100
56 4 5.491510
57 4 2.838730
58 4 9.574270
59 4 0.494974
60 4 0.000000
61 4 0.000000
62 4 0.000000
63 4 0.000000
64 4 0.000000
65 4 0.000000
66 4 0.000000
67 4 0.000000
68 4 11.702800
69 4 16.547400
70 4 20.787300
71 4 31.127000
72 4 35.519500
73 4 67.707500
74 4 47.593500
75 4 40.001800
76 4 39.753000
77 4 48.397600
78 4 47.246200
79 4 51.655000
80 4 40.708000
81 4 29.195700
82 4 35.122900
83 4 25.393300
84 4 30.560600
85 4 20.724500
86 4 15.945100
87 4 8.053560
88 4 3.398390
89 4 22.830800
90 4 39.645900
91 4 25.858400
92 4 33.406600
93 4 45.788800
94 4 61.678900
95 4 63.802400
96 4 62.989600
97 4 0.453691
98 4 0.000000
99 4 0.448089
100 4 0.000000
101 4 51.459100
102 4 51.774200
103 4 44.957400
104 4 43.459500
105 4 42.169400
106 4 38.333700
107 4 42.512700
108 4 44.554100
109 4 49.467900
110 4 63.043300
111 4 55.408600
112 4 50.993100
113 4 36.349900
114 4 32.492800
115 4 29.878500
116 4 30.631400
117 4 42.584300
118 4 46.593300
119 4 46.827600
120 4 61.874400
121 4 0.470948
122 4 0.000000
123 4 0.466337
124 4 0.000000
125 4 0.479418
126 4 0.000000
127 4 41.554200
128 4 55.041300
129 4 53.761200
130 4 50.420800
131 4 64.472100
132 4 66.230700
133 4 66.100400
134 4 69.930100
135 4 73.186700
136 4 76.687200
137 4 74.923400
138 4 70.784600
139 4 70.544300
140 4 72.498300
141 4 84.567700
142 4 87.738900
143 4 91.616900
144 4 0.533581
145 4 0.000000
146 4 0.546420
147 4 0.000000
148 4 0.557272
149 4 0.055500
150 4 0.591383
151 4 0.043300
152 4 79.608100
153 4 72.220900
154 4 63.948600
155 4 46.595000
156 4 49.806400
157 4 44.861300
158 4 49.824600
159 4 41.970500
160 4 39.363800
161 4 45.358900
162 4 52.132600
163 4 72.931100
164 4 80.559200
165 4 0.685946
166 4 0.079600
167 4 0.756604
168 4 1.198000
169 4 0.800014
170 4 0.336500
171 4 0.895957
172 4 0.247200
173 4 53.106600
174 4 56.731100
175 4 56.205700
176 4 48.801200
177 4 49.492700
178 4 46.441100
179 4 63.530200
180 4 59.071400
181 4 79.855200
182 4 0.980137
183 4 0.224200
184 4 0.999147
185 4 0.784700
186 4 0.947165
187 4 0.392100
188 4 0.899672
189 4 0.002200
190 4 0.806025
191 4 0.000000
192 4 0.642542
193 4 0.000000
194 4 110.868000
195 4 68.860700
196 4 61.640500
197 4 58.267300
198 4 0.494887
199 4 0.000000
200 4 0.386567
201 4 0.000000
202 4 0.311517
203 4 0.000000
204 4 0.237344
205 4 0.000000
206 4 0.147323
207 4 0.000000
208 4 0.362404
209 4 0.000000
210 4 47.100700
211 4 0.873634
212 4 4.753890
213 4 1.315230
214 4 1.518030
215 4 0.951468
216 4 0.694575
217 4 2.215190
218 4 2.319570
219 4 1.072660
220 4 2.687110
221 4 0.000000
222 4 3.715640
223 4 199.142000
224 4 0.000000
225 4 10.674400
226 4 1.417570
227 4 0.763613
228 4 0.479171
229 4 0.542290
230 4 0.510763
231 4 0.533253
1 5 58.442500
2 5 42.714400
3 5 27.919700
4 5 18.958600
5 5 14.655300
6 5 16.858500
7 5 31.553600
8 5 26.943800
9 5 52.750200
10 5 57.271100
11 5 40.140300
12 5 37.528700
13 5 35.042900
14 5 29.622000
15 5 25.465800
16 5 20.759300
17 5 21.466600
18 5 46.896000
19 5 76.371700
20 5 91.878400
21 5 86.738500
22 5 79.107800
23 5 71.541600
24 5 60.266700
25 5 12.754000
26 5 21.320500
27 5 15.513700
28 5 12.717200
29 5 10.912600
30 5 11.889500
31 5 15.597300
32 5 20.805100
33 5 35.682400
34 5 47.888300
35 5 60.311000
36 5 69.897400
37 5 91.071800
38 5 75.791900
39 5 85.778700
40 5 74.612600
41 5 90.180600
42 5 82.419000
43 5 61.872400
44 5 29.669800
45 5 10.122600
46 5 11.945200
47 5 7.753250
48 5 23.355300
49 5 62.604600
50 5 25.089900
51 5 22.348300
52 5 27.929200
53 5 25.192400
54 5 22.200000
55 5 12.249100
56 5 5.491510
57 5 2.838730
58 5 9.574270
59 5 0.494974
60 5 0.000000
61 5 0.000000
62 5 0.000000
63 5 0.000000
64 5 0.000000
65 5 0.000000
66 5 0.000000
67 5 0.000000
68 5 11.702800
69 5 16.547400
70 5 20.787300
71 5 31.127000
72 5 35.519500
73 5 67.707500
74 5 47.593500
75 5 40.001800
76 5 39.753000
77 5 48.397600
78 5 47.246200
79 5 51.655000
80 5 40.708000
81 5 29.195700
82 5 35.122900
83 5 25.393300
84 5 30.560600
85 5 20.724500
86 5 15.945100
87 5 8.053560
88 5 3.398390
89 5 22.830800
90 5 39.645900
91 5 25.858400
92 5 33.406600
93 5 45.788800
94 5 61.678900
95 5 63.802400
96 5 62.989600
97 5 0.453691
98 5 0.000000
99 5 0.448089
100 5 0.000000
101 5 51.459100
102 5 51.774200
103 5 44.957400
104 5 43.459500
105 5 42.169400
106 5 38.333700
107 5 42.512700
108 5 44.554100
109 5 49.467900
110 5 63.043300
111 5 55.408600
112 5 50.993100
113 5 36.349900
114 5 32.492800
115 5 29.878500
116 5 30.631400
117 5 42.584300
118 5 46.593300
119 5 46.827600
120 5 61.874400
121 5 0.470948
122 5 0.000000
123 5 0.466337
124 5 0.000000
125 5 0.479418
126 5 0.000000
127 5 41.554200
128 5 55.041300
129 5 53.761200
130 5 50.420800
131 5 64.472100
132 5 66.230700
133 5 66.100400
134 5 69.930100
135 5 73.186700
136 5 76.687200
137 5 74.923400
138 5 70.784600
139 5 70.544300
140 5 72.498300
141 5 84.567700
142 5 87.738900
143 5 91.616900
144 5 0.533581
145 5 0.000000
146 5 0.546420
147 5 0.000000
148 5 0.557272
149 5 0.055500
150 5 0.505883
151 5 1.720600
152 5 67.920500
153 5 71.940600
154 5 45.223000
155 5 46.263500
156 5 58.046300
157 5 28.009100
158 5 36.612400
159 5 32.008500
160 5 23.028200
161 5 38.293900
162 5 56.688600
163 5 69.989700
164 5 79.641600
165 5 0.576766
166 5 2.417700
167 5 0.621925
168 5 1.175400
169 5 0.412850
170 5 0.682500
171 5 0.468501
172 5 0.025500
173 5 47.387300
174 5 51.531000
175 5 46.698600
176 5 29.486900
177 5 51.542300
178 5 61.800400
179 5 57.080500
180 5 53.342000
181 5 41.954900
182 5 0.551876
183 5 0.500200
184 5 0.595187
185 5 0.364900
186 5 0.553224
187 5 0.083200
188 5 0.506379
189 5 0.001000
190 5 0.478207
191 5 0.000000
192 5 0.360546
193 5 0.000000
194 5 84.830200
195 5 78.948500
196 5 63.529900
197 5 63.449400
198 5 0.257974
199 5 0.000000
200 5 0.208039
201 5 0.000000
202 5 0.178119
203 5 0.000000
204 5 0.126626
205 5 0.000000
206 5 0.049014
207 5 0.000000
208 5 0.414177
209 5 0.000000
210 5 50.887500
211 5 0.000000
212 5 5.500370
213 5 2.514400
214 5 1.102730
215 5 0.000000
216 5 0.000000
217 5 1.756270
218 5 2.422030
219 5 0.678619
220 5 1.089360
221 5 0.000000
222 5 3.612170
223 5 239.993000
224 5 25.757500
225 5 9.361670
226 5 1.542050
227 5 0.818891
228 5 0.817866
229 5 0.707865
230 5 0.702025
231 5 0.590523
1 6 58.442500
2 6 42.714400
3 6 27.919700
4 6 18.958600
5 6 14.655300
6 6 16.858500
7 6 31.553600
8 6 26.943800
9 6 52.750200
10 6 57.271100
11 6 40.140300
12 6 37.528700
13 6 35.042900
14 6 29.622000
15 6 25.465800
16 6 20.759300
17 6 21.466600
18 6 46.896000
19 6 76.371700
20 6 91.878400
21 6 86.738500
22 6 79.107800
23 6 71.541600
24 6 60.266700
25 6 18.592000
26 6 11.804900
27 6 7.596310
28 6 2.654000
29 6 3.366860
30 6 4.059740
31 6 11.321300
32 6 15.596800
33 6 38.712100
34 6 39.465200
35 6 58.361100
36 6 35.206700
37 6 87.968300
38 6 84.399100
39 6 90.562000
40 6 62.326100
41 6 75.614700
42 6 50.804600
43 6 44.086200
44 6 23.998300
45 6 6.511220
46 6 8.868250
47 6 8.485430
48 6 17.291600
49 6 77.886800
50 6 36.228300
51 6 39.068400
52 6 37.535400
53 6 35.571000
54 6 31.699800
55 6 37.323600
56 6 37.498400
57 6 39.012000
58 6 42.436000
59 6 35.592000
60 6 13.200100
61 6 8.367520
62 6 0.000000
63 6 0.000000
64 6 0.000000
65 6 0.000000
66 6 0.000000
67 6 17.902700
68 6 57.259700
69 6 51.901200
70 6 59.363400
71 6 67.037000
72 6 63.190000
73 6 80.440200
74 6 48.483900
75 6 48.686700
76 6 46.585800
77 6 47.743500
78 6 46.481900
79 6 65.053200
80 6 70.134000
81 6 68.473200
82 6 58.277600
83 6 70.338700
84 6 69.052300
85 6 69.010500
86 6 65.915000
87 6 60.296600
88 6 63.058500
89 6 72.193700
90 6 84.975400
91 6 78.363000
92 6 76.770300
93 6 94.048600
94 6 95.622400
95 6 88.403800
96 6 84.987900
97 6 0.451702
98 6 0.000000
99 6 0.431942
100 6 0.000000
101 6 91.695200
102 6 67.505000
103 6 65.746000
104 6 55.397700
105 6 57.130400
106 6 57.824900
107 6 83.420400
108 6 94.131000
109 6 101.470000
110 6 88.188200
111 6 100.893000
112 6 83.891100
113 6 75.506800
114 6 77.994500
115 6 84.581100
116 6 94.015100
117 6 92.429900
118 6 84.801400
119 6 101.048000
120 6 108.043000
121 6 0.421309
122 6 0.000000
123 6 0.414552
124 6 0.000000
125 6 0.424124
126 6 0.000000
127 6 51.363800
128 6 35.246100
129 6 49.055700
130 6 68.453000
131 6 80.089900
132 6 67.224600
133 6 61.118500
134 6 64.678300
135 6 60.022800
136 6 62.863500
137 6 55.119700
138 6 35.907400
139 6 50.396700
140 6 51.897700
141 6 62.171400
142 6 79.818900
143 6 79.775200
144 6 0.450511
145 6 0.000000
146 6 0.484157
147 6 0.000000
148 6 0.524551
149 6 0.015000
150 6 0.568624
151 6 0.133600
152 6 101.823000
153 6 54.083900
154 6 32.302600
155 6 26.646100
156 6 18.175700
157 6 10.342500
158 6 5.018630
159 6 0.640136
160 6 0.000000
161 6 6.521430
162 6 7.934980
163 6 27.610400
164 6 35.087000
165 6 0.800801
166 6 0.339800
167 6 0.911705
168 6 0.063000
169 6 0.949087
170 6 0.054900
171 6 1.032760
172 6 0.272200
173 6 22.850800
174 6 29.445600
175 6 16.251400
176 6 17.183400
177 6 22.277500
178 6 40.437300
179 6 35.615500
180 6 59.959100
181 6 93.830900
182 6 1.117690
183 6 1.400700
184 6 1.112090
185 6 0.615900
186 6 0.997053
187 6 0.237800
188 6 0.905509
189 6 0.017600
190 6 0.805281
191 6 0.000000
192 6 0.633745
193 6 0.000000
194 6 122.761000
195 6 118.505000
196 6 108.268000
197 6 60.154300
198 6 0.501920
199 6 0.000000
200 6 0.445444
201 6 0.000000
202 6 0.402545
203 6 0.000000
204 6 0.308765
205 6 0.000000
206 6 0.214429
207 6 0.000000
208 6 0.541255
209 6 0.000000
210 6 42.592500
211 6 0.000000
212 6 3.850080
213 6 1.115410
214 6 1.377460
215 6 1.519740
216 6 0.612840
217 6 2.564100
218 6 2.982580
219 6 0.585140
220 6 2.292260
221 6 0.000000
222 6 1.834150
223 6 140.908000
224 6 0.000000
225 6 10.686800
226 6 0.485116
227 6 0.501128
228 6 0.066342
229 6 0.718246
230 6 0.553054
231 6 0.394316
1 7 66.100500
2 7 39.491700
3 7 33.721800
4 7 26.897300
5 7 25.557800
6 7 27.350500
7 7 30.121100
8 7 36.394300
9 7 57.504300
10 7 64.808700
11 7 52.345800
12 7 27.483900
13 7 27.323000
14 7 25.625200
15 7 21.985000
16 7 12.862800
17 7 29.358200
18 7 36.497100
19 7 68.202900
20 7 73.003800
21 7 83.490900
22 7 79.948900
23 7 66.742300
24 7 50.405600
25 7 20.110000
26 7 22.022200
27 7 16.267900
28 7 10.006400
29 7 7.672590
30 7 11.590800
31 7 14.213100
32 7 28.883800
33 7 48.107500
34 7 57.078800
35 7 51.884600
36 7 61.943900
37 7 72.093600
38 7 72.644500
39 7 76.511300
40 7 81.605700
41 7 79.648000
42 7 78.654500
43 7 56.486800
44 7 0.000000
45 7 0.000000
46 7 4.614940
47 7 4.950150
48 7 3.988790
49 7 77.371000
50 7 38.659200
51 7 39.193900
52 7 36.370200
53 7 37.816400
54 7 33.266500
55 7 31.550400
56 7 24.696200
57 7 22.007000
58 7 27.388100
59 7 37.969400
60 7 21.891300
61 7 16.006400
62 7 10.987600
63 7 5.502610
64 7 0.000000
65 7 0.000000
66 7 4.988810
67 7 41.106600
68 7 41.361300
69 7 51.152300
70 7 34.484300
71 7 39.960300
72 7 44.508000
73 7 82.483700
74 7 47.727800
75 7 40.701900
76 7 37.781700
77 7 43.761700
78 7 45.437300
79 7 49.271500
80 7 43.911700
81 7 33.600600
82 7 30.264600
83 7 38.704800
84 7 30.554000
85 7 22.711800
86 7 27.294000
87 7 23.628400
88 7 13.833500
89 7 30.738000
90 7 54.142900
91 7 66.086800
92 7 61.765900
93 7 81.321200
94 7 75.803500
95 7 72.966200
96 7 66.845500
97 7 0.440160
98 7 0.000000
99 7 0.408083
100 7 0.000000
101 7 89.738000
102 7 62.254700
103 7 53.476500
104 7 45.988900
105 7 44.632200
106 7 41.382100
107 7 51.808800
108 7 64.175400
109 7 70.105300
110 7 68.064700
111 7 70.980800
112 7 55.823100
113 7 45.345600
114 7 50.350900
115 7 58.805100
116 7 58.503100
117 7 82.615300
118 7 87.797000
119 7 117.693000
120 7 113.252000
121 7 0.390462
122 7 0.000000
123 7 0.388685
124 7 0.000000
125 7 0.409031
126 7 0.000000
127 7 33.813400
128 7 26.804800
129 7 48.871400
130 7 60.955100
131 7 82.431000
132 7 83.106300
133 7 76.428300
134 7 78.730000
135 7 70.618800
136 7 67.482200
137 7 65.953300
138 7 56.987200
139 7 50.365800
140 7 56.792500
141 7 55.944800
142 7 57.082800
143 7 68.018200
144 7 0.454975
145 7 0.000000
146 7 0.510663
147 7 0.000000
148 7 0.524359
149 7 0.009900
150 7 0.570936
151 7 0.281900
152 7 66.252700
153 7 46.505600
154 7 49.136000
155 7 38.318000
156 7 38.753200
157 7 41.615300
158 7 33.004700
159 7 26.986400
160 7 19.401700
161 7 29.355600
162 7 58.335600
163 7 69.945100
164 7 79.724300
165 7 0.606248
166 7 2.042600
167 7 0.613378
168 7 0.359000
169 7 0.647065
170 7 0.060000
171 7 0.729048
172 7 0.121300
173 7 75.041300
174 7 38.049200
175 7 34.754000
176 7 33.828400
177 7 29.509300
178 7 71.844300
179 7 75.578500
180 7 69.143000
181 7 80.670100
182 7 0.816636
183 7 0.376100
184 7 0.848933
185 7 0.570800
186 7 0.825439
187 7 0.027700
188 7 0.581177
189 7 0.001700
190 7 0.518842
191 7 0.000000
192 7 0.390734
193 7 0.000000
194 7 78.854900
195 7 59.814000
196 7 111.221000
197 7 89.710800
198 7 0.283217
199 7 0.000000
200 7 0.217347
201 7 0.000000
202 7 0.191463
203 7 0.000000
204 7 0.120415
205 7 0.000000
206 7 0.000000
207 7 0.000000
208 7 0.259589
209 7 0.000000
210 7 59.563200
211 7 0.000000
212 7 2.564460
213 7 0.000000
214 7 0.377901
215 7 0.000000
216 7 0.428881
217 7 2.675610
218 7 2.904700
219 7 1.749740
220 7 3.033230
221 7 0.000000
222 7 2.261280
223 7 116.133000
224 7 49.608500
225 7 11.500500
226 7 0.858804
227 7 0.839184
228 7 0.849276
229 7 0.567957
230 7 0.565098
231 7 0.580193
1 8 58.442500
2 8 42.714400
3 8 27.919700
4 8 18.958600
5 8 14.655300
6 8 16.858500
7 8 31.553600
8 8 26.943800
9 8 52.750200
10 8 57.271100
11 8 40.140300
12 8 37.528700
13 8 35.042900
14 8 29.622000
15 8 25.465800
16 8 20.759300
17 8 21.466600
18 8 46.896000
19 8 76.371700
20 8 91.878400
21 8 86.738500
22 8 79.107800
23 8 71.541600
24 8 60.266700
25 8 18.592000
26 8 11.804900
27 8 7.596310
28 8 2.654000
29 8 3.366860
30 8 4.059740
31 8 11.321300
32 8 15.596800
33 8 38.712100
34 8 39.465200
35 8 58.361100
36 8 35.206700
37 8 87.968300
38 8 84.399100
39 8 90.562000
40 8 62.326100
41 8 75.614700
42 8 50.804600
43 8 44.086200
44 8 23.998300
45 8 6.511220
46 8 8.868250
47 8 8.485430
48 8 17.291600
49 8 77.886800
50 8 36.228300
51 8 39.068400
52 8 37.535400
53 8 35.571000
54 8 31.699800
55 8 37.323600
56 8 37.498400
57 8 39.012000
58 8 42.436000
59 8 35.592000
60 8 13.200100
61 8 8.367520
62 8 0.000000
63 8 0.000000
64 8 0.000000
65 8 0.000000
66 8 0.000000
67 8 17.902700
68 8 57.259700
69 8 51.901200
70 8 59.363400
71 8 67.037000
72 8 63.190000
73 8 80.440200
74 8 48.483900
75 8 48.686700
76 8 46.585800
77 8 47.743500
78 8 46.481900
79 8 65.053200
80 8 70.134000
81 8 68.473200
82 8 58.277600
83 8 70.338700
84 8 69.052300
85 8 69.010500
86 8 65.915000
87 8 60.296600
88 8 63.058500
89 8 72.193700
90 8 84.975400
91 8 78.363000
92 8 76.770300
93 8 94.048600
94 8 95.622400
95 8 88.403800
96 8 84.987900
97 8 0.451702
98 8 0.000000
99 8 0.431942
100 8 0.000000
101 8 91.695200
102 8 67.505000
103 8 65.746000
104 8 55.397700
105 8 57.130400
106 8 57.824900
107 8 83.420400
108 8 94.131000
109 8 101.470000
110 8 88.188200
111 8 100.893000
112 8 83.891100
113 8 75.506800
114 8 77.994500
115 8 84.581100
116 8 94.015100
117 8 92.429900
118 8 84.801400
119 8 101.048000
120 8 108.043000
121 8 0.421309
122 8 0.000000
123 8 0.414552
124 8 0.000000
125 8 0.424124
126 8 0.000000
127 8 51.363800
128 8 35.246100
129 8 49.055700
130 8 68.453000
131 8 80.089900
132 8 67.224600
133 8 61.118500
134 8 64.678300
135 8 60.022800
136 8 62.863500
137 8 55.119700
138 8 35.907400
139 8 50.396700
140 8 51.897700
141 8 62.171400
142 8 79.818900
143 8 79.775200
144 8 0.450511
145 8 0.000000
146 8 0.484157
147 8 0.000000
148 8 0.524551
149 8 0.015000
150 8 0.568624
151 8 0.133600
152 8 108.079000
153 8 105.872000
154 8 33.351900
155 8 47.732400
156 8 10.523400
157 8 11.968400
158 8 0.000000
159 8 0.000000
160 8 0.000000
161 8 0.000000
162 8 9.515220
163 8 37.122800
164 8 69.107700
165 8 0.637473
166 8 1.078300
167 8 0.660521
168 8 0.130700
169 8 0.670594
170 8 0.178000
171 8 0.714166
172 8 0.181900
173 8 59.967600
174 8 63.039100
175 8 65.311500
176 8 32.286000
177 8 29.880300
178 8 28.225300
179 8 36.804300
180 8 37.217800
181 8 55.182800
182 8 0.793768
183 8 0.188900
184 8 0.838297
185 8 0.040800
186 8 0.802070
187 8 0.866400
188 8 0.728955
189 8 0.012500
190 8 0.665577
191 8 0.000000
192 8 0.563265
193 8 0.000000
194 8 94.021500
195 8 94.766700
196 8 78.432600
197 8 66.489600
198 8 0.485037
199 8 0.000000
200 8 0.447882
201 8 0.000000
202 8 0.425068
203 8 0.000000
204 8 0.384569
205 8 0.000000
206 8 0.309969
207 8 0.000000
208 8 0.740119
209 8 0.000000
210 8 58.494900
211 8 1.068940
212 8 4.494520
213 8 2.660320
214 8 1.592210
215 8 0.000000
216 8 0.688578
217 8 3.008850
218 8 5.477980
219 8 3.775370
220 8 5.657750
221 8 0.000000
222 8 1.718030
223 8 122.846000
224 8 0.000000
225 8 7.661250
226 8 0.276194
227 8 0.765135
228 8 0.445593
229 8 0.622867
230 8 0.615340
231 8 0.643875
1 9 21.786400
2 9 14.462900
3 9 7.274940
4 9 1.248640
5 9 0.000000
6 9 29.370800
7 9 32.108900
8 9 42.751900
9 9 71.153500
10 9 72.995000
11 9 60.233400
12 9 41.278800
13 9 33.651300
14 9 39.261900
15 9 29.473800
16 9 13.346100
17 9 11.691500
18 9 38.176300
19 9 54.748800
20 9 73.407000
21 9 78.238100
22 9 88.169400
23 9 79.817800
24 9 63.700300
25 9 26.178300
26 9 14.482400
27 9 12.687200
28 9 9.635630
29 9 5.693740
30 9 0.326271
31 9 10.134600
32 9 0.000000
33 9 22.389600
34 9 28.238900
35 9 36.749100
36 9 59.043400
37 9 41.718300
38 9 61.257000
39 9 68.813700
40 9 60.656900
41 9 65.697700
42 9 75.486800
43 9 52.433900
44 9 28.943300
45 9 0.062423
46 9 0.000000
47 9 3.153860
48 9 5.177630
49 9 44.886600
50 9 29.483800
51 9 33.196200
52 9 26.887100
53 9 22.387300
54 9 42.174300
55 9 34.087800
56 9 34.212200
57 9 39.578000
58 9 44.705900
59 9 48.376100
60 9 34.352000
61 9 23.511300
62 9 23.146200
63 9 11.449400
64 9 0.000000
65 9 0.000000
66 9 7.076370
67 9 16.058500
68 9 24.071100
69 9 22.173200
70 9 25.740500
71 9 37.857700
72 9 41.058000
73 9 56.545400
74 9 42.529000
75 9 41.075200
76 9 30.338600
77 9 33.436500
78 9 54.405500
79 9 64.084800
80 9 66.758400
81 9 65.868300
82 9 65.465100
83 9 71.939300
84 9 61.283400
85 9 47.151200
86 9 49.125100
87 9 45.677000
88 9 32.660700
89 9 44.906900
90 9 62.142600
91 9 63.498600
92 9 64.072600
93 9 76.064100
94 9 84.600500
95 9 83.728400
96 9 80.994500
97 9 0.497045
98 9 0.000000
99 9 0.570209
100 9 0.000000
101 9 48.956800
102 9 53.588600
103 9 57.921100
104 9 41.403300
105 9 37.572900
106 9 58.088300
107 9 68.909900
108 9 78.797100
109 9 101.382000
110 9 105.093000
111 9 92.737000
112 9 75.162500
113 9 60.771100
114 9 59.915900
115 9 62.093700
116 9 55.256000
117 9 57.599300
118 9 65.242800
119 9 94.117800
120 9 104.661000
121 9 0.649595
122 9 0.000000
123 9 0.691609
124 9 0.000000
125 9 0.764665
126 9 0.000000
127 9 25.466200
128 9 18.768700
129 9 30.949600
130 9 56.593700
131 9 71.425800
132 9 75.314400
133 9 63.289100
134 9 57.995500
135 9 56.790100
136 9 60.873500
137 9 55.917400
138 9 54.433900
139 9 61.795400
140 9 77.957600
141 9 68.449000
142 9 72.773300
143 9 95.810500
144 9 0.395386
145 9 0.000000
146 9 0.388772
147 9 0.000000
148 9 0.361573
149 9 0.005400
150 9 0.382294
151 9 0.620400
152 9 70.227700
153 9 66.146600
154 9 16.329000
155 9 27.028200
156 9 32.139300
157 9 42.212400
158 9 48.233200
159 9 48.206400
160 9 36.078200
161 9 20.728200
162 9 39.364700
163 9 68.393800
164 9 74.836400
165 9 0.449754
166 9 0.762700
167 9 0.489876
168 9 0.336800
169 9 0.530150
170 9 0.981300
171 9 0.604143
172 9 0.913800
173 9 38.976000
174 9 34.638900
175 9 31.863400
176 9 33.101400
177 9 47.931500
178 9 58.751400
179 9 68.727600
180 9 43.497100
181 9 89.815600
182 9 0.703776
183 9 0.159000
184 9 0.761490
185 9 0.106500
186 9 0.726076
187 9 0.378900
188 9 0.658672
189 9 0.003900
190 9 0.595238
191 9 0.000000
192 9 0.486932
193 9 0.000000
194 9 113.248000
195 9 102.637000
196 9 96.306700
197 9 76.382100
198 9 0.393783
199 9 0.000000
200 9 0.341595
201 9 0.000000
202 9 0.311254
203 9 0.000000
204 9 0.253266
205 9 0.000000
206 9 0.154421
207 9 0.000000
208 9 0.461985
209 9 0.000000
210 9 46.529100
211 9 0.090014
212 9 3.250460
213 9 2.271260
214 9 1.228950
215 9 0.000000
216 9 0.568379
217 9 2.313780
218 9 2.909590
219 9 1.319640
220 9 3.352670
221 9 2.453240
222 9 2.203130
223 9 0.000000
224 9 72.880600
225 9 14.231800
226 9 1.108680
227 9 0.611310
228 9 0.488426
229 9 0.570409
230 9 0.606214
231 9 0.531022
1 10 58.442500
2 10 42.714400
3 10 27.919700
4 10 18.958600
5 10 14.655300
6 10 16.858500
7 10 31.553600
8 10 26.943800
9 10 52.750200
10 10 57.271100
11 10 40.140300
12 10 37.528700
13 10 35.042900
14 10 29.622000
15 10 25.465800
16 10 20.759300
17 10 21.466600
18 10 46.896000
19 10 76.371700
20 10 91.878400
21 10 86.738500
22 10 79.107800
23 10 71.541600
24 10 60.266700
25 10 18.592000
26 10 11.804900
27 10 7.596310
28 10 2.654000
29 10 3.366860
30 10 4.059740
31 10 11.321300
32 10 15.596800
33 10 38.712100
34 10 39.465200
35 10 58.361100
36 10 35.206700
37 10 87.968300
38 10 84.399100
39 10 90.562000
40 10 62.326100
41 10 75.614700
42 10 50.804600
43 10 44.086200
44 10 23.998300
45 10 6.511220
46 10 8.868250
47 10 8.485430
48 10 17.291600
49 10 77.886800
50 10 36.228300
51 10 39.068400
52 10 37.535400
53 10 35.571000
54 10 31.699800
55 10 37.323600
56 10 37.498400
57 10 39.012000
58 10 42.436000
59 10 35.592000
60 10 13.200100
61 10 8.367520
62 10 0.000000
63 10 0.000000
64 10 0.000000
65 10 0.000000
66 10 0.000000
67 10 17.902700
68 10 57.259700
69 10 51.901200
70 10 59.363400
71 10 67.037000
72 10 63.190000
73 10 80.440200
74 10 48.483900
75 10 48.686700
76 10 46.585800
77 10 47.743500
78 10 46.481900
79 10 65.053200
80 10 70.134000
81 10 68.473200
82 10 58.277600
83 10 70.338700
84 10 69.052300
85 10 69.010500
86 10 65.915000
87 10 60.296600
88 10 63.058500
89 10 72.193700
90 10 84.975400
91 10 78.363000
92 10 76.770300
93 10 94.048600
94 10 95.622400
95 10 88.403800
96 10 84.987900
97 10 0.451702
98 10 0.000000
99 10 0.431942
100 10 0.000000
101 10 91.695200
102 10 67.505000
103 10 65.746000
104 10 55.397700
105 10 57.130400
106 10 57.824900
107 10 83.420400
108 10 94.131000
109 10 101.470000
110 10 88.188200
111 10 100.893000
112 10 83.891100
113 10 75.506800
114 10 77.994500
115 10 84.581100
116 10 94.015100
117 10 92.429900
118 10 84.801400
119 10 101.048000
120 10 108.043000
121 10 0.421309
122 10 0.000000
123 10 0.414552
124 10 0.000000
125 10 0.424124
126 10 0.000000
127 10 51.363800
128 10 35.246100
129 10 49.055700
130 10 68.453000
131 10 80.089900
132 10 67.224600
133 10 61.118500
134 10 64.678300
135 10 60.022800
136 10 62.863500
137 10 55.119700
138 10 35.907400
139 10 50.396700
140 10 51.897700
141 10 62.171400
142 10 79.818900
143 10 79.775200
144 10 0.450511
145 10 0.000000
146 10 0.484157
147 10 0.000000
148 10 0.524551
149 10 0.015000
150 10 0.568624
151 10 0.133600
152 10 101.823000
153 10 54.083900
154 10 32.302600
155 10 26.646100
156 10 18.175700
157 10 10.342500
158 10 5.018630
159 10 0.640136
160 10 0.000000
161 10 6.521430
162 10 7.934980
163 10 27.610400
164 10 35.087000
165 10 0.800801
166 10 0.339800
167 10 0.911705
168 10 0.063000
169 10 0.949087
170 10 0.054900
171 10 1.032760
172 10 0.272200
173 10 22.850800
174 10 29.445600
175 10 16.251400
176 10 17.183400
177 10 22.277500
178 10 40.437300
179 10 35.615500
180 10 59.959100
181 10 93.830900
182 10 1.117690
183 10 1.400700
184 10 1.112090
185 10 0.615900
186 10 0.997053
187 10 0.237800
188 10 0.905509
189 10 0.017600
190 10 0.805281
191 10 0.000000
192 10 0.633745
193 10 0.000000
194 10 122.761000
195 10 118.505000
196 10 108.268000
197 10 60.154300
198 10 0.501920
199 10 0.000000
200 10 0.445444
201 10 0.000000
202 10 0.402545
203 10 0.000000
204 10 0.308765
205 10 0.000000
206 10 0.214429
207 10 0.000000
208 10 0.541255
209 10 0.000000
210 10 42.592500
211 10 0.000000
212 10 3.850080
213 10 1.115410
214 10 1.377460
215 10 1.519740
216 10 0.612840
217 10 2.564100
218 10 2.982580
219 10 0.585140
220 10 2.292260
221 10 0.000000
222 10 1.834150
223 10 140.908000
224 10 0.000000
225 10 10.686800
226 10 0.485116
227 10 0.501128
228 10 0.066342
229 10 0.718246
230 10 0.553054
231 10 0.394316
;

param Prob0 :=
1	0.100
2	0.100
3	0.100
4	0.100
5	0.100
6	0.200
7	0.100
8	0.100
9	0.100
10	0.000
;
set c[0,5] := 5 1 2 3 4 6 7 8 9 10;
set c[1,5] := 5 4 6 8 10;
set c[1,7] := 7 1 2;
set c[1,3] := 3 9;
set c[2,1] := 1 7 2;
set c[2,3] := 3 9;
set c[2,8] := 8 6 10;
set c[2,4] := 4 5;
set c[3,3] := 3 9;
set c[3,4] := 4 5;
set c[3,6] := 6 8 10;
set c[3,7] := 7;
set c[3,1] := 1;
set c[3,2] := 2;
set c[4,10] := 10 6 8;
set c[4,7] := 7;
set c[4,1] := 1;
set c[4,2] := 2;
set c[4,4] := 4 5;
set c[4,3] := 3 9;
set c[5,7] := 7;
set c[5,3] := 3 9;
set c[5,2] := 2;
set c[5,1] := 1;
set c[5,4] := 4 5;
set c[5,6] := 6 10 8;
set c[6,1] := 1;
set c[6,3] := 3 9;
set c[6,2] := 2;
set c[6,10] := 10 6 8;
set c[6,4] := 4 5;
set c[6,7] := 7;
set c[7,2] := 2;
set c[7,7] := 7;
set c[7,10] := 10 6 8;
set c[7,4] := 4 5;
set c[7,3] := 3 9;
set c[7,1] := 1;
set c[8,3] := 3 9;
set c[8,10] := 10 6 8;
set c[8,7] := 7;
set c[8,1] := 1;
set c[8,4] := 4 5;
set c[8,2] := 2;
set c[9,1] := 1;
set c[9,2] := 2;
set c[9,10] := 10 6 8;
set c[9,7] := 7;
set c[9,4] := 4 5;
set c[9,3] := 3 9;
set c[10,4] := 4 5;
set c[10,7] := 7;
set c[10,2] := 2;
set c[10,3] := 3 9;
set c[10,10] := 10 6 8;
set c[10,1] := 1;
set c[11,10] := 10 6 8;
set c[11,2] := 2;
set c[11,7] := 7;
set c[11,1] := 1;
set c[11,3] := 3 9;
set c[11,4] := 4 5;
set c[12,1] := 1;
set c[12,3] := 3 9;
set c[12,4] := 4 5;
set c[12,7] := 7;
set c[12,2] := 2;
set c[12,10] := 10 6 8;
set c[13,3] := 3 9;
set c[13,2] := 2;
set c[13,10] := 10 6 8;
set c[13,7] := 7;
set c[13,4] := 4 5;
set c[13,1] := 1;
set c[14,7] := 7;
set c[14,2] := 2;
set c[14,4] := 4 5;
set c[14,8] := 8 10 6;
set c[14,1] := 1;
set c[14,3] := 3 9;
set c[15,2] := 2;
set c[15,1] := 1;
set c[15,8] := 8 10 6;
set c[15,3] := 3 9;
set c[15,4] := 4;
set c[15,5] := 5;
set c[15,7] := 7;
set c[16,5] := 5;
set c[16,3] := 3 9;
set c[16,6] := 6 10;
set c[16,8] := 8;
set c[16,1] := 1;
set c[16,4] := 4;
set c[16,7] := 7;
set c[16,2] := 2;
set c[17,2] := 2;
set c[17,8] := 8;
set c[17,1] := 1;
set c[17,4] := 4;
set c[17,7] := 7;
set c[17,6] := 6 10;
set c[17,3] := 3 9;
set c[17,5] := 5;
set c[18,7] := 7;
set c[18,3] := 3 9;
set c[18,8] := 8;
set c[18,5] := 5;
set c[18,6] := 6 10;
set c[18,4] := 4;
set c[18,1] := 1;
set c[18,2] := 2;
set c[19,3] := 3 9;
set c[19,8] := 8;
set c[19,6] := 6 10;
set c[19,4] := 4;
set c[19,2] := 2;
set c[19,1] := 1;
set c[19,5] := 5;
set c[19,7] := 7;
set c[20,2] := 2;
set c[20,5] := 5;
set c[20,7] := 7;
set c[20,4] := 4;
set c[20,8] := 8;
set c[20,6] := 6 10;
set c[20,1] := 1;
set c[20,3] := 3 9;
set c[21,8] := 8;
set c[21,5] := 5;
set c[21,1] := 1;
set c[21,6] := 6 10;
set c[21,3] := 3 9;
set c[21,7] := 7;
set c[21,4] := 4;
set c[21,2] := 2;
set c[22,3] := 3 9;
set c[22,7] := 7;
set c[22,5] := 5;
set c[22,4] := 4;
set c[22,2] := 2;
set c[22,1] := 1;
set c[22,6] := 6 10;
set c[22,8] := 8;
set c[23,7] := 7;
set c[23,4] := 4;
set c[23,6] := 6 10;
set c[23,1] := 1;
set c[23,8] := 8;
set c[23,2] := 2;
set c[23,5] := 5;
set c[23,3] := 3 9;
set c[24,3] := 3 9;
set c[24,2] := 2;
set c[24,1] := 1;
set c[24,5] := 5;
set c[24,8] := 8;
set c[24,6] := 6 10;
set c[24,4] := 4;
set c[24,7] := 7;
set c[25,5] := 5;
set c[25,1] := 1;
set c[25,7] := 7;
set c[25,4] := 4;
set c[25,6] := 6 10;
set c[25,8] := 8;
set c[25,2] := 2;
set c[25,3] := 3 9;
set c[26,3] := 3 9;
set c[26,1] := 1;
set c[26,4] := 4;
set c[26,2] := 2;
set c[26,7] := 7;
set c[26,8] := 8;
set c[26,6] := 6 10;
set c[26,5] := 5;
set c[27,6] := 6 10;
set c[27,1] := 1;
set c[27,7] := 7;
set c[27,4] := 4;
set c[27,2] := 2;
set c[27,8] := 8;
set c[27,5] := 5;
set c[27,3] := 3 9;
set c[28,1] := 1;
set c[28,4] := 4;
set c[28,2] := 2;
set c[28,7] := 7;
set c[28,5] := 5;
set c[28,3] := 3 9;
set c[28,8] := 8;
set c[28,6] := 6 10;
set c[29,5] := 5;
set c[29,2] := 2;
set c[29,4] := 4;
set c[29,7] := 7;
set c[29,8] := 8;
set c[29,6] := 6 10;
set c[29,3] := 3 9;
set c[29,1] := 1;
set c[30,7] := 7;
set c[30,8] := 8;
set c[30,2] := 2;
set c[30,3] := 3 9;
set c[30,1] := 1;
set c[30,6] := 6 10;
set c[30,4] := 4;
set c[30,5] := 5;
set c[31,8] := 8;
set c[31,3] := 3 9;
set c[31,1] := 1;
set c[31,2] := 2;
set c[31,5] := 5;
set c[31,6] := 6 10;
set c[31,4] := 4;
set c[31,7] := 7;
set c[32,6] := 6 10;
set c[32,4] := 4;
set c[32,7] := 7;
set c[32,2] := 2;
set c[32,1] := 1;
set c[32,5] := 5;
set c[32,3] := 3 9;
set c[32,8] := 8;
set c[33,1] := 1;
set c[33,2] := 2;
set c[33,7] := 7;
set c[33,8] := 8;
set c[33,4] := 4;
set c[33,5] := 5;
set c[33,3] := 3 9;
set c[33,6] := 6 10;
set c[34,6] := 6 10;
set c[34,8] := 8;
set c[34,4] := 4;
set c[34,3] := 3;
set c[34,9] := 9;
set c[34,5] := 5;
set c[34,7] := 7;
set c[34,2] := 2;
set c[34,1] := 1;

