#erel:= 0.850;
#emax:= 2245.580;
#q:= 0.000;
#nesce:=    10;
#etime:= 0.083;
#snodes:=   254;
param nS:=    10;
param nSG:=    34;
param nRVSG :=
1 24
5 2
9 2
13 2
17 2
21 9
25 2
29 2
33 2
2 24
6 2
10 2
14 2
18 2
22 2
26 2
30 2
34 24
3 24
7 20
11 17
15 2
19 2
23 2
27 2
31 2
4 24
8 2
12 2
16 13
20 2
24 2
28 4
32 2
;


param ScenF :=
1 0
59 21.9309
117 59.0976
175 29.2619
2 0
60 23.4934
118 73.0217
176 26.6138
3 0
61 32.5914
119 91.392
177 21.1761
4 0
62 33.1382
120 88.6164
178 36.0872
5 0
63 33.3339
121 0.641264
179 61.3036
6 0
64 30.3539
122 0
180 83.7924
7 0
65 41.2744
123 0.620315
181 63.4422
8 0
66 60.5674
124 0
182 0.47958
9 11.7264
67 56.4035
125 0.637572
183 0.5072
10 16.6011
68 41.9563
126 0
184 0.478567
11 13.7899
69 56.934
127 26.5479
185 0.4006
12 12.1632
70 54.3341
128 44.5984
186 0.488424
13 15.7695
71 48.6967
129 38.5776
187 0.1658
14 14.135
72 41.1979
130 29.2883
188 0.503067
15 10.9203
73 22.3923
131 37.4487
189 0.0002
16 6.77744
74 35.0843
132 52.8687
190 0.50049
17 11.3146
75 23.4887
133 59.0695
191 0
18 23.1161
76 10.2226
134 54.8993
192 0.462266
19 35.7864
77 5.7695
135 56.695
193 0
20 38.6166
78 11.8918
136 53.6021
194 58.1782
21 34.36
79 23.6868
137 46.9221
195 49.903
22 27.9621
80 31.6341
138 41.2123
196 35.7461
23 26.1323
81 34.5438
139 42.4138
197 32.5211
24 19.2485
82 19.5835
140 58.0664
198 0.439621
25 7.48193
83 23.6917
141 65.8411
199 0
26 6.1926
84 20.3522
142 68.0882
200 0.442104
27 3.78679
85 11.9521
143 45.8778
201 0
28 2.80523
86 11.6414
144 0.646546
202 0.432968
29 2.81059
87 12.1294
145 0
203 0
30 3.78409
88 9.09429
146 0.618235
204 0.417139
31 9.32222
89 40.4194
147 0
205 0
32 2.57953
90 55.0066
148 0.571328
206 0.403844
33 0
91 56.3649
149 0.0001
207 0
34 0
92 72.9404
150 0.483114
208 0
35 9.37199
93 80.5502
151 0.1091
209 0
36 10.869
94 70.317
152 8.47619
210 0
37 9.98037
95 64.9462
153 12.3417
211 0
38 7.50763
96 58.8909
154 28.0754
212 19.1377
39 6.13872
97 0.727828
155 35.4666
213 1.31181
40 10.9755
98 0
156 27.7392
214 1.2293
41 21.9203
99 0.692438
157 21.3673
215 15.5418
42 11.4403
100 0
158 19.1157
216 1.28296
43 0
101 20.5529
159 19.4905
217 0
44 0
102 40.3807
160 19.7117
218 8.63981
45 0
103 38.1746
161 19.6875
219 5.66817
46 0
104 35.5517
162 22.8811
220 2.30675
47 0
105 36.2601
163 33.4793
221 0
48 0
106 41.6403
164 31.8119
222 0.296918
49 18.0378
107 44.2326
165 0.424146
223 252.892
50 32.6167
108 50.1096
166 0.3403
224 7.33198
51 31.7338
109 67.5868
167 0.410864
225 5.00412
52 25.2963
110 77.9788
168 0.5402
226 2.58495
53 17.1045
111 69.8731
169 0.431536
227 0.889691
54 20.4599
112 64.384
170 0.5768
228 0.298527
55 26.0038
113 65.7513
171 0.45835
229 0.20878
56 33.1284
114 66.8999
172 0.5948
230 0.236042
57 38.548
115 61.6288
173 22.5654
231 0.017631
58 32.825
116 58.0788
174 24.596
;


param ScenO :=
1 41.6
48 19.28
95 60
142 74
189 0.001
2 41
49 45.5
96 55.21
143 71.39
190 0.813
3 30.57
50 30.82
97 0.734
144 0.646
191 0
4 20.87
51 23.14
98 0
145 0
192 0.71
5 18.37
52 20.87
99 0.73
146 0.692
193 0
6 16.66
53 18.37
100 0
147 0
194 63
7 16.66
54 16.66
101 46.7
148 0.705
195 59
8 18.3
55 16.66
102 44
149 0.016
196 55.54
9 20
56 18.3
103 40.57
150 0.689
197 46.62
10 30
57 20
104 30.87
151 0.209
198 0.614
11 32.95
58 22.58
105 22.06
152 25
199 0
12 21
59 32.95
106 20.5
153 28
200 0.528
13 18.47
60 21
107 20.5
154 34.44
201 0
14 18.37
61 18.47
108 21
155 25.2
202 0.486
15 18.47
62 18.37
109 22.06
156 22.16
203 0
16 18.47
63 18.47
110 32
157 21.37
204 0.488
17 21.25
64 18.47
111 35.17
158 21.47
205 0
18 40
65 21.25
112 25
159 22.16
206 0.494
19 60
66 39.47
113 22.87
160 23.38
207 0
20 76
67 54.33
114 22.06
161 41.5
208 0.46226
21 76.27
68 71
115 22.06
162 53
209 0.327073
22 68.43
69 71.26
116 22
163 70.8
210 0.075564
23 63.26
70 61.57
117 23.38
164 71.3
211 3.47197
24 57.87
71 58.25
118 42.22
165 0.699
212 0.102341
25 33.92
72 52.67
119 54.01
166 0.425
213 4.10564
26 38.24
73 49.5
120 71
167 0.808
214 4.07443
27 36.16
74 36.9
121 0.695
168 0.558
215 4.01803
28 39.64
75 32.47
122 0
169 0.864
216 4.134
29 40.36
76 23.27
123 0.64
170 0.612
217 2.21467
30 42.28
77 20.77
124 0
171 0.896
218 0.010015
31 41.12
78 19.06
125 0.594
172 0.578
219 0.312857
32 40.68
79 18.33
126 0
173 18.37
220 0.472117
33 37.36
80 20.7
127 48.85
174 14.14
221 3.17365
34 40
81 22.06
128 17.66
175 18.47
222 4.1386
35 45.48
82 31.2
129 17.67
176 21.25
223 0.927991
36 41.68
83 35.35
130 21.3
177 23.89
224 3.58353
37 38.12
84 24
131 23
178 40.77
225 0.30575
38 38.8
85 20.87
132 30.79
179 64.89
226 0.311833
39 38.88
86 20.77
133 34.96
180 76.27
227 0.320921
40 39.16
87 20.87
134 23.1
181 68.11
228 0.985971
41 43.12
88 20.87
135 20.48
182 0.926
229 0.434751
42 38.88
89 24.25
136 20.38
183 0.422
230 0.780746
43 20.76
90 42.22
137 20.48
184 0.928
231 1.59254
44 7.64
91 57.34
138 20.48
185 0.224
45 7.76
92 70.8
139 23.38
186 0.91
46 13.92
93 71.27
140 42.22
187 0.089
47 14.4
94 63.43
141 56
188 0.88
;


param Scen0 :=
1 1 38.478600
2 1 10.073100
3 1 5.533910
4 1 2.733990
5 1 1.231540
6 1 2.021110
7 1 10.225300
8 1 0.000000
9 1 21.099700
10 1 24.300800
11 1 15.578200
12 1 7.004700
13 1 17.581900
14 1 4.539880
15 1 2.623500
16 1 0.760025
17 1 17.339500
18 1 19.078300
19 1 38.706500
20 1 26.089500
21 1 35.050000
22 1 26.536200
23 1 9.643080
24 1 3.850380
25 1 11.497800
26 1 5.048000
27 1 0.000000
28 1 0.000000
29 1 0.000000
30 1 1.634550
31 1 9.074610
32 1 15.695400
33 1 11.909500
34 1 16.235300
35 1 5.200130
36 1 22.997400
37 1 14.646300
38 1 19.417900
39 1 15.847600
40 1 21.602800
41 1 22.141200
42 1 25.291700
43 1 0.000000
44 1 0.000000
45 1 0.000000
46 1 0.000000
47 1 0.000000
48 1 0.000000
49 1 47.263400
50 1 42.405000
51 1 41.711600
52 1 33.447200
53 1 23.620100
54 1 19.802500
55 1 30.956200
56 1 42.941500
57 1 47.650200
58 1 28.534600
59 1 27.273900
60 1 21.881200
61 1 36.106000
62 1 26.146600
63 1 24.561800
64 1 21.590200
65 1 34.371000
66 1 58.790900
67 1 70.755800
68 1 39.259000
69 1 66.500300
70 1 53.831300
71 1 36.938900
72 1 29.638900
73 1 39.678100
74 1 26.198700
75 1 27.936900
76 1 13.192200
77 1 7.397120
78 1 11.844200
79 1 27.791800
80 1 46.045100
81 1 37.397700
82 1 22.834900
83 1 28.946200
84 1 2.651730
85 1 0.000000
86 1 0.000000
87 1 0.000000
88 1 0.000000
89 1 32.444600
90 1 36.632200
91 1 55.579700
92 1 86.827000
93 1 91.380900
94 1 80.608800
95 1 69.974700
96 1 67.425300
97 1 0.735554
98 1 0.000000
99 1 0.669263
100 1 0.000000
101 1 69.778300
102 1 37.342200
103 1 31.230900
104 1 28.498500
105 1 30.044500
106 1 33.102500
107 1 40.011300
108 1 50.540200
109 1 52.374800
110 1 56.012600
111 1 61.217200
112 1 53.346400
113 1 51.413200
114 1 49.094900
115 1 51.056300
116 1 50.361600
117 1 55.283900
118 1 76.509100
119 1 86.531500
120 1 91.852900
121 1 0.631814
122 1 0.000000
123 1 0.613645
124 1 0.000000
125 1 0.658054
126 1 0.000000
127 1 45.726400
128 1 25.403400
129 1 40.501100
130 1 47.299500
131 1 33.942800
132 1 43.857500
133 1 55.503800
134 1 58.245500
135 1 52.491300
136 1 53.572500
137 1 45.055900
138 1 37.551800
139 1 29.748000
140 1 41.196400
141 1 52.118600
142 1 53.127600
143 1 77.006000
144 1 0.662261
145 1 0.000000
146 1 0.544288
147 1 0.000000
148 1 0.501207
149 1 0.000100
150 1 0.427224
151 1 0.144100
152 1 19.411400
153 1 0.000000
154 1 18.162500
155 1 28.118600
156 1 25.260500
157 1 21.726800
158 1 8.863040
159 1 3.624150
160 1 2.247140
161 1 7.188670
162 1 21.973600
163 1 52.161700
164 1 59.083300
165 1 0.390308
166 1 0.399200
167 1 0.249177
168 1 0.754000
169 1 0.296816
170 1 2.030400
171 1 0.341088
172 1 0.720400
173 1 49.264900
174 1 0.000000
175 1 0.000000
176 1 0.000000
177 1 0.000000
178 1 0.000000
179 1 35.149900
180 1 72.197300
181 1 96.295900
182 1 0.368171
183 1 0.332200
184 1 0.377270
185 1 0.246000
186 1 0.380171
187 1 0.408400
188 1 0.378903
189 1 0.000300
190 1 0.537647
191 1 0.000000
192 1 0.514639
193 1 0.000000
194 1 47.726000
195 1 41.829800
196 1 25.765200
197 1 25.602800
198 1 0.508701
199 1 0.000000
200 1 0.528606
201 1 0.000000
202 1 0.514572
203 1 0.000000
204 1 0.466523
205 1 0.000000
206 1 0.407952
207 1 0.000000
208 1 0.293804
209 1 0.000000
210 1 23.503700
211 1 0.265124
212 1 18.805800
213 1 0.000000
214 1 2.218930
215 1 12.518300
216 1 0.959673
217 1 0.000000
218 1 8.103810
219 1 6.659550
220 1 2.555900
221 1 0.106439
222 1 0.928833
223 1 367.721000
224 1 0.000000
225 1 0.000000
226 1 5.295260
227 1 1.338800
228 1 0.490046
229 1 0.271738
230 1 0.230551
231 1 0.000000
1 2 38.169700
2 2 3.151450
3 2 3.180560
4 2 7.408940
5 2 7.728280
6 2 0.023488
7 2 10.085700
8 2 8.323170
9 2 12.622900
10 2 16.525300
11 2 19.437600
12 2 18.184800
13 2 29.598900
14 2 28.580700
15 2 23.393900
16 2 21.030400
17 2 21.412100
18 2 21.258900
19 2 43.723700
20 2 24.523500
21 2 32.377800
22 2 23.518300
23 2 25.075600
24 2 27.048000
25 2 19.631600
26 2 0.340257
27 2 0.000000
28 2 1.577160
29 2 0.164122
30 2 0.000000
31 2 4.321880
32 2 0.000000
33 2 0.000000
34 2 0.000000
35 2 0.000000
36 2 9.967710
37 2 0.000000
38 2 0.000000
39 2 0.938954
40 2 0.000000
41 2 0.421867
42 2 22.092200
43 2 2.949440
44 2 10.661000
45 2 0.000000
46 2 0.000000
47 2 0.000000
48 2 0.000000
49 2 44.893000
50 2 28.238200
51 2 33.750600
52 2 28.893200
53 2 20.325200
54 2 10.023900
55 2 28.777700
56 2 48.315700
57 2 37.345300
58 2 20.236600
59 2 18.576200
60 2 23.388200
61 2 38.824600
62 2 41.303100
63 2 43.506800
64 2 36.070500
65 2 46.592900
66 2 52.924300
67 2 68.674200
68 2 41.527400
69 2 62.066900
70 2 48.735500
71 2 47.514700
72 2 53.438200
73 2 52.265500
74 2 40.381600
75 2 32.445300
76 2 24.269600
77 2 20.277300
78 2 12.435700
79 2 35.089800
80 2 46.436300
81 2 36.746800
82 2 26.347800
83 2 24.574800
84 2 17.638000
85 2 11.690700
86 2 14.378500
87 2 18.318500
88 2 16.459000
89 2 38.722900
90 2 39.320000
91 2 63.785200
92 2 65.728300
93 2 80.591300
94 2 59.346400
95 2 57.986700
96 2 62.362800
97 2 0.739042
98 2 0.000000
99 2 0.717697
100 2 0.000000
101 2 58.510600
102 2 43.024700
103 2 41.700800
104 2 41.554100
105 2 35.759000
106 2 42.607200
107 2 58.456600
108 2 68.192700
109 2 58.719100
110 2 65.813900
111 2 72.162600
112 2 68.761000
113 2 67.259700
114 2 67.640100
115 2 65.951300
116 2 66.457400
117 2 63.837300
118 2 68.193800
119 2 99.301100
120 2 106.017000
121 2 0.674047
122 2 0.000000
123 2 0.655156
124 2 0.000000
125 2 0.666163
126 2 0.000000
127 2 20.213500
128 2 11.621100
129 2 14.557600
130 2 27.142200
131 2 26.470600
132 2 49.503500
133 2 50.851800
134 2 44.053800
135 2 40.588500
136 2 42.746400
137 2 30.293900
138 2 24.054000
139 2 13.120700
140 2 53.592300
141 2 60.403700
142 2 63.085600
143 2 79.687200
144 2 0.653939
145 2 0.000000
146 2 0.619550
147 2 0.000000
148 2 0.572437
149 2 0.000200
150 2 0.498339
151 2 0.399300
152 2 0.000000
153 2 0.000000
154 2 16.145900
155 2 38.348800
156 2 38.023100
157 2 29.322800
158 2 26.119800
159 2 21.513400
160 2 24.449200
161 2 17.568500
162 2 30.665900
163 2 26.124600
164 2 47.008800
165 2 0.468655
166 2 0.103500
167 2 0.451944
168 2 0.248600
169 2 0.449822
170 2 4.772500
171 2 0.454920
172 2 6.390600
173 2 16.587600
174 2 9.574960
175 2 11.594000
176 2 15.561200
177 2 13.554000
178 2 55.880300
179 2 63.245500
180 2 53.841600
181 2 99.445200
182 2 0.451174
183 2 1.833100
184 2 0.543625
185 2 1.878900
186 2 0.548162
187 2 0.068000
188 2 0.525379
189 2 0.000300
190 2 0.495233
191 2 0.000000
192 2 0.443872
193 2 0.000000
194 2 45.589900
195 2 39.491700
196 2 37.230000
197 2 36.995900
198 2 0.416606
199 2 0.000000
200 2 0.428505
201 2 0.000000
202 2 0.465804
203 2 0.000000
204 2 0.478700
205 2 0.000000
206 2 0.439528
207 2 0.000000
208 2 0.174613
209 2 0.275307
210 2 14.028100
211 2 0.477739
212 2 17.706100
213 2 0.181692
214 2 2.201570
215 2 13.798900
216 2 0.905332
217 2 0.000000
218 2 9.148630
219 2 8.770860
220 2 2.928920
221 2 0.000000
222 2 1.376920
223 2 342.611000
224 2 0.795625
225 2 0.000000
226 2 3.182360
227 2 1.331170
228 2 0.860125
229 2 0.473695
230 2 0.410512
231 2 0.000000
1 3 38.169700
2 3 3.151450
3 3 3.180560
4 3 7.408940
5 3 7.728280
6 3 0.023488
7 3 10.085700
8 3 8.323170
9 3 12.622900
10 3 16.525300
11 3 19.437600
12 3 18.184800
13 3 29.598900
14 3 28.580700
15 3 23.393900
16 3 21.030400
17 3 21.412100
18 3 21.258900
19 3 43.723700
20 3 24.523500
21 3 32.377800
22 3 23.518300
23 3 25.075600
24 3 27.048000
25 3 19.631600
26 3 0.340257
27 3 0.000000
28 3 1.577160
29 3 0.164122
30 3 0.000000
31 3 4.321880
32 3 0.000000
33 3 0.000000
34 3 0.000000
35 3 0.000000
36 3 9.967710
37 3 0.000000
38 3 0.000000
39 3 0.938954
40 3 0.000000
41 3 0.421867
42 3 22.092200
43 3 2.949440
44 3 10.661000
45 3 0.000000
46 3 0.000000
47 3 0.000000
48 3 0.000000
49 3 33.915100
50 3 24.044300
51 3 29.304600
52 3 20.301100
53 3 11.081900
54 3 26.161000
55 3 24.017700
56 3 37.829000
57 3 41.818000
58 3 35.472100
59 3 35.012200
60 3 26.604500
61 3 31.728800
62 3 37.423400
63 3 32.328700
64 3 21.472400
65 3 33.111200
66 3 56.609300
67 3 49.007200
68 3 34.102000
69 3 52.175900
70 3 54.987100
71 3 41.722900
72 3 38.477400
73 3 38.176500
74 3 22.362000
75 3 18.599000
76 3 0.000000
77 3 0.000000
78 3 17.315400
79 3 28.692700
80 3 38.478800
81 3 44.781100
82 3 41.425300
83 3 41.261800
84 3 28.190900
85 3 13.817500
86 3 13.537600
87 3 14.819100
88 3 9.044180
89 3 31.642400
90 3 50.761200
91 3 59.591800
92 3 64.308200
93 3 79.015600
94 3 79.982500
95 3 67.164100
96 3 63.325000
97 3 0.722072
98 3 0.000000
99 3 0.673185
100 3 0.000000
101 3 28.448100
102 3 30.995500
103 3 36.668400
104 3 22.125500
105 3 20.543000
106 3 52.273000
107 3 60.352000
108 3 69.274100
109 3 87.799500
110 3 96.821300
111 3 83.348000
112 3 75.829600
113 3 72.541400
114 3 65.107100
115 3 61.871400
116 3 54.959200
117 3 52.518600
118 3 70.804700
119 3 91.519700
120 3 98.745200
121 3 0.608677
122 3 0.000000
123 3 0.536035
124 3 0.000000
125 3 0.503161
126 3 0.000000
127 3 36.339300
128 3 47.901500
129 3 38.043000
130 3 26.026700
131 3 26.058800
132 3 44.345900
133 3 62.207300
134 3 62.260500
135 3 63.209900
136 3 62.767900
137 3 54.691200
138 3 45.437000
139 3 44.215500
140 3 57.225800
141 3 70.646500
142 3 73.296600
143 3 73.137600
144 3 0.672615
145 3 0.000000
146 3 0.623514
147 3 0.000000
148 3 0.553331
149 3 0.000100
150 3 0.460607
151 3 0.022300
152 3 27.280400
153 3 9.902280
154 3 0.000000
155 3 17.591300
156 3 20.014600
157 3 24.366900
158 3 26.838100
159 3 28.327200
160 3 22.632400
161 3 3.124340
162 3 8.487940
163 3 19.105900
164 3 28.732500
165 3 0.387232
166 3 0.279200
167 3 0.360329
168 3 0.374400
169 3 0.354599
170 3 0.814900
171 3 0.361499
172 3 0.249000
173 3 37.379700
174 3 39.988900
175 3 44.490300
176 3 52.612700
177 3 40.212600
178 3 70.543300
179 3 58.801100
180 3 71.574600
181 3 91.541000
182 3 0.377714
183 3 0.091300
184 3 0.367398
185 3 0.257500
186 3 0.356944
187 3 0.090600
188 3 0.372937
189 3 0.000300
190 3 0.390392
191 3 0.000000
192 3 0.384803
193 3 0.000000
194 3 67.198200
195 3 54.691800
196 3 56.347500
197 3 42.692100
198 3 0.379155
199 3 0.000000
200 3 0.371161
201 3 0.000000
202 3 0.335632
203 3 0.000000
204 3 0.301876
205 3 0.000000
206 3 0.289950
207 3 0.000000
208 3 0.000000
209 3 0.000000
210 3 0.000000
211 3 0.000000
212 3 17.781800
213 3 0.000000
214 3 1.917870
215 3 13.809400
216 3 1.035590
217 3 0.069856
218 3 10.140000
219 3 8.570140
220 3 5.822830
221 3 3.672480
222 3 0.560397
223 3 210.234000
224 3 5.481930
225 3 0.251890
226 3 2.148980
227 3 1.099550
228 3 0.549319
229 3 0.330268
230 3 0.208140
231 3 0.000000
1 4 38.478600
2 4 10.073100
3 4 5.533910
4 4 2.733990
5 4 1.231540
6 4 2.021110
7 4 10.225300
8 4 0.000000
9 4 21.099700
10 4 24.300800
11 4 15.578200
12 4 7.004700
13 4 17.581900
14 4 4.539880
15 4 2.623500
16 4 0.760025
17 4 17.339500
18 4 19.078300
19 4 38.706500
20 4 26.089500
21 4 35.050000
22 4 26.536200
23 4 9.643080
24 4 3.850380
25 4 11.497800
26 4 5.048000
27 4 0.000000
28 4 0.000000
29 4 0.000000
30 4 1.634550
31 4 9.074610
32 4 15.695400
33 4 11.909500
34 4 16.235300
35 4 5.200130
36 4 22.997400
37 4 14.646300
38 4 19.417900
39 4 15.847600
40 4 21.602800
41 4 22.141200
42 4 25.291700
43 4 0.000000
44 4 0.000000
45 4 0.000000
46 4 0.000000
47 4 0.000000
48 4 0.000000
49 4 47.263400
50 4 42.405000
51 4 41.711600
52 4 33.447200
53 4 23.620100
54 4 19.802500
55 4 30.956200
56 4 42.941500
57 4 47.650200
58 4 28.534600
59 4 27.273900
60 4 21.881200
61 4 36.106000
62 4 26.146600
63 4 24.561800
64 4 21.590200
65 4 34.371000
66 4 58.790900
67 4 70.755800
68 4 39.259000
69 4 66.500300
70 4 53.831300
71 4 36.938900
72 4 29.638900
73 4 39.678100
74 4 26.198700
75 4 27.936900
76 4 13.192200
77 4 7.397120
78 4 11.844200
79 4 27.791800
80 4 46.045100
81 4 37.397700
82 4 22.834900
83 4 28.946200
84 4 2.651730
85 4 0.000000
86 4 0.000000
87 4 0.000000
88 4 0.000000
89 4 32.444600
90 4 36.632200
91 4 55.579700
92 4 86.827000
93 4 91.380900
94 4 80.608800
95 4 69.974700
96 4 67.425300
97 4 0.735554
98 4 0.000000
99 4 0.669263
100 4 0.000000
101 4 69.778300
102 4 37.342200
103 4 31.230900
104 4 28.498500
105 4 30.044500
106 4 33.102500
107 4 40.011300
108 4 50.540200
109 4 52.374800
110 4 56.012600
111 4 61.217200
112 4 53.346400
113 4 51.413200
114 4 49.094900
115 4 51.056300
116 4 50.361600
117 4 55.283900
118 4 76.509100
119 4 86.531500
120 4 91.852900
121 4 0.631814
122 4 0.000000
123 4 0.613645
124 4 0.000000
125 4 0.658054
126 4 0.000000
127 4 45.726400
128 4 25.403400
129 4 40.501100
130 4 47.299500
131 4 33.942800
132 4 43.857500
133 4 55.503800
134 4 58.245500
135 4 52.491300
136 4 53.572500
137 4 45.055900
138 4 37.551800
139 4 29.748000
140 4 41.196400
141 4 52.118600
142 4 53.127600
143 4 77.006000
144 4 0.662261
145 4 0.000000
146 4 0.544288
147 4 0.000000
148 4 0.501207
149 4 0.000100
150 4 0.427224
151 4 0.144100
152 4 19.411400
153 4 0.000000
154 4 18.162500
155 4 28.118600
156 4 25.260500
157 4 21.726800
158 4 8.863040
159 4 3.624150
160 4 2.247140
161 4 7.188670
162 4 21.973600
163 4 52.161700
164 4 59.083300
165 4 0.390308
166 4 0.399200
167 4 0.249177
168 4 0.754000
169 4 0.296816
170 4 2.030400
171 4 0.341088
172 4 0.720400
173 4 49.264900
174 4 0.000000
175 4 0.000000
176 4 0.000000
177 4 0.000000
178 4 0.000000
179 4 35.149900
180 4 72.197300
181 4 96.295900
182 4 0.368171
183 4 0.332200
184 4 0.377270
185 4 0.246000
186 4 0.691355
187 4 0.047600
188 4 0.656984
189 4 0.000200
190 4 0.650705
191 4 0.000000
192 4 0.628731
193 4 0.000000
194 4 67.306500
195 4 52.655800
196 4 34.970500
197 4 18.939800
198 4 0.602242
199 4 0.000000
200 4 0.585689
201 4 0.000000
202 4 0.558970
203 4 0.000000
204 4 0.544992
205 4 0.000000
206 4 0.548946
207 4 0.000000
208 4 0.000000
209 4 0.000000
210 4 6.088510
211 4 0.000000
212 4 19.218100
213 4 0.423304
214 4 2.397110
215 4 15.589700
216 4 1.360970
217 4 0.000000
218 4 9.851470
219 4 8.126110
220 4 4.418320
221 4 1.752560
222 4 0.772181
223 4 325.259000
224 4 0.000000
225 4 2.151110
226 4 2.841070
227 4 0.894435
228 4 0.156056
229 4 0.541561
230 4 0.274687
231 4 0.000000
1 5 38.478600
2 5 10.073100
3 5 5.533910
4 5 2.733990
5 5 1.231540
6 5 2.021110
7 5 10.225300
8 5 0.000000
9 5 21.099700
10 5 24.300800
11 5 15.578200
12 5 7.004700
13 5 17.581900
14 5 4.539880
15 5 2.623500
16 5 0.760025
17 5 17.339500
18 5 19.078300
19 5 38.706500
20 5 26.089500
21 5 35.050000
22 5 26.536200
23 5 9.643080
24 5 3.850380
25 5 11.497800
26 5 5.048000
27 5 0.000000
28 5 0.000000
29 5 0.000000
30 5 1.634550
31 5 9.074610
32 5 15.695400
33 5 11.909500
34 5 16.235300
35 5 5.200130
36 5 22.997400
37 5 14.646300
38 5 19.417900
39 5 15.847600
40 5 21.602800
41 5 22.141200
42 5 25.291700
43 5 0.000000
44 5 0.000000
45 5 0.000000
46 5 0.000000
47 5 0.000000
48 5 0.000000
49 5 47.263400
50 5 42.405000
51 5 41.711600
52 5 33.447200
53 5 23.620100
54 5 19.802500
55 5 30.956200
56 5 42.941500
57 5 47.650200
58 5 28.534600
59 5 27.273900
60 5 21.881200
61 5 36.106000
62 5 26.146600
63 5 24.561800
64 5 21.590200
65 5 34.371000
66 5 58.790900
67 5 70.755800
68 5 39.259000
69 5 66.500300
70 5 53.831300
71 5 36.938900
72 5 29.638900
73 5 39.678100
74 5 26.198700
75 5 27.936900
76 5 13.192200
77 5 7.397120
78 5 11.844200
79 5 27.791800
80 5 46.045100
81 5 37.397700
82 5 22.834900
83 5 28.946200
84 5 2.651730
85 5 0.000000
86 5 0.000000
87 5 0.000000
88 5 0.000000
89 5 32.444600
90 5 36.632200
91 5 55.579700
92 5 86.827000
93 5 91.380900
94 5 80.608800
95 5 69.974700
96 5 67.425300
97 5 0.735554
98 5 0.000000
99 5 0.669263
100 5 0.000000
101 5 69.778300
102 5 37.342200
103 5 31.230900
104 5 28.498500
105 5 30.044500
106 5 33.102500
107 5 40.011300
108 5 50.540200
109 5 52.374800
110 5 56.012600
111 5 61.217200
112 5 53.346400
113 5 51.413200
114 5 49.094900
115 5 51.056300
116 5 50.361600
117 5 55.283900
118 5 76.509100
119 5 86.531500
120 5 91.852900
121 5 0.631814
122 5 0.000000
123 5 0.613645
124 5 0.000000
125 5 0.658054
126 5 0.000000
127 5 45.726400
128 5 25.403400
129 5 40.501100
130 5 47.299500
131 5 33.942800
132 5 43.857500
133 5 55.503800
134 5 58.245500
135 5 52.491300
136 5 53.572500
137 5 45.055900
138 5 37.551800
139 5 29.748000
140 5 41.196400
141 5 52.118600
142 5 53.127600
143 5 77.006000
144 5 0.756713
145 5 0.000000
146 5 0.715668
147 5 0.000000
148 5 0.631008
149 5 0.000200
150 5 0.496015
151 5 0.039400
152 5 25.785600
153 5 21.240700
154 5 17.541300
155 5 38.405000
156 5 47.346500
157 5 5.125980
158 5 9.605920
159 5 5.298060
160 5 2.030720
161 5 11.850000
162 5 14.032900
163 5 20.245100
164 5 35.215100
165 5 0.388942
166 5 0.275800
167 5 0.349440
168 5 0.620900
169 5 0.292797
170 5 2.493300
171 5 0.316611
172 5 0.542000
173 5 4.152530
174 5 9.560780
175 5 0.500534
176 5 4.065650
177 5 34.064400
178 5 21.591300
179 5 28.395700
180 5 71.493700
181 5 104.571000
182 5 0.351926
183 5 0.312400
184 5 0.381744
185 5 0.576700
186 5 0.427073
187 5 0.229700
188 5 0.467363
189 5 0.000100
190 5 0.511873
191 5 0.000000
192 5 0.528353
193 5 0.000000
194 5 36.962100
195 5 77.421200
196 5 72.375900
197 5 58.990300
198 5 0.470804
199 5 0.000000
200 5 0.370222
201 5 0.000000
202 5 0.301476
203 5 0.000000
204 5 0.274025
205 5 0.000000
206 5 0.249096
207 5 0.000000
208 5 0.000000
209 5 0.000000
210 5 1.350630
211 5 0.000000
212 5 20.505900
213 5 0.556413
214 5 2.165170
215 5 16.433900
216 5 1.126650
217 5 0.000000
218 5 7.637830
219 5 7.165400
220 5 3.067900
221 5 1.225070
222 5 0.700477
223 5 346.613000
224 5 8.166490
225 5 0.000000
226 5 2.623820
227 5 1.210600
228 5 0.860780
229 5 0.119722
230 5 0.261884
231 5 0.000000
1 6 38.169700
2 6 3.151450
3 6 3.180560
4 6 7.408940
5 6 7.728280
6 6 0.023488
7 6 10.085700
8 6 8.323170
9 6 12.622900
10 6 16.525300
11 6 19.437600
12 6 18.184800
13 6 29.598900
14 6 28.580700
15 6 23.393900
16 6 21.030400
17 6 21.412100
18 6 21.258900
19 6 43.723700
20 6 24.523500
21 6 32.377800
22 6 23.518300
23 6 25.075600
24 6 27.048000
25 6 19.631600
26 6 0.340257
27 6 0.000000
28 6 1.577160
29 6 0.164122
30 6 0.000000
31 6 4.321880
32 6 0.000000
33 6 0.000000
34 6 0.000000
35 6 0.000000
36 6 9.967710
37 6 0.000000
38 6 0.000000
39 6 0.938954
40 6 0.000000
41 6 0.421867
42 6 22.092200
43 6 2.949440
44 6 10.661000
45 6 0.000000
46 6 0.000000
47 6 0.000000
48 6 0.000000
49 6 49.694900
50 6 19.270400
51 6 26.144600
52 6 23.412100
53 6 13.997000
54 6 15.008700
55 6 20.647600
56 6 32.085400
57 6 30.968000
58 6 29.139800
59 6 30.054100
60 6 25.639400
61 6 31.004600
62 6 30.100400
63 6 26.542100
64 6 18.411800
65 6 30.771700
66 6 52.365000
67 6 50.837800
68 6 46.407000
69 6 86.759300
70 6 71.833900
71 6 65.230400
72 6 62.260000
73 6 55.563200
74 6 31.580700
75 6 34.817100
76 6 26.231400
77 6 20.057400
78 6 25.756300
79 6 39.104000
80 6 46.132100
81 6 45.655100
82 6 47.000000
83 6 47.788100
84 6 40.593700
85 6 32.938000
86 6 31.644300
87 6 25.625200
88 6 20.641900
89 6 44.271400
90 6 65.361800
91 6 71.004200
92 6 81.987700
93 6 112.963000
94 6 97.983400
95 6 88.329800
96 6 83.115900
97 6 0.708538
98 6 0.000000
99 6 0.637940
100 6 0.000000
101 6 55.628400
102 6 43.864700
103 6 44.767900
104 6 44.133900
105 6 43.382400
106 6 56.847700
107 6 66.563100
108 6 72.783800
109 6 90.212800
110 6 100.324000
111 6 94.242300
112 6 93.187800
113 6 96.589000
114 6 90.329400
115 6 83.604700
116 6 83.451200
117 6 82.157500
118 6 103.803000
119 6 115.350000
120 6 131.937000
121 6 0.690013
122 6 0.000000
123 6 0.672808
124 6 0.000000
125 6 0.671985
126 6 0.000000
127 6 31.270500
128 6 12.159500
129 6 5.954020
130 6 22.672500
131 6 29.612200
132 6 57.957600
133 6 66.774400
134 6 67.369700
135 6 57.976800
136 6 50.630900
137 6 41.882200
138 6 30.813000
139 6 29.556600
140 6 46.875800
141 6 46.902100
142 6 45.737500
143 6 54.967000
144 6 0.676930
145 6 0.000000
146 6 0.660806
147 6 0.000000
148 6 0.624045
149 6 0.000100
150 6 0.584360
151 6 0.178500
152 6 52.016900
153 6 0.000000
154 6 2.627040
155 6 37.843700
156 6 0.000000
157 6 0.000000
158 6 0.000000
159 6 0.000000
160 6 0.000000
161 6 0.000000
162 6 0.000000
163 6 0.000000
164 6 25.769700
165 6 0.531225
166 6 0.128900
167 6 0.510235
168 6 0.180800
169 6 0.533299
170 6 1.883500
171 6 0.563539
172 6 5.289900
173 6 55.805200
174 6 54.354700
175 6 57.513400
176 6 38.948400
177 6 58.548200
178 6 58.325600
179 6 71.303900
180 6 81.277900
181 6 93.978500
182 6 0.589841
183 6 0.471600
184 6 0.620197
185 6 2.489600
186 6 0.657806
187 6 0.307100
188 6 0.677559
189 6 0.000500
190 6 0.653549
191 6 0.000000
192 6 0.619398
193 6 0.000000
194 6 76.918800
195 6 73.741100
196 6 69.519000
197 6 33.941400
198 6 0.600227
199 6 0.000000
200 6 0.616347
201 6 0.000000
202 6 0.619589
203 6 0.000000
204 6 0.597515
205 6 0.000000
206 6 0.600323
207 6 0.000000
208 6 0.044755
209 6 0.000000
210 6 13.456900
211 6 0.000000
212 6 19.820700
213 6 0.000000
214 6 2.363960
215 6 13.690400
216 6 1.167780
217 6 0.000000
218 6 10.347400
219 6 9.577020
220 6 5.047680
221 6 0.440820
222 6 0.559917
223 6 338.916000
224 6 0.000000
225 6 0.000000
226 6 2.416140
227 6 1.082580
228 6 0.468881
229 6 0.236532
230 6 0.184290
231 6 0.000000
1 7 38.478600
2 7 10.073100
3 7 5.533910
4 7 2.733990
5 7 1.231540
6 7 2.021110
7 7 10.225300
8 7 0.000000
9 7 21.099700
10 7 24.300800
11 7 15.578200
12 7 7.004700
13 7 17.581900
14 7 4.539880
15 7 2.623500
16 7 0.760025
17 7 17.339500
18 7 19.078300
19 7 38.706500
20 7 26.089500
21 7 35.050000
22 7 26.536200
23 7 9.643080
24 7 3.850380
25 7 11.497800
26 7 5.048000
27 7 0.000000
28 7 0.000000
29 7 0.000000
30 7 1.634550
31 7 9.074610
32 7 15.695400
33 7 11.909500
34 7 16.235300
35 7 5.200130
36 7 22.997400
37 7 14.646300
38 7 19.417900
39 7 15.847600
40 7 21.602800
41 7 22.141200
42 7 25.291700
43 7 0.000000
44 7 0.000000
45 7 0.000000
46 7 0.000000
47 7 0.000000
48 7 0.000000
49 7 47.263400
50 7 42.405000
51 7 41.711600
52 7 33.447200
53 7 23.620100
54 7 19.802500
55 7 30.956200
56 7 42.941500
57 7 47.650200
58 7 28.534600
59 7 27.273900
60 7 21.881200
61 7 36.106000
62 7 26.146600
63 7 24.561800
64 7 21.590200
65 7 34.371000
66 7 58.790900
67 7 70.755800
68 7 39.259000
69 7 66.500300
70 7 53.831300
71 7 36.938900
72 7 29.638900
73 7 39.678100
74 7 26.198700
75 7 27.936900
76 7 13.192200
77 7 7.397120
78 7 11.844200
79 7 27.791800
80 7 46.045100
81 7 37.397700
82 7 22.834900
83 7 28.946200
84 7 2.651730
85 7 0.000000
86 7 0.000000
87 7 0.000000
88 7 0.000000
89 7 32.444600
90 7 36.632200
91 7 55.579700
92 7 86.827000
93 7 91.380900
94 7 80.608800
95 7 69.974700
96 7 67.425300
97 7 0.735554
98 7 0.000000
99 7 0.669263
100 7 0.000000
101 7 69.778300
102 7 37.342200
103 7 31.230900
104 7 28.498500
105 7 30.044500
106 7 33.102500
107 7 40.011300
108 7 50.540200
109 7 52.374800
110 7 56.012600
111 7 61.217200
112 7 53.346400
113 7 51.413200
114 7 49.094900
115 7 51.056300
116 7 50.361600
117 7 55.283900
118 7 76.509100
119 7 86.531500
120 7 91.852900
121 7 0.631814
122 7 0.000000
123 7 0.613645
124 7 0.000000
125 7 0.658054
126 7 0.000000
127 7 45.726400
128 7 25.403400
129 7 40.501100
130 7 47.299500
131 7 33.942800
132 7 43.857500
133 7 55.503800
134 7 58.245500
135 7 52.491300
136 7 53.572500
137 7 45.055900
138 7 37.551800
139 7 29.748000
140 7 41.196400
141 7 52.118600
142 7 53.127600
143 7 77.006000
144 7 0.662261
145 7 0.000000
146 7 0.544288
147 7 0.000000
148 7 0.501207
149 7 0.000100
150 7 0.427224
151 7 0.144100
152 7 19.411400
153 7 0.000000
154 7 18.162500
155 7 28.118600
156 7 25.260500
157 7 21.726800
158 7 8.863040
159 7 3.624150
160 7 2.247140
161 7 7.188670
162 7 21.973600
163 7 52.161700
164 7 59.083300
165 7 0.390308
166 7 0.399200
167 7 0.400578
168 7 16.116000
169 7 0.445816
170 7 2.326000
171 7 0.491110
172 7 0.497200
173 7 39.027000
174 7 3.860430
175 7 0.000000
176 7 5.328730
177 7 0.255159
178 7 0.000000
179 7 24.811700
180 7 60.350300
181 7 86.327300
182 7 0.517306
183 7 0.916000
184 7 0.523094
185 7 0.182200
186 7 0.524317
187 7 0.264600
188 7 0.395933
189 7 0.000200
190 7 0.394336
191 7 0.000000
192 7 0.404292
193 7 0.000000
194 7 39.118100
195 7 16.378200
196 7 85.310000
197 7 76.811600
198 7 0.446226
199 7 0.000000
200 7 0.511368
201 7 0.000000
202 7 0.505226
203 7 0.000000
204 7 0.435772
205 7 0.000000
206 7 0.367900
207 7 0.000000
208 7 0.000000
209 7 0.000000
210 7 0.000000
211 7 0.000000
212 7 20.353300
213 7 0.000000
214 7 1.461970
215 7 17.155600
216 7 1.433360
217 7 0.000000
218 7 8.400380
219 7 6.886290
220 7 2.099890
221 7 0.000000
222 7 0.270520
223 7 391.128000
224 7 3.581330
225 7 0.735620
226 7 3.208760
227 7 1.082270
228 7 0.720753
229 7 0.279534
230 7 0.253189
231 7 0.000000
1 8 38.169700
2 8 3.151450
3 8 3.180560
4 8 7.408940
5 8 7.728280
6 8 0.023488
7 8 10.085700
8 8 8.323170
9 8 12.622900
10 8 16.525300
11 8 19.437600
12 8 18.184800
13 8 29.598900
14 8 28.580700
15 8 23.393900
16 8 21.030400
17 8 21.412100
18 8 21.258900
19 8 43.723700
20 8 24.523500
21 8 32.377800
22 8 23.518300
23 8 25.075600
24 8 27.048000
25 8 19.631600
26 8 0.340257
27 8 0.000000
28 8 1.577160
29 8 0.164122
30 8 0.000000
31 8 4.321880
32 8 0.000000
33 8 0.000000
34 8 0.000000
35 8 0.000000
36 8 9.967710
37 8 0.000000
38 8 0.000000
39 8 0.938954
40 8 0.000000
41 8 0.421867
42 8 22.092200
43 8 2.949440
44 8 10.661000
45 8 0.000000
46 8 0.000000
47 8 0.000000
48 8 0.000000
49 8 44.893000
50 8 28.238200
51 8 33.750600
52 8 28.893200
53 8 20.325200
54 8 10.023900
55 8 28.777700
56 8 48.315700
57 8 37.345300
58 8 20.236600
59 8 18.576200
60 8 23.388200
61 8 38.824600
62 8 41.303100
63 8 43.506800
64 8 36.070500
65 8 46.592900
66 8 52.924300
67 8 68.674200
68 8 41.527400
69 8 62.066900
70 8 48.735500
71 8 47.514700
72 8 53.438200
73 8 52.265500
74 8 40.381600
75 8 32.445300
76 8 24.269600
77 8 20.277300
78 8 12.435700
79 8 35.089800
80 8 46.436300
81 8 36.746800
82 8 26.347800
83 8 24.574800
84 8 17.638000
85 8 11.690700
86 8 14.378500
87 8 18.318500
88 8 16.459000
89 8 38.722900
90 8 39.320000
91 8 63.785200
92 8 65.728300
93 8 80.591300
94 8 59.346400
95 8 57.986700
96 8 62.362800
97 8 0.739042
98 8 0.000000
99 8 0.717697
100 8 0.000000
101 8 58.510600
102 8 43.024700
103 8 41.700800
104 8 41.554100
105 8 35.759000
106 8 42.607200
107 8 58.456600
108 8 68.192700
109 8 58.719100
110 8 65.813900
111 8 72.162600
112 8 68.761000
113 8 67.259700
114 8 67.640100
115 8 65.951300
116 8 66.457400
117 8 63.837300
118 8 68.193800
119 8 99.301100
120 8 106.017000
121 8 0.674047
122 8 0.000000
123 8 0.655156
124 8 0.000000
125 8 0.666163
126 8 0.000000
127 8 20.213500
128 8 11.621100
129 8 14.557600
130 8 27.142200
131 8 26.470600
132 8 49.503500
133 8 50.851800
134 8 44.053800
135 8 40.588500
136 8 42.746400
137 8 30.293900
138 8 24.054000
139 8 13.120700
140 8 53.592300
141 8 60.403700
142 8 63.085600
143 8 79.687200
144 8 0.653939
145 8 0.000000
146 8 0.619550
147 8 0.000000
148 8 0.572437
149 8 0.000200
150 8 0.498339
151 8 0.399300
152 8 0.000000
153 8 0.000000
154 8 16.145900
155 8 38.348800
156 8 38.023100
157 8 29.322800
158 8 26.119800
159 8 21.513400
160 8 24.449200
161 8 17.568500
162 8 30.665900
163 8 26.124600
164 8 47.008800
165 8 0.494234
166 8 1.997400
167 8 0.499073
168 8 0.156300
169 8 0.532558
170 8 0.219500
171 8 0.557152
172 8 0.109000
173 8 25.971200
174 8 10.002100
175 8 6.132240
176 8 24.451900
177 8 23.824700
178 8 55.158900
179 8 72.359900
180 8 86.832400
181 8 88.846000
182 8 0.564558
183 8 0.209200
184 8 0.549040
185 8 0.296500
186 8 0.555731
187 8 0.063200
188 8 0.570869
189 8 0.000800
190 8 0.583597
191 8 0.000000
192 8 0.524364
193 8 0.000000
194 8 56.106800
195 8 53.968400
196 8 38.691000
197 8 34.845000
198 8 0.429997
199 8 0.000000
200 8 0.378914
201 8 0.000000
202 8 0.355149
203 8 0.000000
204 8 0.330824
205 8 0.000000
206 8 0.300946
207 8 0.000000
208 8 0.000000
209 8 0.000000
210 8 12.673400
211 8 0.000000
212 8 18.028900
213 8 0.000000
214 8 2.531810
215 8 17.628300
216 8 1.463410
217 8 0.000000
218 8 7.749250
219 8 6.021430
220 8 2.358770
221 8 1.435230
222 8 1.320610
223 8 385.720000
224 8 0.746744
225 8 1.577020
226 8 3.848330
227 8 0.660640
228 8 0.292922
229 8 0.240251
230 8 0.228863
231 8 0.000000
1 9 38.169700
2 9 3.151450
3 9 3.180560
4 9 7.408940
5 9 7.728280
6 9 0.023488
7 9 10.085700
8 9 8.323170
9 9 12.622900
10 9 16.525300
11 9 19.437600
12 9 18.184800
13 9 29.598900
14 9 28.580700
15 9 23.393900
16 9 21.030400
17 9 21.412100
18 9 21.258900
19 9 43.723700
20 9 24.523500
21 9 32.377800
22 9 23.518300
23 9 25.075600
24 9 27.048000
25 9 19.631600
26 9 0.340257
27 9 0.000000
28 9 1.577160
29 9 0.164122
30 9 0.000000
31 9 4.321880
32 9 0.000000
33 9 0.000000
34 9 0.000000
35 9 0.000000
36 9 9.967710
37 9 0.000000
38 9 0.000000
39 9 0.938954
40 9 0.000000
41 9 0.421867
42 9 22.092200
43 9 2.949440
44 9 10.661000
45 9 0.000000
46 9 0.000000
47 9 0.000000
48 9 0.000000
49 9 52.174000
50 9 26.999900
51 9 26.872300
52 9 21.953100
53 9 10.495000
54 9 11.259400
55 9 22.218600
56 9 47.494000
57 9 37.786900
58 9 11.211700
59 9 16.436500
60 9 25.274200
61 9 37.028500
62 9 34.389300
63 9 33.449600
64 9 34.171700
65 9 52.645400
66 9 75.675300
67 9 61.702100
68 9 45.367400
69 9 57.800400
70 9 69.227200
71 9 54.922900
72 9 45.624800
73 9 47.546100
74 9 29.834300
75 9 18.797200
76 9 3.504150
77 9 0.000000
78 9 3.532960
79 9 17.592100
80 9 23.273900
81 9 14.476000
82 9 0.495428
83 9 0.000000
84 9 0.000000
85 9 0.000000
86 9 0.000000
87 9 0.000000
88 9 0.000000
89 9 17.529500
90 9 46.686300
91 9 54.602100
92 9 62.383800
93 9 69.025700
94 9 73.686300
95 9 63.292800
96 9 52.595400
97 9 0.725534
98 9 0.000000
99 9 0.675137
100 9 0.000000
101 9 52.799300
102 9 46.582600
103 9 44.628900
104 9 44.588700
105 9 38.237100
106 9 45.760700
107 9 66.964200
108 9 80.307700
109 9 73.009800
110 9 61.249000
111 9 64.639200
112 9 67.596000
113 9 75.184900
114 9 71.429600
115 9 72.937400
116 9 76.132300
117 9 66.508500
118 9 68.524900
119 9 98.756100
120 9 104.893000
121 9 0.616245
122 9 0.000000
123 9 0.575402
124 9 0.000000
125 9 0.576013
126 9 0.000000
127 9 44.174700
128 9 26.469700
129 9 62.193000
130 9 61.499000
131 9 76.369700
132 9 89.792800
133 9 97.173800
134 9 102.456000
135 9 101.048000
136 9 103.034000
137 9 93.002200
138 9 79.161300
139 9 77.269000
140 9 95.133400
141 9 98.371400
142 9 107.258000
143 9 135.939000
144 9 0.600971
145 9 0.000000
146 9 0.592513
147 9 0.000000
148 9 0.565740
149 9 0.000000
150 9 0.464785
151 9 0.395800
152 9 8.019560
153 9 0.000000
154 9 5.617180
155 9 29.102000
156 9 17.879100
157 9 8.769290
158 9 9.255200
159 9 7.830240
160 9 7.830330
161 9 2.339540
162 9 0.000000
163 9 29.118100
164 9 45.408200
165 9 0.380061
166 9 0.253200
167 9 0.345129
168 9 0.219500
169 9 0.349237
170 9 0.107800
171 9 0.361593
172 9 0.568700
173 9 56.656100
174 9 45.212400
175 9 59.994200
176 9 61.954700
177 9 57.427500
178 9 60.586700
179 9 82.771800
180 9 145.857000
181 9 121.202000
182 9 0.380240
183 9 0.317200
184 9 0.396817
185 9 0.077000
186 9 0.437832
187 9 0.047700
188 9 0.471620
189 9 0.000300
190 9 0.472183
191 9 0.000000
192 9 0.453923
193 9 0.000000
194 9 73.882600
195 9 68.460100
196 9 64.656600
197 9 38.582600
198 9 0.424846
199 9 0.000000
200 9 0.402066
201 9 0.000000
202 9 0.390091
203 9 0.000000
204 9 0.375190
205 9 0.000000
206 9 0.362681
207 9 0.000000
208 9 0.000000
209 9 0.000000
210 9 0.000000
211 9 0.000000
212 9 18.848600
213 9 0.311893
214 9 2.134730
215 9 14.142900
216 9 1.108430
217 9 0.000000
218 9 8.232440
219 9 7.285540
220 9 1.943100
221 9 0.000000
222 9 1.182390
223 9 425.971000
224 9 0.000000
225 9 0.000000
226 9 3.125700
227 9 1.012510
228 9 0.616723
229 9 0.257200
230 9 0.261758
231 9 0.000000
1 10 38.478600
2 10 10.073100
3 10 5.533910
4 10 2.733990
5 10 1.231540
6 10 2.021110
7 10 10.225300
8 10 0.000000
9 10 21.099700
10 10 24.300800
11 10 15.578200
12 10 7.004700
13 10 17.581900
14 10 4.539880
15 10 2.623500
16 10 0.760025
17 10 17.339500
18 10 19.078300
19 10 38.706500
20 10 26.089500
21 10 35.050000
22 10 26.536200
23 10 9.643080
24 10 3.850380
25 10 11.497800
26 10 5.048000
27 10 0.000000
28 10 0.000000
29 10 0.000000
30 10 1.634550
31 10 9.074610
32 10 15.695400
33 10 11.909500
34 10 16.235300
35 10 5.200130
36 10 22.997400
37 10 14.646300
38 10 19.417900
39 10 15.847600
40 10 21.602800
41 10 22.141200
42 10 25.291700
43 10 0.000000
44 10 0.000000
45 10 0.000000
46 10 0.000000
47 10 0.000000
48 10 0.000000
49 10 47.263400
50 10 42.405000
51 10 41.711600
52 10 33.447200
53 10 23.620100
54 10 19.802500
55 10 30.956200
56 10 42.941500
57 10 47.650200
58 10 28.534600
59 10 27.273900
60 10 21.881200
61 10 36.106000
62 10 26.146600
63 10 24.561800
64 10 21.590200
65 10 34.371000
66 10 58.790900
67 10 70.755800
68 10 39.259000
69 10 66.500300
70 10 53.831300
71 10 36.938900
72 10 29.638900
73 10 39.678100
74 10 26.198700
75 10 27.936900
76 10 13.192200
77 10 7.397120
78 10 11.844200
79 10 27.791800
80 10 46.045100
81 10 37.397700
82 10 22.834900
83 10 28.946200
84 10 2.651730
85 10 0.000000
86 10 0.000000
87 10 0.000000
88 10 0.000000
89 10 32.444600
90 10 36.632200
91 10 55.579700
92 10 86.827000
93 10 91.380900
94 10 80.608800
95 10 69.974700
96 10 67.425300
97 10 0.735554
98 10 0.000000
99 10 0.669263
100 10 0.000000
101 10 69.778300
102 10 37.342200
103 10 31.230900
104 10 28.498500
105 10 30.044500
106 10 33.102500
107 10 40.011300
108 10 50.540200
109 10 52.374800
110 10 56.012600
111 10 61.217200
112 10 53.346400
113 10 51.413200
114 10 49.094900
115 10 51.056300
116 10 50.361600
117 10 55.283900
118 10 76.509100
119 10 86.531500
120 10 91.852900
121 10 0.631814
122 10 0.000000
123 10 0.613645
124 10 0.000000
125 10 0.658054
126 10 0.000000
127 10 45.726400
128 10 25.403400
129 10 40.501100
130 10 47.299500
131 10 33.942800
132 10 43.857500
133 10 55.503800
134 10 58.245500
135 10 52.491300
136 10 53.572500
137 10 45.055900
138 10 37.551800
139 10 29.748000
140 10 41.196400
141 10 52.118600
142 10 53.127600
143 10 77.006000
144 10 0.756713
145 10 0.000000
146 10 0.715668
147 10 0.000000
148 10 0.515282
149 10 0.000000
150 10 0.402994
151 10 0.122400
152 10 8.761080
153 10 0.000000
154 10 0.000000
155 10 0.000000
156 10 0.000000
157 10 0.000000
158 10 0.000000
159 10 38.504000
160 10 44.095900
161 10 45.845400
162 10 49.469100
163 10 47.841800
164 10 62.220400
165 10 0.280940
166 10 0.634300
167 10 0.319379
168 10 0.230900
169 10 0.448575
170 10 1.324800
171 10 0.511562
172 10 0.888600
173 10 34.178900
174 10 34.313100
175 10 36.698200
176 10 34.283000
177 10 29.277100
178 10 29.911200
179 10 45.676000
180 10 56.367500
181 10 67.603100
182 10 0.488728
183 10 0.631000
184 10 0.341297
185 10 0.721400
186 10 0.239906
187 10 0.169900
188 10 0.209129
189 10 0.000200
190 10 0.269568
191 10 0.000000
192 10 0.311640
193 10 0.000000
194 10 68.014600
195 10 55.234400
196 10 37.505700
197 10 30.202100
198 10 0.346748
199 10 0.000000
200 10 0.414969
201 10 0.000000
202 10 0.446010
203 10 0.000000
204 10 0.409600
205 10 0.000000
206 10 0.385492
207 10 0.000000
208 10 0.100409
209 10 0.527780
210 10 14.857100
211 10 0.374637
212 10 17.845700
213 10 0.260783
214 10 2.007250
215 10 14.023400
216 10 1.424980
217 10 0.000000
218 10 0.000000
219 10 0.000000
220 10 0.000000
221 10 2.178360
222 10 1.478950
223 10 284.943000
224 10 2.158210
225 10 2.131910
226 10 2.807150
227 10 0.855252
228 10 0.618792
229 10 0.141054
230 10 0.120764
231 10 0.000000
;

param Prob0 :=
1	0.100
2	0.100
3	0.100
4	0.100
5	0.100
6	0.100
7	0.100
8	0.100
9	0.100
10	0.100
;
set c[0,5] := 5 1 2 3 4 6 7 8 9 10;
set c[1,5] := 5 1 4 7 10;
set c[1,2] := 2 3 6 8 9;
set c[2,3] := 3 2 6 8 9;
set c[2,1] := 1 5 4 7 10;
set c[3,5] := 5 1 4 7 10;
set c[3,9] := 9;
set c[3,2] := 2 8;
set c[3,3] := 3;
set c[3,6] := 6;
set c[4,3] := 3;
set c[4,2] := 2 8;
set c[4,9] := 9;
set c[4,6] := 6;
set c[4,4] := 4 5 1 7 10;
set c[5,6] := 6;
set c[5,9] := 9;
set c[5,1] := 1 4 5 7 10;
set c[5,2] := 2 8;
set c[5,3] := 3;
set c[6,3] := 3;
set c[6,5] := 5 1 4 7 10;
set c[6,9] := 9;
set c[6,2] := 2 8;
set c[6,6] := 6;
set c[7,2] := 2 8;
set c[7,7] := 7 5 1 4 10;
set c[7,9] := 9;
set c[7,6] := 6;
set c[7,3] := 3;
set c[8,5] := 5 7 1 4 10;
set c[8,9] := 9;
set c[8,3] := 3;
set c[8,6] := 6;
set c[8,2] := 2 8;
set c[9,3] := 3;
set c[9,9] := 9;
set c[9,2] := 2 8;
set c[9,6] := 6;
set c[9,10] := 10 5 7 1 4;
set c[10,6] := 6;
set c[10,2] := 2 8;
set c[10,4] := 4 10 5 7 1;
set c[10,9] := 9;
set c[10,3] := 3;
set c[11,2] := 2 8;
set c[11,5] := 5 4 10 7 1;
set c[11,9] := 9;
set c[11,3] := 3;
set c[11,6] := 6;
set c[12,3] := 3;
set c[12,4] := 4 7 1;
set c[12,5] := 5 10;
set c[12,6] := 6;
set c[12,9] := 9;
set c[12,2] := 2 8;
set c[13,9] := 9;
set c[13,5] := 5 10;
set c[13,7] := 7 4 1;
set c[13,2] := 2 8;
set c[13,6] := 6;
set c[13,3] := 3;
set c[14,2] := 2 8;
set c[14,6] := 6;
set c[14,3] := 3;
set c[14,7] := 7 4 1;
set c[14,5] := 5;
set c[14,10] := 10;
set c[14,9] := 9;
set c[15,6] := 6;
set c[15,10] := 10;
set c[15,9] := 9;
set c[15,5] := 5;
set c[15,3] := 3;
set c[15,7] := 7 4 1;
set c[15,2] := 2 8;
set c[16,10] := 10;
set c[16,5] := 5;
set c[16,9] := 9;
set c[16,2] := 2 8;
set c[16,3] := 3;
set c[16,7] := 7 4 1;
set c[16,6] := 6;
set c[17,2] := 2;
set c[17,8] := 8;
set c[17,6] := 6;
set c[17,5] := 5;
set c[17,9] := 9;
set c[17,7] := 7 4 1;
set c[17,3] := 3;
set c[17,10] := 10;
set c[18,5] := 5;
set c[18,9] := 9;
set c[18,1] := 1 4;
set c[18,7] := 7;
set c[18,3] := 3;
set c[18,10] := 10;
set c[18,8] := 8;
set c[18,6] := 6;
set c[18,2] := 2;
set c[19,8] := 8;
set c[19,10] := 10;
set c[19,3] := 3;
set c[19,1] := 1 4;
set c[19,7] := 7;
set c[19,2] := 2;
set c[19,9] := 9;
set c[19,6] := 6;
set c[19,5] := 5;
set c[20,2] := 2;
set c[20,7] := 7;
set c[20,1] := 1 4;
set c[20,10] := 10;
set c[20,3] := 3;
set c[20,6] := 6;
set c[20,9] := 9;
set c[20,5] := 5;
set c[20,8] := 8;
set c[21,8] := 8;
set c[21,7] := 7;
set c[21,3] := 3;
set c[21,5] := 5;
set c[21,9] := 9;
set c[21,6] := 6;
set c[21,1] := 1 4;
set c[21,10] := 10;
set c[21,2] := 2;
set c[22,6] := 6;
set c[22,9] := 9;
set c[22,7] := 7;
set c[22,10] := 10;
set c[22,1] := 1 4;
set c[22,2] := 2;
set c[22,3] := 3;
set c[22,5] := 5;
set c[22,8] := 8;
set c[23,2] := 2;
set c[23,1] := 1 4;
set c[23,7] := 7;
set c[23,3] := 3;
set c[23,5] := 5;
set c[23,9] := 9;
set c[23,8] := 8;
set c[23,10] := 10;
set c[23,6] := 6;
set c[24,7] := 7;
set c[24,8] := 8;
set c[24,10] := 10;
set c[24,9] := 9;
set c[24,5] := 5;
set c[24,6] := 6;
set c[24,1] := 1;
set c[24,4] := 4;
set c[24,3] := 3;
set c[24,2] := 2;
set c[25,6] := 6;
set c[25,2] := 2;
set c[25,4] := 4;
set c[25,3] := 3;
set c[25,9] := 9;
set c[25,1] := 1;
set c[25,10] := 10;
set c[25,8] := 8;
set c[25,5] := 5;
set c[25,7] := 7;
set c[26,7] := 7;
set c[26,5] := 5;
set c[26,2] := 2;
set c[26,9] := 9;
set c[26,8] := 8;
set c[26,4] := 4;
set c[26,1] := 1;
set c[26,10] := 10;
set c[26,3] := 3;
set c[26,6] := 6;
set c[27,1] := 1;
set c[27,8] := 8;
set c[27,3] := 3;
set c[27,5] := 5;
set c[27,4] := 4;
set c[27,2] := 2;
set c[27,9] := 9;
set c[27,10] := 10;
set c[27,6] := 6;
set c[27,7] := 7;
set c[28,3] := 3;
set c[28,4] := 4;
set c[28,2] := 2;
set c[28,8] := 8;
set c[28,6] := 6;
set c[28,10] := 10;
set c[28,9] := 9;
set c[28,5] := 5;
set c[28,7] := 7;
set c[28,1] := 1;
set c[29,2] := 2;
set c[29,8] := 8;
set c[29,9] := 9;
set c[29,7] := 7;
set c[29,4] := 4;
set c[29,5] := 5;
set c[29,10] := 10;
set c[29,6] := 6;
set c[29,1] := 1;
set c[29,3] := 3;
set c[30,3] := 3;
set c[30,10] := 10;
set c[30,8] := 8;
set c[30,7] := 7;
set c[30,9] := 9;
set c[30,4] := 4;
set c[30,5] := 5;
set c[30,6] := 6;
set c[30,1] := 1;
set c[30,2] := 2;
set c[31,9] := 9;
set c[31,8] := 8;
set c[31,6] := 6;
set c[31,1] := 1;
set c[31,2] := 2;
set c[31,4] := 4;
set c[31,7] := 7;
set c[31,5] := 5;
set c[31,10] := 10;
set c[31,3] := 3;
set c[32,4] := 4;
set c[32,2] := 2;
set c[32,6] := 6;
set c[32,10] := 10;
set c[32,8] := 8;
set c[32,1] := 1;
set c[32,3] := 3;
set c[32,5] := 5;
set c[32,7] := 7;
set c[32,9] := 9;
set c[33,1] := 1;
set c[33,7] := 7;
set c[33,9] := 9;
set c[33,8] := 8;
set c[33,5] := 5;
set c[33,10] := 10;
set c[33,6] := 6;
set c[33,2] := 2;
set c[33,3] := 3;
set c[33,4] := 4;
set c[34,6] := 6;
set c[34,3] := 3;
set c[34,4] := 4;
set c[34,10] := 10;
set c[34,8] := 8;
set c[34,2] := 2;
set c[34,5] := 5;
set c[34,9] := 9;
set c[34,7] := 7;
set c[34,1] := 1;

