#erel:= 0.850;
#emax:= 2553.763;
#q:= 0.000;
#nesce:=    10;
#etime:= 0.042;
#snodes:=   227;
param nS:=    10;
param nSG:=    34;
param nRVSG :=
1 24
5 2
9 2
13 2
17 2
21 9
25 2
29 2
33 2
2 24
6 2
10 2
14 2
18 2
22 2
26 2
30 2
34 24
3 24
7 20
11 17
15 2
19 2
23 2
27 2
31 2
4 24
8 2
12 2
16 13
20 2
24 2
28 4
32 2
;


param ScenF :=
1 64.7764
59 73.8628
117 77.2383
175 63.5138
2 90.1795
60 65.9763
118 74.732
176 58.4147
3 78.7757
61 58.7015
119 72.7457
177 53.7472
4 70.0035
62 55.0624
120 67.073
178 67.006
5 66.4836
63 45.3909
121 0.0777541
179 80.9433
6 67.5892
64 37.7458
122 0
180 92.5257
7 71.0463
65 34.5996
123 0.0991157
181 68.0023
8 75.2879
66 42.2849
124 0
182 0.16154
9 96.684
67 64.7877
125 0.15777
183 0.606
10 101.251
68 88.3076
126 0
184 0.127586
11 70.522
69 84.073
127 54.4152
185 0.4686
12 55.412
70 76.5997
128 78.1146
186 0.115555
13 46.2673
71 74.2042
129 74.2394
187 0.2455
14 44.7245
72 72.3128
130 61.8541
188 0.109433
15 36.7065
73 67.5488
131 72.7642
189 0.004
16 20.4146
74 90.7999
132 77.5665
190 0.0826735
17 18.6302
75 81.7721
133 72.0711
191 0
18 31.0189
76 72.5807
134 64.5651
192 0.0462748
19 70.2203
77 62.5074
135 65.3746
193 0
20 107.114
78 69.3248
136 57.9487
194 118.615
21 109.679
79 77.2055
137 52.3271
195 107.903
22 96.2961
80 84.3305
138 48.6842
196 97.8085
23 97.8812
81 95.07
139 48.4584
197 79.0765
24 95.2099
82 86.5091
140 59.3656
198 0.0623078
25 13.9333
83 74.3971
141 66.9846
199 0
26 18.4217
84 76.2779
142 70.6632
200 0.163187
27 26.2782
85 74.1434
143 50.9078
201 0
28 28.0504
86 74.8573
144 0.228279
202 0.248134
29 30.1706
87 72.3345
145 0
203 0
30 30.095
88 65.6533
146 0.284262
204 0.293258
31 33.2415
89 70.8551
147 0
205 0
32 23.3745
90 73.954
148 0.330683
206 0.33789
33 21.9249
91 85.375
149 0.0454
207 0
34 32.9915
92 94.2775
150 0.358063
208 0.347505
35 43.9423
93 92.9009
151 0.3244
209 1.4646
36 52.2805
94 87.7291
152 60.9628
210 0
37 54.9083
95 84.2495
153 82.0384
211 1.57143
38 49.0086
96 79.0713
154 67.4752
212 0
39 41.3044
97 0.0474298
155 57.6795
213 0
40 36.7451
98 0
156 53.4287
214 0
41 35.4667
99 0.0786292
157 54.0726
215 7.00002
42 29.5507
100 0
158 54.2003
216 0.364226
43 35.4768
101 50.8283
159 54.8265
217 0
44 10.6399
102 67.8917
160 54.5174
218 2.87348
45 14.4383
103 64.2169
161 56.8694
219 3.66696
46 15.2724
104 62.7823
162 66.1102
220 2.78731
47 18.1782
105 62.9713
163 71.6871
221 2.60376
48 15.2741
106 62.814
164 62.3156
222 1.24028
49 60.9144
107 63.5052
165 0.342053
223 0
50 91.031
108 67.351
166 0.522
224 204.562
51 80.4997
109 88.8314
167 0.301707
225 12.2703
52 73.2563
110 91.4238
168 0.638
226 2.29801
53 67.0829
111 85.8864
169 0.252519
227 0.412319
54 68.8796
112 81.3816
170 0.6865
228 0.392373
55 66.9378
113 78.6418
171 0.204908
229 0.861463
56 62.5772
114 84.0466
172 0.676
230 0.570975
57 84.346
115 80.5102
173 58.86
231 0.818529
58 89.0053
116 77.9015
174 63.3769
;


param ScenO :=
1 94.78
59 96
117 65
175 61
2 78
60 83
118 79.75
176 60
3 75
61 74.8
119 95.01
177 80
4 58.59
62 65.99
120 109.56
178 98.4
5 54.1
63 64.48
121 0.028
179 115.14
6 50.18
64 65.89
122 0
180 121.49
7 53.4
65 67.24
123 0.035
181 122.53
8 65.1
66 79
124 0
182 0.06
9 80.2
67 88
125 0.032
183 0.619
10 91.75
68 109.03
126 0
184 0.049
11 87
69 109.49
127 86.07
185 0.48
12 76
70 120.43
128 75.01
186 0.047
13 68
71 118.38
129 78.95
187 0.255
14 64.39
72 105
130 72.06
188 0.061
15 62.98
73 91
131 88.22
189 0.005
16 64.39
74 85.77
132 102.75
190 0.054
17 65.64
75 83.11
133 105.08
191 0
18 74
76 70.59
134 87.41
192 0.036
19 82
77 70.09
135 73.99
193 0
20 109.18
78 66.17
136 70
194 140.03
21 111.49
79 69.39
137 65.98
195 136.93
22 121.53
80 71.1
138 68
196 110
23 120.38
81 90.77
139 64.99
197 100.78
24 105
82 101.75
140 78
198 0.027
25 20.36
83 99.01
141 92.54
199 0
26 16.4
84 83.84
142 109.7
200 0.025
27 16.2
85 73
143 112.76
201 0
28 32
86 68.04
144 0.029
202 0.023
29 40.4
87 65.23
145 0
203 0
30 37.12
88 66.48
146 0.032
204 0.02
31 39.28
89 70.07
147 0
205 0
32 30.8
90 77.01
148 0.039
206 0.019
33 10
91 86
149 0.05
207 0
34 10.4
92 107.09
150 0.043
208 0.904832
35 7
93 109.26
151 0.339
209 0.900641
36 10.48
94 116.53
152 93.83
210 0.858267
37 40.32
95 115.38
153 110.1
211 1.68612
38 38.56
96 104.74
154 109.99
212 1.6549
39 37.8
97 0.014
155 90.89
213 1.7786
40 36.16
98 0
156 76.88
214 1.70037
41 44
99 0.021
157 70.19
215 0.960061
42 37.16
100 0
158 68.65
216 0.7601
43 18.88
101 91.17
159 70.19
217 0.77515
44 5.28
102 87.77
160 65.11
218 0.72908
45 5.2
103 85.77
161 77
219 0.885132
46 5.28
104 70.77
162 96.88
220 1.53735
47 7.68
105 75.01
163 110.45
221 1.63146
48 8
106 63.18
164 112
222 1.77485
49 92
107 66.4
165 0.051
223 1.74546
50 85.95
108 70.96
166 0.538
224 1.60512
51 86.11
109 90.77
167 0.038
225 0.739324
52 77.09
110 106.75
168 0.653
226 0.805732
53 65.21
111 105.01
169 0.054
227 0.753984
54 60.18
112 87.77
170 0.702
228 0.686609
55 63.4
113 73.7
171 0.063
229 0.613346
56 78.6
114 68.01
172 0.69
230 0.593869
57 90.2
115 62.98
173 65
231 0.59781
58 100.75
116 65
174 66.96
;


param Scen0 :=
1 1 112.884000
2 1 93.613800
3 1 85.469500
4 1 75.577600
5 1 73.602500
6 1 72.169300
7 1 70.037000
8 1 72.162300
9 1 93.395800
10 1 98.913600
11 1 75.936100
12 1 46.112600
13 1 42.438800
14 1 40.063400
15 1 30.145300
16 1 10.470300
17 1 22.759700
18 1 24.828100
19 1 76.879600
20 1 104.161000
21 1 118.405000
22 1 98.865500
23 1 97.168300
24 1 96.435400
25 1 19.630400
26 1 37.054600
27 1 29.678100
28 1 25.109300
29 1 28.078900
30 1 36.928600
31 1 38.136900
32 1 35.960200
33 1 30.837000
34 1 36.214900
35 1 40.903300
36 1 62.085800
37 1 45.682900
38 1 42.596500
39 1 37.867500
40 1 30.945600
41 1 31.444900
42 1 33.364300
43 1 28.133900
44 1 4.146020
45 1 9.536740
46 1 19.285200
47 1 24.139000
48 1 18.299000
49 1 118.019000
50 1 91.491600
51 1 85.109400
52 1 77.553800
53 1 76.361500
54 1 72.213700
55 1 69.414100
56 1 58.580300
57 1 69.121900
58 1 76.703700
59 1 75.815100
60 1 54.870000
61 1 48.005000
62 1 43.851400
63 1 35.768800
64 1 25.888500
65 1 26.313400
66 1 38.346300
67 1 78.946800
68 1 85.148300
69 1 90.732100
70 1 70.210800
71 1 69.322700
72 1 66.170300
73 1 89.094400
74 1 81.537200
75 1 79.206700
76 1 62.631300
77 1 52.529300
78 1 75.810700
79 1 83.402300
80 1 92.799700
81 1 106.741000
82 1 104.009000
83 1 93.252500
84 1 82.666500
85 1 74.567900
86 1 78.328700
87 1 76.193600
88 1 61.993400
89 1 67.655100
90 1 75.207400
91 1 86.468600
92 1 84.098200
93 1 82.305400
94 1 84.934000
95 1 84.920200
96 1 80.253700
97 1 0.052599
98 1 0.000000
99 1 0.097612
100 1 0.000000
101 1 102.514000
102 1 55.830700
103 1 51.523300
104 1 48.320800
105 1 47.189900
106 1 39.492400
107 1 46.218700
108 1 59.343800
109 1 88.291000
110 1 86.291500
111 1 81.010200
112 1 72.865300
113 1 64.665200
114 1 68.282700
115 1 66.610400
116 1 65.997500
117 1 68.727800
118 1 73.971700
119 1 68.086700
120 1 71.970100
121 1 0.129580
122 1 0.000000
123 1 0.110497
124 1 0.000000
125 1 0.188048
126 1 0.000000
127 1 74.559600
128 1 62.015200
129 1 67.737100
130 1 73.678800
131 1 74.487600
132 1 66.692500
133 1 64.282000
134 1 62.996900
135 1 56.545100
136 1 51.364600
137 1 36.911100
138 1 16.622200
139 1 35.112300
140 1 45.127200
141 1 52.283100
142 1 67.969700
143 1 66.853500
144 1 0.252252
145 1 0.000000
146 1 0.325451
147 1 0.000000
148 1 0.372934
149 1 0.057100
150 1 0.233116
151 1 0.456400
152 1 72.669600
153 1 56.617600
154 1 57.618400
155 1 50.504800
156 1 51.651600
157 1 53.375500
158 1 42.444700
159 1 37.021000
160 1 35.052400
161 1 43.771700
162 1 62.883300
163 1 57.246000
164 1 61.052200
165 1 0.208049
166 1 0.345800
167 1 0.307768
168 1 1.625400
169 1 0.034892
170 1 2.814400
171 1 0.000000
172 1 0.602300
173 1 84.242100
174 1 70.308600
175 1 68.794700
176 1 63.286400
177 1 58.834500
178 1 57.963800
179 1 65.437600
180 1 63.428800
181 1 69.287000
182 1 0.000000
183 1 1.133200
184 1 0.000000
185 1 2.476600
186 1 0.000000
187 1 1.161000
188 1 0.000000
189 1 0.019900
190 1 0.068986
191 1 0.000000
192 1 0.017392
193 1 0.000000
194 1 93.638900
195 1 105.370000
196 1 90.509500
197 1 80.456700
198 1 0.039702
199 1 0.000000
200 1 0.126667
201 1 0.000000
202 1 0.186962
203 1 0.000000
204 1 0.215676
205 1 0.000000
206 1 0.269591
207 1 0.000000
208 1 0.858561
209 1 0.084698
210 1 9.918600
211 1 0.720949
212 1 1.383130
213 1 0.000000
214 1 0.285000
215 1 6.059070
216 1 0.362628
217 1 0.000000
218 1 4.664940
219 1 4.060050
220 1 4.221520
221 1 0.000000
222 1 0.904122
223 1 151.822000
224 1 95.529000
225 1 0.000000
226 1 5.206430
227 1 1.081340
228 1 0.638274
229 1 0.862829
230 1 0.649600
231 1 0.621075
1 2 112.884000
2 2 93.613800
3 2 85.469500
4 2 75.577600
5 2 73.602500
6 2 72.169300
7 2 70.037000
8 2 72.162300
9 2 93.395800
10 2 98.913600
11 2 75.936100
12 2 46.112600
13 2 42.438800
14 2 40.063400
15 2 30.145300
16 2 10.470300
17 2 22.759700
18 2 24.828100
19 2 76.879600
20 2 104.161000
21 2 118.405000
22 2 98.865500
23 2 97.168300
24 2 96.435400
25 2 12.329700
26 2 15.213800
27 2 24.353200
28 2 26.693000
29 2 27.903300
30 2 28.276700
31 2 31.754600
32 2 28.830600
33 2 21.093000
34 2 41.139800
35 2 39.421000
36 2 63.497300
37 2 69.924500
38 2 58.150000
39 2 54.318500
40 2 35.159600
41 2 42.179200
42 2 53.425600
43 2 46.363800
44 2 27.964000
45 2 23.742500
46 2 18.963300
47 2 17.526100
48 2 33.516900
49 2 108.661000
50 2 89.490100
51 2 84.816000
52 2 79.614600
53 2 76.645900
54 2 63.081400
55 2 72.749700
56 2 68.479800
57 2 76.314000
58 2 82.078500
59 2 73.096000
60 2 66.695400
61 2 61.654000
62 2 58.388800
63 2 52.273000
64 2 42.006500
65 2 38.632000
66 2 40.219200
67 2 82.224600
68 2 86.962800
69 2 97.822000
70 2 81.681400
71 2 93.043800
72 2 86.027700
73 2 107.290000
74 2 101.280000
75 2 93.140600
76 2 88.101000
77 2 78.297700
78 2 69.652300
79 2 88.357800
80 2 97.748300
81 2 99.339900
82 2 91.968600
83 2 77.941600
84 2 76.156800
85 2 78.592100
86 2 78.868300
87 2 65.452100
88 2 63.532200
89 2 62.996100
90 2 55.487600
91 2 83.131100
92 2 78.092900
93 2 87.619200
94 2 76.688900
95 2 76.374300
96 2 67.991100
97 2 0.060777
98 2 0.000000
99 2 0.106406
100 2 0.000000
101 2 94.684000
102 2 71.861500
103 2 69.421100
104 2 71.236400
105 2 63.838000
106 2 64.124600
107 2 77.741000
108 2 86.108000
109 2 78.586400
110 2 74.638500
111 2 85.799300
112 2 83.646200
113 2 79.366800
114 2 83.534500
115 2 82.812900
116 2 83.236300
117 2 79.043700
118 2 67.350300
119 2 76.666800
120 2 82.546500
121 2 0.112188
122 2 0.000000
123 2 0.131881
124 2 0.000000
125 2 0.176697
126 2 0.000000
127 2 82.256400
128 2 89.309600
129 2 77.906700
130 2 62.933000
131 2 87.890700
132 2 90.887800
133 2 65.788300
134 2 53.507200
135 2 49.735700
136 2 45.706500
137 2 38.334800
138 2 33.206400
139 2 40.243500
140 2 57.565600
141 2 67.618600
142 2 78.491600
143 2 89.092600
144 2 0.219718
145 2 0.000000
146 2 0.263821
147 2 0.000000
148 2 0.305607
149 2 0.123600
150 2 0.352685
151 2 2.758100
152 2 39.338100
153 2 62.828500
154 2 55.359700
155 2 61.048400
156 2 63.659000
157 2 60.244100
158 2 58.234900
159 2 52.285900
160 2 52.373600
161 2 49.235400
162 2 68.238400
163 2 58.652200
164 2 74.464100
165 2 0.373944
166 2 0.245500
167 2 0.332760
168 2 0.786700
169 2 0.265115
170 2 1.950900
171 2 0.201237
172 2 1.327300
173 2 51.753800
174 2 54.595100
175 2 47.901500
176 2 37.909600
177 2 24.001400
178 2 22.276900
179 2 54.588700
180 2 80.015600
181 2 99.488400
182 2 0.135231
183 2 1.066200
184 2 0.208586
185 2 0.595400
186 2 0.157777
187 2 0.085400
188 2 0.116859
189 2 0.001000
190 2 0.057022
191 2 0.000000
192 2 0.009429
193 2 0.000000
194 2 101.056000
195 2 94.046500
196 2 96.868800
197 2 82.197500
198 2 0.042008
199 2 0.000000
200 2 0.170178
201 2 0.000000
202 2 0.280328
203 2 0.000000
204 2 0.332557
205 2 0.000000
206 2 0.382315
207 2 0.000000
208 2 0.923839
209 2 0.785128
210 2 22.089500
211 2 1.385090
212 2 0.000000
213 2 0.000000
214 2 0.000000
215 2 3.937190
216 2 0.303453
217 2 0.191588
218 2 3.980480
219 2 5.156240
220 2 3.873990
221 2 1.412700
222 2 3.312290
223 2 206.095000
224 2 82.600500
225 2 13.480600
226 2 3.454000
227 2 1.139020
228 2 0.919344
229 2 1.053440
230 2 0.780973
231 2 0.694530
1 3 112.884000
2 3 93.613800
3 3 85.469500
4 3 75.577600
5 3 73.602500
6 3 72.169300
7 3 70.037000
8 3 72.162300
9 3 93.395800
10 3 98.913600
11 3 75.936100
12 3 46.112600
13 3 42.438800
14 3 40.063400
15 3 30.145300
16 3 10.470300
17 3 22.759700
18 3 24.828100
19 3 76.879600
20 3 104.161000
21 3 118.405000
22 3 98.865500
23 3 97.168300
24 3 96.435400
25 3 19.630400
26 3 37.054600
27 3 29.678100
28 3 25.109300
29 3 28.078900
30 3 36.928600
31 3 38.136900
32 3 35.960200
33 3 30.837000
34 3 36.214900
35 3 40.903300
36 3 62.085800
37 3 45.682900
38 3 42.596500
39 3 37.867500
40 3 30.945600
41 3 31.444900
42 3 33.364300
43 3 28.133900
44 3 4.146020
45 3 9.536740
46 3 19.285200
47 3 24.139000
48 3 18.299000
49 3 118.019000
50 3 91.491600
51 3 85.109400
52 3 77.553800
53 3 76.361500
54 3 72.213700
55 3 69.414100
56 3 58.580300
57 3 69.121900
58 3 76.703700
59 3 75.815100
60 3 54.870000
61 3 48.005000
62 3 43.851400
63 3 35.768800
64 3 25.888500
65 3 26.313400
66 3 38.346300
67 3 78.946800
68 3 85.148300
69 3 90.732100
70 3 70.210800
71 3 69.322700
72 3 66.170300
73 3 89.094400
74 3 81.537200
75 3 79.206700
76 3 62.631300
77 3 52.529300
78 3 75.810700
79 3 83.402300
80 3 92.799700
81 3 106.741000
82 3 104.009000
83 3 93.252500
84 3 82.666500
85 3 74.567900
86 3 78.328700
87 3 76.193600
88 3 61.993400
89 3 67.655100
90 3 75.207400
91 3 86.468600
92 3 84.098200
93 3 82.305400
94 3 84.934000
95 3 84.920200
96 3 80.253700
97 3 0.052599
98 3 0.000000
99 3 0.097612
100 3 0.000000
101 3 102.514000
102 3 55.830700
103 3 51.523300
104 3 48.320800
105 3 47.189900
106 3 39.492400
107 3 46.218700
108 3 59.343800
109 3 88.291000
110 3 86.291500
111 3 81.010200
112 3 72.865300
113 3 64.665200
114 3 68.282700
115 3 66.610400
116 3 65.997500
117 3 68.727800
118 3 73.971700
119 3 68.086700
120 3 71.970100
121 3 0.129580
122 3 0.000000
123 3 0.110497
124 3 0.000000
125 3 0.188048
126 3 0.000000
127 3 74.559600
128 3 62.015200
129 3 67.737100
130 3 73.678800
131 3 74.487600
132 3 66.692500
133 3 64.282000
134 3 62.996900
135 3 56.545100
136 3 51.364600
137 3 36.911100
138 3 16.622200
139 3 35.112300
140 3 45.127200
141 3 52.283100
142 3 67.969700
143 3 66.853500
144 3 0.252252
145 3 0.000000
146 3 0.325451
147 3 0.000000
148 3 0.372934
149 3 0.057100
150 3 0.233116
151 3 0.456400
152 3 72.669600
153 3 56.617600
154 3 57.618400
155 3 50.504800
156 3 51.651600
157 3 53.375500
158 3 42.444700
159 3 37.021000
160 3 35.052400
161 3 43.771700
162 3 62.883300
163 3 57.246000
164 3 61.052200
165 3 0.208049
166 3 0.345800
167 3 0.307768
168 3 1.625400
169 3 0.034892
170 3 2.814400
171 3 0.246679
172 3 0.511700
173 3 54.852800
174 3 51.560700
175 3 49.440500
176 3 50.278500
177 3 62.546200
178 3 73.380400
179 3 87.129100
180 3 66.953500
181 3 107.006000
182 3 0.225884
183 3 0.740400
184 3 0.204178
185 3 0.961800
186 3 0.176358
187 3 0.350800
188 3 0.137365
189 3 0.031700
190 3 0.068986
191 3 0.000000
192 3 0.017392
193 3 0.000000
194 3 128.656000
195 3 115.335000
196 3 115.806000
197 3 77.859500
198 3 0.039702
199 3 0.000000
200 3 0.126667
201 3 0.000000
202 3 0.186962
203 3 0.000000
204 3 0.215676
205 3 0.000000
206 3 0.269591
207 3 0.000000
208 3 0.129676
209 3 0.000000
210 3 0.000000
211 3 0.000000
212 3 0.000000
213 3 0.000000
214 3 0.432494
215 3 6.566360
216 3 0.287676
217 3 0.000000
218 3 3.499090
219 3 4.065820
220 3 2.307170
221 3 0.000000
222 3 1.812950
223 3 157.062000
224 3 98.501800
225 3 7.663370
226 3 2.426290
227 3 0.726001
228 3 0.543099
229 3 0.672621
230 3 0.387116
231 3 0.310582
1 4 112.884000
2 4 93.613800
3 4 85.469500
4 4 75.577600
5 4 73.602500
6 4 72.169300
7 4 70.037000
8 4 72.162300
9 4 93.395800
10 4 98.913600
11 4 75.936100
12 4 46.112600
13 4 42.438800
14 4 40.063400
15 4 30.145300
16 4 10.470300
17 4 22.759700
18 4 24.828100
19 4 76.879600
20 4 104.161000
21 4 118.405000
22 4 98.865500
23 4 97.168300
24 4 96.435400
25 4 12.329700
26 4 15.213800
27 4 24.353200
28 4 26.693000
29 4 27.903300
30 4 28.276700
31 4 31.754600
32 4 28.830600
33 4 21.093000
34 4 41.139800
35 4 39.421000
36 4 63.497300
37 4 69.924500
38 4 58.150000
39 4 54.318500
40 4 35.159600
41 4 42.179200
42 4 53.425600
43 4 46.363800
44 4 27.964000
45 4 23.742500
46 4 18.963300
47 4 17.526100
48 4 33.516900
49 4 105.358000
50 4 75.810700
51 4 67.179500
52 4 68.070900
53 4 62.426300
54 4 59.090500
55 4 47.313300
56 4 38.071200
57 4 48.340600
58 4 56.524800
59 4 36.723800
60 4 28.716800
61 4 23.504700
62 4 13.129000
63 4 2.126560
64 4 0.000000
65 4 0.000000
66 4 13.759300
67 4 23.332700
68 4 48.307500
69 4 50.381100
70 4 51.598700
71 4 57.587600
72 4 54.535800
73 4 99.457700
74 4 88.516700
75 4 80.318700
76 4 74.997500
77 4 70.843000
78 4 70.340700
79 4 74.431400
80 4 71.215400
81 4 75.050300
82 4 78.592700
83 4 51.382000
84 4 56.278500
85 4 51.833500
86 4 48.807500
87 4 41.963700
88 4 35.875200
89 4 49.396000
90 4 57.101400
91 4 52.895000
92 4 58.186900
93 4 56.865600
94 4 66.866500
95 4 69.001900
96 4 66.275300
97 4 0.043639
98 4 0.000000
99 4 0.038697
100 4 0.000000
101 4 62.475300
102 4 54.960800
103 4 48.860200
104 4 53.122900
105 4 55.123200
106 4 52.488000
107 4 52.132400
108 4 52.365300
109 4 57.685400
110 4 68.717400
111 4 64.177700
112 4 69.291400
113 4 60.048200
114 4 55.235300
115 4 49.207800
116 4 49.164500
117 4 55.095500
118 4 53.192200
119 4 28.822900
120 4 40.216100
121 4 0.020720
122 4 0.000000
123 4 0.031248
124 4 0.000000
125 4 0.065562
126 4 0.000000
127 4 64.354700
128 4 81.908800
129 4 72.349000
130 4 54.758500
131 4 55.036800
132 4 62.981900
133 4 68.296700
134 4 66.092000
135 4 66.125100
136 4 61.633700
137 4 53.201900
138 4 48.863300
139 4 52.900300
140 4 63.440800
141 4 72.204400
142 4 72.968000
143 4 76.042700
144 4 0.100921
145 4 0.000000
146 4 0.143029
147 4 0.000000
148 4 0.185696
149 4 0.047700
150 4 0.201356
151 4 0.350400
152 4 86.882000
153 4 83.277000
154 4 72.817400
155 4 58.530400
156 4 62.705100
157 4 57.063300
158 4 59.847400
159 4 52.749500
160 4 56.056000
161 4 60.719500
162 4 57.445600
163 4 63.966200
164 4 66.101100
165 4 0.177034
166 4 0.107500
167 4 0.120971
168 4 0.189700
169 4 0.063411
170 4 1.624700
171 4 0.000000
172 4 0.202800
173 4 67.806400
174 4 73.122500
175 4 73.739100
176 4 64.380300
177 4 61.987200
178 4 59.372000
179 4 80.980500
180 4 82.756900
181 4 97.471400
182 4 0.000000
183 4 0.078600
184 4 0.000000
185 4 2.732000
186 4 0.000000
187 4 0.331000
188 4 0.000000
189 4 0.009000
190 4 0.000000
191 4 0.000000
192 4 0.000000
193 4 0.000000
194 4 130.320000
195 4 83.313100
196 4 83.031000
197 4 68.305200
198 4 0.000000
199 4 0.000000
200 4 0.000000
201 4 0.000000
202 4 0.070529
203 4 0.000000
204 4 0.157370
205 4 0.000000
206 4 0.236319
207 4 0.000000
208 4 0.622472
209 4 1.707590
210 4 0.000000
211 4 2.610230
212 4 1.050670
213 4 0.000000
214 4 0.865451
215 4 8.557820
216 4 0.511723
217 4 0.000000
218 4 2.095630
219 4 3.364060
220 4 2.305130
221 4 0.208752
222 4 2.880190
223 4 192.078000
224 4 93.282300
225 4 7.462850
226 4 3.060540
227 4 0.814664
228 4 0.680418
229 4 0.826525
230 4 0.584315
231 4 0.605467
1 5 112.884000
2 5 93.613800
3 5 85.469500
4 5 75.577600
5 5 73.602500
6 5 72.169300
7 5 70.037000
8 5 72.162300
9 5 93.395800
10 5 98.913600
11 5 75.936100
12 5 46.112600
13 5 42.438800
14 5 40.063400
15 5 30.145300
16 5 10.470300
17 5 22.759700
18 5 24.828100
19 5 76.879600
20 5 104.161000
21 5 118.405000
22 5 98.865500
23 5 97.168300
24 5 96.435400
25 5 12.329700
26 5 15.213800
27 5 24.353200
28 5 26.693000
29 5 27.903300
30 5 28.276700
31 5 31.754600
32 5 28.830600
33 5 21.093000
34 5 41.139800
35 5 39.421000
36 5 63.497300
37 5 69.924500
38 5 58.150000
39 5 54.318500
40 5 35.159600
41 5 42.179200
42 5 53.425600
43 5 46.363800
44 5 27.964000
45 5 23.742500
46 5 18.963300
47 5 17.526100
48 5 33.516900
49 5 108.661000
50 5 89.490100
51 5 84.816000
52 5 79.614600
53 5 76.645900
54 5 63.081400
55 5 72.749700
56 5 68.479800
57 5 76.314000
58 5 82.078500
59 5 73.096000
60 5 66.695400
61 5 61.654000
62 5 58.388800
63 5 52.273000
64 5 42.006500
65 5 38.632000
66 5 40.219200
67 5 82.224600
68 5 86.962800
69 5 97.822000
70 5 81.681400
71 5 93.043800
72 5 86.027700
73 5 107.290000
74 5 101.280000
75 5 93.140600
76 5 88.101000
77 5 78.297700
78 5 69.652300
79 5 88.357800
80 5 97.748300
81 5 99.339900
82 5 91.968600
83 5 77.941600
84 5 76.156800
85 5 78.592100
86 5 78.868300
87 5 65.452100
88 5 63.532200
89 5 62.996100
90 5 55.487600
91 5 83.131100
92 5 78.092900
93 5 87.619200
94 5 76.688900
95 5 76.374300
96 5 67.991100
97 5 0.060777
98 5 0.000000
99 5 0.106406
100 5 0.000000
101 5 94.684000
102 5 71.861500
103 5 69.421100
104 5 71.236400
105 5 63.838000
106 5 64.124600
107 5 77.741000
108 5 86.108000
109 5 78.586400
110 5 74.638500
111 5 85.799300
112 5 83.646200
113 5 79.366800
114 5 83.534500
115 5 82.812900
116 5 83.236300
117 5 79.043700
118 5 67.350300
119 5 76.666800
120 5 82.546500
121 5 0.112188
122 5 0.000000
123 5 0.131881
124 5 0.000000
125 5 0.176697
126 5 0.000000
127 5 82.256400
128 5 89.309600
129 5 77.906700
130 5 62.933000
131 5 87.890700
132 5 90.887800
133 5 65.788300
134 5 53.507200
135 5 49.735700
136 5 45.706500
137 5 38.334800
138 5 33.206400
139 5 40.243500
140 5 57.565600
141 5 67.618600
142 5 78.491600
143 5 89.092600
144 5 0.219718
145 5 0.000000
146 5 0.263821
147 5 0.000000
148 5 0.305607
149 5 0.123600
150 5 0.352685
151 5 2.758100
152 5 39.338100
153 5 62.828500
154 5 55.359700
155 5 61.048400
156 5 63.659000
157 5 60.244100
158 5 58.234900
159 5 52.285900
160 5 52.373600
161 5 49.235400
162 5 68.238400
163 5 58.652200
164 5 74.464100
165 5 0.373944
166 5 0.245500
167 5 0.332760
168 5 0.786700
169 5 0.265115
170 5 1.950900
171 5 0.201237
172 5 1.327300
173 5 51.753800
174 5 54.595100
175 5 47.901500
176 5 37.909600
177 5 24.001400
178 5 22.276900
179 5 54.588700
180 5 80.015600
181 5 99.488400
182 5 0.135231
183 5 1.066200
184 5 0.208586
185 5 0.595400
186 5 0.157777
187 5 0.085400
188 5 0.116859
189 5 0.001000
190 5 0.057022
191 5 0.000000
192 5 0.009429
193 5 0.000000
194 5 101.056000
195 5 94.046500
196 5 96.868800
197 5 82.197500
198 5 0.042008
199 5 0.000000
200 5 0.170178
201 5 0.000000
202 5 0.137276
203 5 0.000000
204 5 0.183179
205 5 0.000000
206 5 0.237285
207 5 0.000000
208 5 0.694732
209 5 0.917259
210 5 3.471770
211 5 1.245520
212 5 1.658590
213 5 0.000000
214 5 0.475053
215 5 6.830910
216 5 0.000000
217 5 0.000000
218 5 2.067150
219 5 3.130480
220 5 1.026690
221 5 0.000000
222 5 3.029520
223 5 233.433000
224 5 158.427000
225 5 7.701750
226 5 3.222020
227 5 0.885197
228 5 1.011130
229 5 1.021900
230 5 0.784509
231 5 0.686974
1 6 112.884000
2 6 93.613800
3 6 85.469500
4 6 75.577600
5 6 73.602500
6 6 72.169300
7 6 70.037000
8 6 72.162300
9 6 93.395800
10 6 98.913600
11 6 75.936100
12 6 46.112600
13 6 42.438800
14 6 40.063400
15 6 30.145300
16 6 10.470300
17 6 22.759700
18 6 24.828100
19 6 76.879600
20 6 104.161000
21 6 118.405000
22 6 98.865500
23 6 97.168300
24 6 96.435400
25 6 19.630400
26 6 37.054600
27 6 29.678100
28 6 25.109300
29 6 28.078900
30 6 36.928600
31 6 38.136900
32 6 35.960200
33 6 30.837000
34 6 36.214900
35 6 40.903300
36 6 62.085800
37 6 45.682900
38 6 42.596500
39 6 37.867500
40 6 30.945600
41 6 31.444900
42 6 33.364300
43 6 28.133900
44 6 4.146020
45 6 9.536740
46 6 19.285200
47 6 24.139000
48 6 18.299000
49 6 118.019000
50 6 91.491600
51 6 85.109400
52 6 77.553800
53 6 76.361500
54 6 72.213700
55 6 69.414100
56 6 58.580300
57 6 69.121900
58 6 76.703700
59 6 75.815100
60 6 54.870000
61 6 48.005000
62 6 43.851400
63 6 35.768800
64 6 25.888500
65 6 26.313400
66 6 38.346300
67 6 78.946800
68 6 85.148300
69 6 90.732100
70 6 70.210800
71 6 69.322700
72 6 66.170300
73 6 89.094400
74 6 81.537200
75 6 79.206700
76 6 62.631300
77 6 52.529300
78 6 75.810700
79 6 83.402300
80 6 92.799700
81 6 106.741000
82 6 104.009000
83 6 93.252500
84 6 82.666500
85 6 74.567900
86 6 78.328700
87 6 76.193600
88 6 61.993400
89 6 67.655100
90 6 75.207400
91 6 86.468600
92 6 84.098200
93 6 82.305400
94 6 84.934000
95 6 84.920200
96 6 80.253700
97 6 0.052599
98 6 0.000000
99 6 0.097612
100 6 0.000000
101 6 102.514000
102 6 55.830700
103 6 51.523300
104 6 48.320800
105 6 47.189900
106 6 39.492400
107 6 46.218700
108 6 59.343800
109 6 88.291000
110 6 86.291500
111 6 81.010200
112 6 72.865300
113 6 64.665200
114 6 68.282700
115 6 66.610400
116 6 65.997500
117 6 68.727800
118 6 73.971700
119 6 68.086700
120 6 71.970100
121 6 0.129580
122 6 0.000000
123 6 0.110497
124 6 0.000000
125 6 0.188048
126 6 0.000000
127 6 74.559600
128 6 62.015200
129 6 67.737100
130 6 73.678800
131 6 74.487600
132 6 66.692500
133 6 64.282000
134 6 62.996900
135 6 56.545100
136 6 51.364600
137 6 36.911100
138 6 16.622200
139 6 35.112300
140 6 45.127200
141 6 52.283100
142 6 67.969700
143 6 66.853500
144 6 0.252252
145 6 0.000000
146 6 0.325451
147 6 0.000000
148 6 0.372934
149 6 0.057100
150 6 0.233116
151 6 0.456400
152 6 72.669600
153 6 56.617600
154 6 57.618400
155 6 50.504800
156 6 51.651600
157 6 53.375500
158 6 42.444700
159 6 37.021000
160 6 35.052400
161 6 43.771700
162 6 62.883300
163 6 57.246000
164 6 61.052200
165 6 0.208049
166 6 0.345800
167 6 0.307768
168 6 1.625400
169 6 0.034892
170 6 2.814400
171 6 0.421789
172 6 5.302000
173 6 39.621700
174 6 47.276700
175 6 35.128800
176 6 37.052700
177 6 39.030300
178 6 54.298000
179 6 54.050100
180 6 84.567200
181 6 111.642000
182 6 0.342837
183 6 3.606400
184 6 0.303003
185 6 1.076200
186 6 0.277257
187 6 0.863500
188 6 0.220832
189 6 0.002700
190 6 0.127647
191 6 0.000000
192 6 0.082041
193 6 0.000000
194 6 133.065000
195 6 128.446000
196 6 125.436000
197 6 65.063200
198 6 0.078032
199 6 0.000000
200 6 0.153062
201 6 0.000000
202 6 0.251414
203 6 0.000000
204 6 0.297610
205 6 0.000000
206 6 0.335592
207 6 0.000000
208 6 0.764376
209 6 0.736251
210 6 2.717350
211 6 1.320190
212 6 0.434543
213 6 0.000000
214 6 0.902096
215 6 7.555940
216 6 0.455579
217 6 0.093602
218 6 2.872890
219 6 2.961560
220 6 2.315840
221 6 0.561616
222 6 1.039010
223 6 128.431000
224 6 43.643600
225 6 7.783070
226 6 1.983790
227 6 0.539670
228 6 0.253493
229 6 1.001100
230 6 0.628567
231 6 0.477800
1 7 112.884000
2 7 93.613800
3 7 85.469500
4 7 75.577600
5 7 73.602500
6 7 72.169300
7 7 70.037000
8 7 72.162300
9 7 93.395800
10 7 98.913600
11 7 75.936100
12 7 46.112600
13 7 42.438800
14 7 40.063400
15 7 30.145300
16 7 10.470300
17 7 22.759700
18 7 24.828100
19 7 76.879600
20 7 104.161000
21 7 118.405000
22 7 98.865500
23 7 97.168300
24 7 96.435400
25 7 19.630400
26 7 37.054600
27 7 29.678100
28 7 25.109300
29 7 28.078900
30 7 36.928600
31 7 38.136900
32 7 35.960200
33 7 30.837000
34 7 36.214900
35 7 40.903300
36 7 62.085800
37 7 45.682900
38 7 42.596500
39 7 37.867500
40 7 30.945600
41 7 31.444900
42 7 33.364300
43 7 28.133900
44 7 4.146020
45 7 9.536740
46 7 19.285200
47 7 24.139000
48 7 18.299000
49 7 118.019000
50 7 91.491600
51 7 85.109400
52 7 77.553800
53 7 76.361500
54 7 72.213700
55 7 69.414100
56 7 58.580300
57 7 69.121900
58 7 76.703700
59 7 75.815100
60 7 54.870000
61 7 48.005000
62 7 43.851400
63 7 35.768800
64 7 25.888500
65 7 26.313400
66 7 38.346300
67 7 78.946800
68 7 85.148300
69 7 90.732100
70 7 70.210800
71 7 69.322700
72 7 66.170300
73 7 89.094400
74 7 81.537200
75 7 79.206700
76 7 62.631300
77 7 52.529300
78 7 75.810700
79 7 83.402300
80 7 92.799700
81 7 106.741000
82 7 104.009000
83 7 93.252500
84 7 82.666500
85 7 74.567900
86 7 78.328700
87 7 76.193600
88 7 61.993400
89 7 67.655100
90 7 75.207400
91 7 86.468600
92 7 84.098200
93 7 82.305400
94 7 84.934000
95 7 84.920200
96 7 80.253700
97 7 0.052599
98 7 0.000000
99 7 0.097612
100 7 0.000000
101 7 102.514000
102 7 55.830700
103 7 51.523300
104 7 48.320800
105 7 47.189900
106 7 39.492400
107 7 46.218700
108 7 59.343800
109 7 88.291000
110 7 86.291500
111 7 81.010200
112 7 72.865300
113 7 64.665200
114 7 68.282700
115 7 66.610400
116 7 65.997500
117 7 68.727800
118 7 73.971700
119 7 68.086700
120 7 71.970100
121 7 0.129580
122 7 0.000000
123 7 0.110497
124 7 0.000000
125 7 0.188048
126 7 0.000000
127 7 74.559600
128 7 62.015200
129 7 67.737100
130 7 73.678800
131 7 74.487600
132 7 66.692500
133 7 64.282000
134 7 62.996900
135 7 56.545100
136 7 51.364600
137 7 36.911100
138 7 16.622200
139 7 35.112300
140 7 45.127200
141 7 52.283100
142 7 67.969700
143 7 66.853500
144 7 0.252252
145 7 0.000000
146 7 0.325451
147 7 0.000000
148 7 0.372934
149 7 0.057100
150 7 0.233116
151 7 0.456400
152 7 72.669600
153 7 56.617600
154 7 57.618400
155 7 50.504800
156 7 51.651600
157 7 53.375500
158 7 42.444700
159 7 37.021000
160 7 35.052400
161 7 43.771700
162 7 62.883300
163 7 57.246000
164 7 61.052200
165 7 0.208049
166 7 0.345800
167 7 0.307768
168 7 1.625400
169 7 0.034892
170 7 2.814400
171 7 0.220106
172 7 0.560300
173 7 89.152500
174 7 53.164500
175 7 51.030700
176 7 49.961400
177 7 42.259300
178 7 86.649200
179 7 94.269700
180 7 93.750000
181 7 99.704900
182 7 0.180339
183 7 0.577200
184 7 0.149639
185 7 1.151100
186 7 0.164456
187 7 0.655800
188 7 0.000000
189 7 0.001800
190 7 0.000000
191 7 0.000000
192 7 0.000000
193 7 0.000000
194 7 88.974600
195 7 69.185000
196 7 131.837000
197 7 100.722000
198 7 0.000000
199 7 0.000000
200 7 0.013347
201 7 0.000000
202 7 0.164457
203 7 0.000000
204 7 0.202465
205 7 0.000000
206 7 0.230355
207 7 0.000000
208 7 0.486899
209 7 0.000000
210 7 13.795700
211 7 0.525161
212 7 0.000000
213 7 0.000000
214 7 0.000000
215 7 4.521920
216 7 0.292090
217 7 0.082749
218 7 2.719300
219 7 4.090620
220 7 2.774940
221 7 0.766091
222 7 1.751430
223 7 115.413000
224 7 170.528000
225 7 8.998500
226 7 2.575100
227 7 0.914195
228 7 1.047590
229 7 0.857940
230 7 0.633214
231 7 0.643590
1 8 112.884000
2 8 93.613800
3 8 85.469500
4 8 75.577600
5 8 73.602500
6 8 72.169300
7 8 70.037000
8 8 72.162300
9 8 93.395800
10 8 98.913600
11 8 75.936100
12 8 46.112600
13 8 42.438800
14 8 40.063400
15 8 30.145300
16 8 10.470300
17 8 22.759700
18 8 24.828100
19 8 76.879600
20 8 104.161000
21 8 118.405000
22 8 98.865500
23 8 97.168300
24 8 96.435400
25 8 12.329700
26 8 15.213800
27 8 24.353200
28 8 26.693000
29 8 27.903300
30 8 28.276700
31 8 31.754600
32 8 28.830600
33 8 21.093000
34 8 41.139800
35 8 39.421000
36 8 63.497300
37 8 69.924500
38 8 58.150000
39 8 54.318500
40 8 35.159600
41 8 42.179200
42 8 53.425600
43 8 46.363800
44 8 27.964000
45 8 23.742500
46 8 18.963300
47 8 17.526100
48 8 33.516900
49 8 99.695100
50 8 79.876300
51 8 70.842100
52 8 65.455800
53 8 60.234900
54 8 59.372200
55 8 68.861300
56 8 57.357700
57 8 76.748500
58 8 90.631400
59 8 80.630000
60 8 71.889800
61 8 62.567400
62 8 56.623300
63 8 48.879800
64 8 45.163500
65 8 45.650400
66 8 49.404300
67 8 74.344800
68 8 101.439000
69 8 95.237900
70 8 92.218700
71 8 87.133000
72 8 76.522800
73 8 104.088000
74 8 96.113000
75 8 84.529000
76 8 80.921400
77 8 68.964900
78 8 81.097100
79 8 91.283700
80 8 85.723700
81 8 95.271700
82 8 90.409600
83 8 74.663500
84 8 73.696100
85 8 70.958900
86 8 69.424800
87 8 67.652000
88 8 63.975700
89 8 71.057800
90 8 73.825100
91 8 91.230300
92 8 106.969000
93 8 100.733000
94 8 97.417300
95 8 88.744700
96 8 75.324800
97 8 0.031975
98 8 0.000000
99 8 0.051228
100 8 0.000000
101 8 71.820700
102 8 60.298300
103 8 60.554900
104 8 64.062700
105 8 54.936900
106 8 62.523200
107 8 82.856500
108 8 98.718200
109 8 119.914000
110 8 110.932000
111 8 115.551000
112 8 112.259000
113 8 110.806000
114 8 114.127000
115 8 114.922000
116 8 118.826000
117 8 114.850000
118 8 99.630900
119 8 108.015000
120 8 119.148000
121 8 0.037522
122 8 0.000000
123 8 0.044736
124 8 0.000000
125 8 0.089199
126 8 0.000000
127 8 77.173400
128 8 69.454900
129 8 82.087700
130 8 86.675000
131 8 93.520800
132 8 82.982700
133 8 66.228400
134 8 72.409300
135 8 67.633600
136 8 68.172400
137 8 57.453600
138 8 30.266100
139 8 35.019400
140 8 48.584000
141 8 34.553400
142 8 35.144700
143 8 33.876700
144 8 0.151994
145 8 0.000000
146 8 0.201242
147 8 0.000000
148 8 0.305607
149 8 0.246000
150 8 0.352685
151 8 4.799600
152 8 114.285000
153 8 115.699000
154 8 41.586100
155 8 59.329000
156 8 22.943200
157 8 23.105300
158 8 8.421960
159 8 0.000000
160 8 8.993220
161 8 12.140100
162 8 12.824200
163 8 26.604400
164 8 53.243400
165 8 0.373944
166 8 1.201500
167 8 0.332760
168 8 0.322600
169 8 0.265115
170 8 0.074700
171 8 0.201237
172 8 0.135600
173 8 74.487600
174 8 78.558100
175 8 81.901200
176 8 47.360800
177 8 42.138900
178 8 42.388000
179 8 55.371500
180 8 61.683400
181 8 73.741000
182 8 0.135231
183 8 0.077900
184 8 0.090989
185 8 0.047300
186 8 0.067211
187 8 0.069600
188 8 0.071275
189 8 0.002400
190 8 0.027889
191 8 0.000000
192 8 0.000000
193 8 0.000000
194 8 106.709000
195 8 105.019000
196 8 96.174500
197 8 66.604900
198 8 0.004644
199 8 0.000000
200 8 0.081298
201 8 0.000000
202 8 0.159714
203 8 0.000000
204 8 0.208132
205 8 0.000000
206 8 0.256533
207 8 0.000000
208 8 0.992537
209 8 1.654420
210 8 7.593450
211 8 2.692030
212 8 0.432906
213 8 0.000000
214 8 0.881425
215 8 11.093800
216 8 0.527576
217 8 0.000000
218 8 3.547060
219 8 4.328260
220 8 3.249180
221 8 0.000000
222 8 2.096880
223 8 225.911000
224 8 126.035000
225 8 3.989900
226 8 2.902950
227 8 0.808470
228 8 0.767074
229 8 0.809110
230 8 0.408014
231 8 0.423182
1 9 112.884000
2 9 93.613800
3 9 85.469500
4 9 75.577600
5 9 73.602500
6 9 72.169300
7 9 70.037000
8 9 72.162300
9 9 93.395800
10 9 98.913600
11 9 75.936100
12 9 46.112600
13 9 42.438800
14 9 40.063400
15 9 30.145300
16 9 10.470300
17 9 22.759700
18 9 24.828100
19 9 76.879600
20 9 104.161000
21 9 118.405000
22 9 98.865500
23 9 97.168300
24 9 96.435400
25 9 12.329700
26 9 15.213800
27 9 24.353200
28 9 26.693000
29 9 27.903300
30 9 28.276700
31 9 31.754600
32 9 28.830600
33 9 21.093000
34 9 41.139800
35 9 39.421000
36 9 63.497300
37 9 69.924500
38 9 58.150000
39 9 54.318500
40 9 35.159600
41 9 42.179200
42 9 53.425600
43 9 46.363800
44 9 27.964000
45 9 23.742500
46 9 18.963300
47 9 17.526100
48 9 33.516900
49 9 105.582000
50 9 83.863800
51 9 74.815600
52 9 66.205300
53 9 56.257200
54 9 56.997400
55 9 62.892700
56 9 53.678100
57 9 70.799100
58 9 85.279200
59 9 86.032700
60 9 74.460700
61 9 64.011900
62 9 58.712500
63 9 49.075900
64 9 36.970200
65 9 31.150500
66 9 45.768800
67 9 64.080400
68 9 88.209700
69 9 114.056000
70 9 94.810600
71 9 95.970000
72 9 85.273700
73 9 101.240000
74 9 90.478100
75 9 76.085700
76 9 64.841800
77 9 53.141100
78 9 57.043100
79 9 66.906000
80 9 90.142000
81 9 104.187000
82 9 108.129000
83 9 102.773000
84 9 98.397700
85 9 96.613000
86 9 97.181500
87 9 87.753500
88 9 78.427900
89 9 81.063300
90 9 87.321000
91 9 100.494000
92 9 114.094000
93 9 138.696000
94 9 123.748000
95 9 116.735000
96 9 108.316000
97 9 0.056861
98 9 0.000000
99 9 0.106860
100 9 0.000000
101 9 81.859900
102 9 69.798300
103 9 65.911900
104 9 65.449400
105 9 57.428300
106 9 59.250500
107 9 81.284900
108 9 91.227500
109 9 114.139000
110 9 114.905000
111 9 110.911000
112 9 111.285000
113 9 111.268000
114 9 109.027000
115 9 103.558000
116 9 103.877000
117 9 101.648000
118 9 107.173000
119 9 99.672900
120 9 116.262000
121 9 0.122694
122 9 0.000000
123 9 0.153041
124 9 0.000000
125 9 0.215298
126 9 0.000000
127 9 65.206400
128 9 57.294700
129 9 69.050800
130 9 82.801300
131 9 68.895600
132 9 77.456800
133 9 71.610700
134 9 77.317100
135 9 74.266500
136 9 64.609300
137 9 58.426600
138 9 55.644500
139 9 52.295800
140 9 67.253600
141 9 72.933600
142 9 78.890400
143 9 76.608300
144 9 0.286928
145 9 0.000000
146 9 0.323474
147 9 0.000000
148 9 0.332398
149 9 0.057800
150 9 0.396112
151 9 0.326600
152 9 58.221100
153 9 54.153800
154 9 41.026100
155 9 46.870000
156 9 40.569100
157 9 38.847600
158 9 41.328100
159 9 39.013400
160 9 37.328300
161 9 36.200200
162 9 33.612100
163 9 87.195400
164 9 84.450700
165 9 0.436382
166 9 0.137600
167 9 0.419493
168 9 1.512700
169 9 0.370350
170 9 0.905900
171 9 0.306950
172 9 0.296600
173 9 60.153000
174 9 47.040700
175 9 45.189000
176 9 45.348300
177 9 56.438900
178 9 60.156800
179 9 60.319600
180 9 54.758100
181 9 60.297300
182 9 0.248580
183 9 0.115800
184 9 0.199827
185 9 0.167500
186 9 0.174722
187 9 0.121900
188 9 0.153840
189 9 0.012000
190 9 0.105511
191 9 0.000000
192 9 0.041141
193 9 0.000000
194 9 136.068000
195 9 126.498000
196 9 124.875000
197 9 74.781600
198 9 0.030564
199 9 0.000000
200 9 0.106447
201 9 0.000000
202 9 0.191706
203 9 0.000000
204 9 0.233394
205 9 0.000000
206 9 0.255149
207 9 0.000000
208 9 0.732541
209 9 0.410964
210 9 0.812054
211 9 1.693210
212 9 0.000000
213 9 0.000000
214 9 0.514690
215 9 6.788460
216 9 0.499738
217 9 0.265078
218 9 5.289640
219 9 5.984600
220 9 5.400720
221 9 0.071236
222 9 0.917488
223 9 134.641000
224 9 75.519900
225 9 4.502250
226 9 1.984750
227 9 0.793376
228 9 0.618945
229 9 0.847980
230 9 0.622534
231 9 0.629688
1 10 112.884000
2 10 93.613800
3 10 85.469500
4 10 75.577600
5 10 73.602500
6 10 72.169300
7 10 70.037000
8 10 72.162300
9 10 93.395800
10 10 98.913600
11 10 75.936100
12 10 46.112600
13 10 42.438800
14 10 40.063400
15 10 30.145300
16 10 10.470300
17 10 22.759700
18 10 24.828100
19 10 76.879600
20 10 104.161000
21 10 118.405000
22 10 98.865500
23 10 97.168300
24 10 96.435400
25 10 19.630400
26 10 37.054600
27 10 29.678100
28 10 25.109300
29 10 28.078900
30 10 36.928600
31 10 38.136900
32 10 35.960200
33 10 30.837000
34 10 36.214900
35 10 40.903300
36 10 62.085800
37 10 45.682900
38 10 42.596500
39 10 37.867500
40 10 30.945600
41 10 31.444900
42 10 33.364300
43 10 28.133900
44 10 4.146020
45 10 9.536740
46 10 19.285200
47 10 24.139000
48 10 18.299000
49 10 118.019000
50 10 91.491600
51 10 85.109400
52 10 77.553800
53 10 76.361500
54 10 72.213700
55 10 69.414100
56 10 58.580300
57 10 69.121900
58 10 76.703700
59 10 75.815100
60 10 54.870000
61 10 48.005000
62 10 43.851400
63 10 35.768800
64 10 25.888500
65 10 26.313400
66 10 38.346300
67 10 78.946800
68 10 85.148300
69 10 90.732100
70 10 70.210800
71 10 69.322700
72 10 66.170300
73 10 89.094400
74 10 81.537200
75 10 79.206700
76 10 62.631300
77 10 52.529300
78 10 75.810700
79 10 83.402300
80 10 92.799700
81 10 106.741000
82 10 104.009000
83 10 93.252500
84 10 82.666500
85 10 74.567900
86 10 78.328700
87 10 76.193600
88 10 61.993400
89 10 67.655100
90 10 75.207400
91 10 86.468600
92 10 84.098200
93 10 82.305400
94 10 84.934000
95 10 84.920200
96 10 80.253700
97 10 0.052599
98 10 0.000000
99 10 0.097612
100 10 0.000000
101 10 102.514000
102 10 55.830700
103 10 51.523300
104 10 48.320800
105 10 47.189900
106 10 39.492400
107 10 46.218700
108 10 59.343800
109 10 88.291000
110 10 86.291500
111 10 81.010200
112 10 72.865300
113 10 64.665200
114 10 68.282700
115 10 66.610400
116 10 65.997500
117 10 68.727800
118 10 73.971700
119 10 68.086700
120 10 71.970100
121 10 0.129580
122 10 0.000000
123 10 0.110497
124 10 0.000000
125 10 0.188048
126 10 0.000000
127 10 74.559600
128 10 62.015200
129 10 67.737100
130 10 73.678800
131 10 74.487600
132 10 66.692500
133 10 64.282000
134 10 62.996900
135 10 56.545100
136 10 51.364600
137 10 36.911100
138 10 16.622200
139 10 35.112300
140 10 45.127200
141 10 52.283100
142 10 67.969700
143 10 66.853500
144 10 0.252252
145 10 0.000000
146 10 0.325451
147 10 0.000000
148 10 0.372934
149 10 0.057100
150 10 0.233116
151 10 0.456400
152 10 72.669600
153 10 56.617600
154 10 57.618400
155 10 50.504800
156 10 51.651600
157 10 53.375500
158 10 42.444700
159 10 37.021000
160 10 35.052400
161 10 43.771700
162 10 62.883300
163 10 57.246000
164 10 61.052200
165 10 0.208049
166 10 0.345800
167 10 0.307768
168 10 1.625400
169 10 0.034892
170 10 2.814400
171 10 0.083272
172 10 0.136700
173 10 93.480000
174 10 85.060200
175 10 77.296900
176 10 52.465300
177 10 80.407400
178 10 78.600100
179 10 75.657400
180 10 104.728000
181 10 90.060400
182 10 0.065239
183 10 0.055000
184 10 0.068939
185 10 0.062900
186 10 0.086531
187 10 0.065900
188 10 0.080318
189 10 0.000800
190 10 0.026633
191 10 0.000000
192 10 0.000000
193 10 0.000000
194 10 129.619000
195 10 112.715000
196 10 99.464400
197 10 123.414000
198 10 0.010938
199 10 0.000000
200 10 0.129708
201 10 0.000000
202 10 0.221555
203 10 0.000000
204 10 0.263941
205 10 0.000000
206 10 0.317002
207 10 0.000000
208 10 0.892447
209 10 1.089740
210 10 0.000000
211 10 1.244280
212 10 0.000000
213 10 0.000000
214 10 1.411850
215 10 6.855290
216 10 0.363597
217 10 0.000000
218 10 2.832040
219 10 3.675930
220 10 3.036180
221 10 3.303530
222 10 1.454710
223 10 0.000000
224 10 200.739000
225 10 11.638700
226 10 2.804390
227 10 0.663476
228 10 0.675930
229 10 0.859875
230 10 0.680819
231 10 0.603758
;

param Prob0 :=
1	0.100
2	0.100
3	0.100
4	0.100
5	0.100
6	0.100
7	0.100
8	0.100
9	0.100
10	0.100
;
set c[0,5] := 5 1 2 3 4 6 7 8 9 10;
set c[1,7] := 7 5 1 2 3 4 6 8 9 10;
set c[2,4] := 4 5 2 8 9;
set c[2,10] := 10 7 1 3 6;
set c[3,7] := 7 10 1 3 6;
set c[3,8] := 8;
set c[3,2] := 2 5;
set c[3,9] := 9;
set c[3,4] := 4;
set c[4,8] := 8;
set c[4,4] := 4;
set c[4,9] := 9;
set c[4,2] := 2 5;
set c[4,3] := 3 7 10 1 6;
set c[5,9] := 9;
set c[5,2] := 2 5;
set c[5,1] := 1 3 7 10 6;
set c[5,4] := 4;
set c[5,8] := 8;
set c[6,2] := 2 5;
set c[6,8] := 8;
set c[6,1] := 1 3 7 10 6;
set c[6,4] := 4;
set c[6,9] := 9;
set c[7,9] := 9;
set c[7,10] := 10 1 3 7 6;
set c[7,8] := 8;
set c[7,4] := 4;
set c[7,2] := 2 5;
set c[8,1] := 1 10 3 7 6;
set c[8,8] := 8;
set c[8,4] := 4;
set c[8,2] := 2 5;
set c[8,9] := 9;
set c[9,9] := 9;
set c[9,4] := 4;
set c[9,8] := 8;
set c[9,2] := 2 5;
set c[9,1] := 1 10 3 7 6;
set c[10,8] := 8;
set c[10,2] := 2 5;
set c[10,4] := 4;
set c[10,6] := 6 1 10 3 7;
set c[10,9] := 9;
set c[11,9] := 9;
set c[11,2] := 2 5;
set c[11,4] := 4;
set c[11,10] := 10 6 1 3 7;
set c[11,8] := 8;
set c[12,8] := 8;
set c[12,4] := 4;
set c[12,2] := 2 5;
set c[12,7] := 7 10 6 1 3;
set c[12,9] := 9;
set c[13,2] := 2 5;
set c[13,3] := 3 7 10 6 1;
set c[13,4] := 4;
set c[13,9] := 9;
set c[13,8] := 8;
set c[14,9] := 9;
set c[14,8] := 8;
set c[14,3] := 3 7 10 6 1;
set c[14,4] := 4;
set c[14,2] := 2 5;
set c[15,2] := 2 5;
set c[15,10] := 10 3 7 6 1;
set c[15,8] := 8;
set c[15,4] := 4;
set c[15,9] := 9;
set c[16,9] := 9;
set c[16,4] := 4;
set c[16,7] := 7 10 3 6 1;
set c[16,8] := 8;
set c[16,2] := 2 5;
set c[17,4] := 4;
set c[17,8] := 8;
set c[17,10] := 10 7 3 6 1;
set c[17,2] := 2 5;
set c[17,9] := 9;
set c[18,8] := 8;
set c[18,9] := 9;
set c[18,3] := 3 10 7 6 1;
set c[18,2] := 2 5;
set c[18,4] := 4;
set c[19,1] := 1 3 10 7 6;
set c[19,4] := 4;
set c[19,2] := 2 5;
set c[19,9] := 9;
set c[19,8] := 8;
set c[20,2] := 2 5;
set c[20,9] := 9;
set c[20,8] := 8;
set c[20,4] := 4;
set c[20,7] := 7;
set c[20,3] := 3;
set c[20,1] := 1;
set c[20,10] := 10;
set c[20,6] := 6;
set c[21,3] := 3;
set c[21,1] := 1;
set c[21,10] := 10;
set c[21,4] := 4;
set c[21,7] := 7;
set c[21,9] := 9;
set c[21,8] := 8;
set c[21,6] := 6;
set c[21,2] := 2 5;
set c[22,6] := 6;
set c[22,8] := 8;
set c[22,7] := 7;
set c[22,4] := 4;
set c[22,10] := 10;
set c[22,1] := 1;
set c[22,9] := 9;
set c[22,2] := 2 5;
set c[22,3] := 3;
set c[23,3] := 3;
set c[23,2] := 2 5;
set c[23,9] := 9;
set c[23,8] := 8;
set c[23,4] := 4;
set c[23,1] := 1;
set c[23,10] := 10;
set c[23,7] := 7;
set c[23,6] := 6;
set c[24,4] := 4;
set c[24,2] := 2 5;
set c[24,10] := 10;
set c[24,1] := 1;
set c[24,9] := 9;
set c[24,6] := 6;
set c[24,7] := 7;
set c[24,8] := 8;
set c[24,3] := 3;
set c[25,10] := 10;
set c[25,1] := 1;
set c[25,7] := 7;
set c[25,6] := 6;
set c[25,2] := 2 5;
set c[25,8] := 8;
set c[25,3] := 3;
set c[25,9] := 9;
set c[25,4] := 4;
set c[26,9] := 9;
set c[26,1] := 1;
set c[26,6] := 6;
set c[26,3] := 3;
set c[26,8] := 8;
set c[26,4] := 4;
set c[26,2] := 2 5;
set c[26,7] := 7;
set c[26,10] := 10;
set c[27,10] := 10;
set c[27,2] := 2 5;
set c[27,8] := 8;
set c[27,7] := 7;
set c[27,4] := 4;
set c[27,3] := 3;
set c[27,1] := 1;
set c[27,6] := 6;
set c[27,9] := 9;
set c[28,7] := 7;
set c[28,9] := 9;
set c[28,6] := 6;
set c[28,1] := 1;
set c[28,3] := 3;
set c[28,2] := 2 5;
set c[28,8] := 8;
set c[28,4] := 4;
set c[28,10] := 10;
set c[29,1] := 1;
set c[29,4] := 4;
set c[29,9] := 9;
set c[29,8] := 8;
set c[29,2] := 2 5;
set c[29,3] := 3;
set c[29,10] := 10;
set c[29,6] := 6;
set c[29,7] := 7;
set c[30,4] := 4;
set c[30,8] := 8;
set c[30,2] := 2 5;
set c[30,10] := 10;
set c[30,3] := 3;
set c[30,9] := 9;
set c[30,6] := 6;
set c[30,7] := 7;
set c[30,1] := 1;
set c[31,9] := 9;
set c[31,3] := 3;
set c[31,6] := 6;
set c[31,2] := 2;
set c[31,5] := 5;
set c[31,7] := 7;
set c[31,8] := 8;
set c[31,10] := 10;
set c[31,1] := 1;
set c[31,4] := 4;
set c[32,10] := 10;
set c[32,6] := 6;
set c[32,7] := 7;
set c[32,5] := 5;
set c[32,8] := 8;
set c[32,3] := 3;
set c[32,1] := 1;
set c[32,4] := 4;
set c[32,2] := 2;
set c[32,9] := 9;
set c[33,5] := 5;
set c[33,6] := 6;
set c[33,8] := 8;
set c[33,3] := 3;
set c[33,7] := 7;
set c[33,9] := 9;
set c[33,1] := 1;
set c[33,4] := 4;
set c[33,2] := 2;
set c[33,10] := 10;
set c[34,2] := 2;
set c[34,10] := 10;
set c[34,7] := 7;
set c[34,9] := 9;
set c[34,1] := 1;
set c[34,3] := 3;
set c[34,4] := 4;
set c[34,6] := 6;
set c[34,8] := 8;
set c[34,5] := 5;

