#erel:= 0.850;
#emax:= 2615.723;
#q:= 0.000;
#nesce:=     8;
#etime:= 0.050;
#snodes:=   239;
param nS:=    10;
param nSG:=    34;
param nRVSG :=
1 24
5 2
9 2
13 2
17 2
21 9
25 2
29 2
33 2
2 24
6 2
10 2
14 2
18 2
22 2
26 2
30 2
34 24
3 24
7 20
11 17
15 2
19 2
23 2
27 2
31 2
4 24
8 2
12 2
16 13
20 2
24 2
28 4
32 2
;


param ScenF :=
1 23.0295
59 75.3051
117 63.5988
175 52.5673
2 41.2904
60 61.3261
118 70.2563
176 50.3597
3 33.6862
61 56.197
119 80.0585
177 51.8447
4 28.3335
62 60.0839
120 71.6207
178 68.612
5 26.1814
63 65.471
121 0.476462
179 80.1486
6 33.2121
64 76.8966
122 0
180 83.057
7 54.6966
65 90.3626
123 0.470571
181 57.8704
8 81.2598
66 97.1621
124 0
182 0.374208
9 107.562
67 123.118
125 0.484716
183 0.3814
10 108.857
68 151.287
126 0
184 0.330461
11 85.5833
69 147.968
127 9.78074
185 0.202
12 77.6869
70 128.56
128 22.5239
186 0.285668
13 74.1469
71 113.693
129 26.5808
187 0.1133
14 75.0215
72 106.068
130 29.819
188 0.248546
15 73.8733
73 44.0436
131 48.4593
189 0.0026
16 67.9571
74 80.5591
132 59.9111
190 0.232426
17 67.8079
75 71.3913
133 58.6308
191 0
18 79.4804
76 66.7011
134 49.8236
192 0.232506
19 101.037
77 67.507
135 48.5032
193 0
20 121.23
78 71.3727
136 51.9044
194 79.4268
21 124.729
79 83.7933
137 52.7655
195 80.0032
22 112.477
80 103.908
138 46.4708
196 71.545
23 102.159
81 128.993
139 44.6394
197 58.1968
24 88.8231
82 120.81
140 52.8777
198 0.268675
25 28.7141
83 103.154
141 65.3538
199 0
26 37.9136
84 90.345
142 67.5644
200 0.339273
27 47.3108
85 92.2301
143 47.5615
201 0
28 51.5098
86 98.2453
144 0.501931
202 0.358124
29 54.1616
87 108.115
145 0
203 0
30 51.74
88 115.754
146 0.532393
204 0.342713
31 51.3945
89 120.703
147 0
205 0
32 38.507
90 121.513
148 0.571536
206 0.33365
33 44.5541
91 149.613
149 0.0102
207 0
34 57.7533
92 177.664
150 0.587459
208 1.06458
35 69.4502
93 171.994
151 0.1122
209 9.24783
36 65.373
94 144.804
152 50.65
210 0
37 74.2788
95 131.071
153 60.4536
211 5.53914
38 68.1104
96 128.85
154 50.6894
212 23.5211
39 68.7769
97 0.485018
155 35.5981
213 39.1585
40 72.9838
98 0
156 29.8805
214 5.69155
41 84.3734
99 0.487202
157 34.1211
215 0
42 69.4203
100 0
158 34.7949
216 0.628139
43 67.8362
101 30.4836
159 35.6211
217 4.12617
44 25.3252
102 47.9357
160 32.6812
218 10.4801
45 24.3852
103 40.0035
161 41.4087
219 1.48803
46 20.0479
104 30.5
162 66.8172
220 9.17947
47 21.8727
105 32.3938
163 74.689
221 0
48 20.7013
106 36.151
164 65.8303
222 7.99873
49 47.7198
107 40.3136
165 0.595759
223 0
50 85.0033
108 45.5095
166 0.273
224 0
51 68.971
109 61.3206
167 0.56634
225 57.8087
52 63.6371
110 70.173
168 0.4503
226 7.22662
53 58.6223
111 68.8478
169 0.497512
227 1.30021
54 61.2892
112 72.0096
170 0.5554
228 0.552024
55 64.7794
113 75.1163
171 0.428523
229 0.863521
56 70.1658
114 81.7302
172 0.4974
230 0.498768
57 98.0865
115 77.1524
173 51.1404
231 0.896964
58 100.945
116 69.6735
174 53.5037
;


param ScenO :=
1 66.01
48 18.12
95 74.91
142 75
189 0
2 50
49 66.01
96 66.04
143 79.11
190 0.037
3 44.99
50 49.99
97 0.491
144 0.239
191 0
4 42.24
51 44.99
98 0
145 0
192 0.027
5 40.7
52 42.22
99 0.506
146 0.157
193 0
6 39.98
53 40.29
100 0
147 0
194 84.72
7 40.7
54 39.04
101 61.01
148 0.149
195 81
8 44.63
55 40.29
102 43.14
149 0
196 67
9 47
56 44.61
103 39.99
150 0.124
197 40.14
10 71
57 47
104 35.8
151 0.024
198 0.023
11 77.9
58 61.01
105 34.59
152 40
199 0
12 60.1
59 70.69
106 34.98
153 40
200 0.019
13 45.1
60 49.99
107 35.8
154 44.25
201 0
14 43.6
61 45.1
108 44.62
155 42.37
202 0.014
15 42.24
62 43.6
109 46.47
156 38
203 0
16 40.72
63 44.24
110 55
157 38
204 0.009
17 42.24
64 43.72
111 69.96
158 35.1
205 0
18 48.85
65 46.24
112 48.1
159 35.2
206 0.009
19 74.88
66 48.86
113 45.1
160 38
207 0
20 80
67 67.98
114 43.6
161 43.96
208 0.045902
21 87.9
68 69.9
115 42.24
162 64.88
209 0.1186
22 90.1
69 77.91
116 40.72
163 72.82
210 0.439209
23 85.01
70 82.36
117 42.24
164 82
211 0.07339
24 71.04
71 74.91
118 46.47
165 0.071
212 0
25 50.32
72 66.04
119 60
166 0.059
213 0
26 49.12
73 66.01
120 72
167 0.059
214 0.052088
27 37.16
74 46.47
121 0.519
168 0.083
215 0.012772
28 36
75 44.99
122 0
169 0.042
216 0.590426
29 37.28
76 42.23
123 0.471
170 0.095
217 0.256901
30 38.04
77 37.71
124 0
171 0.029
218 0.106547
31 37.76
78 38.47
125 0.362
172 0.101
219 0.293344
32 42.4
79 39.14
126 0
173 53.6
220 0.276497
33 38.12
80 44.62
127 57.3
174 50.69
221 0.73922
34 55.16
81 47
128 18.77
175 48.86
222 1.5187
35 59.4
82 47.11
129 20
176 50.69
223 0.168222
36 54
83 66.96
130 37.63
177 44.61
224 0.551373
37 57.92
84 51.08
131 51.7
178 59.9
225 0.529171
38 58.4
85 45.96
132 64
179 78.38
226 0.422543
39 55.52
86 46.6
133 72.9
180 87.12
227 0.768
40 55.32
87 47.2
134 54.09
181 85.26
228 0.990557
41 76.2
88 45.7
135 42.1
182 0.021
229 0.930633
42 69.6
89 50.24
136 41.67
183 0.099
230 0.745206
43 53.96
90 48.86
137 40.2
184 0.018
231 0.802928
44 13
91 59.87
138 39.9
185 0.074
45 6.08
92 74.85
139 41.74
186 0.026
46 5.2
93 80.91
140 45.85
187 0.04
47 8.96
94 82.36
141 66.76
188 0.037
;


param Scen0 :=
1 1 68.744200
2 1 47.356200
3 1 30.397400
4 1 20.994100
5 1 22.914600
6 1 27.627600
7 1 52.949800
8 1 73.905500
9 1 109.017000
10 1 117.403000
11 1 76.045400
12 1 76.021200
13 1 79.698000
14 1 69.134100
15 1 69.726400
16 1 66.265600
17 1 77.913400
18 1 81.174500
19 1 108.052000
20 1 112.391000
21 1 127.576000
22 1 113.290000
23 1 88.182300
24 1 74.796200
25 1 29.177600
26 1 29.618300
27 1 41.014900
28 1 44.258700
29 1 44.021500
30 1 47.664800
31 1 47.653500
32 1 41.741400
33 1 26.628200
34 1 72.196400
35 1 83.336100
36 1 74.006700
37 1 80.122500
38 1 76.292600
39 1 79.587600
40 1 80.716300
41 1 90.763500
42 1 72.006300
43 1 68.204400
44 1 23.195700
45 1 13.652700
46 1 11.357700
47 1 20.886800
48 1 26.294200
49 1 99.728200
50 1 74.025300
51 1 80.055900
52 1 60.040900
53 1 58.348100
54 1 57.719400
55 1 74.254700
56 1 65.931400
57 1 106.166000
58 1 125.013000
59 1 72.754700
60 1 67.093900
61 1 65.449900
62 1 59.431800
63 1 65.714000
64 1 72.788500
65 1 81.924000
66 1 93.076600
67 1 138.765000
68 1 150.408000
69 1 159.589000
70 1 130.191000
71 1 113.581000
72 1 105.138000
73 1 84.023000
74 1 79.553100
75 1 76.513000
76 1 66.389500
77 1 59.385600
78 1 74.549300
79 1 85.195800
80 1 90.922700
81 1 130.906000
82 1 148.350000
83 1 97.946900
84 1 89.861500
85 1 96.685000
86 1 96.145300
87 1 99.736900
88 1 118.337000
89 1 105.596000
90 1 115.283000
91 1 156.336000
92 1 168.432000
93 1 165.630000
94 1 133.028000
95 1 120.598000
96 1 116.584000
97 1 0.462994
98 1 0.000000
99 1 0.511110
100 1 0.000000
101 1 56.345400
102 1 45.632100
103 1 36.465500
104 1 23.513100
105 1 28.816900
106 1 29.935100
107 1 50.940000
108 1 60.137400
109 1 45.995400
110 1 25.724200
111 1 46.956500
112 1 52.788400
113 1 53.194500
114 1 59.839800
115 1 61.188400
116 1 52.682200
117 1 36.139400
118 1 74.689100
119 1 75.946500
120 1 75.772400
121 1 0.529931
122 1 0.000000
123 1 0.490100
124 1 0.000000
125 1 0.448447
126 1 0.000000
127 1 23.779800
128 1 7.822010
129 1 23.545300
130 1 31.407200
131 1 37.310100
132 1 29.501300
133 1 34.154300
134 1 41.726900
135 1 35.478600
136 1 40.919400
137 1 49.014300
138 1 36.368300
139 1 36.203600
140 1 50.144800
141 1 65.263100
142 1 76.069000
143 1 83.539900
144 1 0.424437
145 1 0.000000
146 1 0.406417
147 1 0.000000
148 1 0.409561
149 1 0.008500
150 1 0.416667
151 1 0.086100
152 1 67.867000
153 1 67.721000
154 1 71.498800
155 1 39.567300
156 1 0.000000
157 1 20.703900
158 1 41.354900
159 1 20.459900
160 1 6.154770
161 1 19.670200
162 1 84.754200
163 1 93.948100
164 1 100.762000
165 1 0.425518
166 1 0.281400
167 1 0.407276
168 1 1.782100
169 1 0.366132
170 1 0.842700
171 1 0.314960
172 1 0.389600
173 1 76.380900
174 1 0.000000
175 1 15.344700
176 1 14.379500
177 1 24.758400
178 1 24.839800
179 1 53.333900
180 1 71.669700
181 1 91.129500
182 1 0.265731
183 1 0.694000
184 1 0.230423
185 1 0.150600
186 1 0.177359
187 1 0.939000
188 1 0.122693
189 1 0.001300
190 1 0.090138
191 1 0.000000
192 1 0.109548
193 1 0.000000
194 1 67.781500
195 1 73.260600
196 1 62.346100
197 1 53.793600
198 1 0.163901
199 1 0.000000
200 1 0.252935
201 1 0.000000
202 1 0.276775
203 1 0.000000
204 1 0.258490
205 1 0.000000
206 1 0.264861
207 1 0.000000
208 1 1.604060
209 1 7.899360
210 1 11.666100
211 1 5.130750
212 1 24.800900
213 1 36.913300
214 1 6.203600
215 1 0.000000
216 1 0.660749
217 1 3.530920
218 1 11.755700
219 1 1.855350
220 1 10.271600
221 1 0.000000
222 1 8.027820
223 1 189.321000
224 1 0.000000
225 1 27.063000
226 1 10.017700
227 1 1.927740
228 1 0.786167
229 1 0.862003
230 1 0.603842
231 1 0.807404
1 2 66.200000
2 2 51.176400
3 2 41.551600
4 2 39.519900
5 2 38.272100
6 2 38.228400
7 2 70.125900
8 2 94.650700
9 2 115.061000
10 2 115.304000
11 2 98.927500
12 2 90.418900
13 2 93.282600
14 2 93.733800
15 2 81.037800
16 2 76.914600
17 2 72.405300
18 2 74.154500
19 2 103.692000
20 2 102.903000
21 2 119.738000
22 2 104.243000
23 2 97.084200
24 2 93.068200
25 2 33.392200
26 2 30.684800
27 2 41.026000
28 2 42.928800
29 2 47.706400
30 2 44.898400
31 2 47.889100
32 2 46.174600
33 2 52.824900
34 2 56.398600
35 2 65.481400
36 2 77.369300
37 2 69.924900
38 2 65.414500
39 2 69.802200
40 2 71.356500
41 2 85.454200
42 2 69.742700
43 2 55.175400
44 2 14.769300
45 2 13.965400
46 2 24.857700
47 2 28.543600
48 2 23.369800
49 2 90.870000
50 2 79.068200
51 2 68.740600
52 2 65.576600
53 2 64.013100
54 2 50.904200
55 2 66.899200
56 2 77.935400
57 2 92.192600
58 2 93.772600
59 2 77.239100
60 2 65.065900
61 2 61.456300
62 2 65.717000
63 2 79.399500
64 2 84.850500
65 2 96.018100
66 2 93.514200
67 2 137.439000
68 2 140.522000
69 2 149.223000
70 2 124.107000
71 2 123.906000
72 2 115.973000
73 2 85.142700
74 2 94.262100
75 2 85.557300
76 2 85.128600
77 2 86.781800
78 2 76.056100
79 2 97.785900
80 2 119.749000
81 2 135.990000
82 2 129.621000
83 2 106.682000
84 2 90.443500
85 2 95.770400
86 2 100.822000
87 2 94.421400
88 2 104.353000
89 2 103.315000
90 2 94.680100
91 2 138.177000
92 2 150.316000
93 2 153.809000
94 2 123.254000
95 2 114.849000
96 2 111.125000
97 2 0.495984
98 2 0.000000
99 2 0.513539
100 2 0.000000
101 2 68.539300
102 2 49.920800
103 2 42.412100
104 2 36.609900
105 2 31.959200
106 2 37.088700
107 2 52.985800
108 2 61.475100
109 2 49.960900
110 2 54.651700
111 2 68.902900
112 2 74.055600
113 2 74.496500
114 2 79.385800
115 2 81.860700
116 2 78.629300
117 2 68.561300
118 2 65.810400
119 2 88.740200
120 2 89.738200
121 2 0.510829
122 2 0.000000
123 2 0.506223
124 2 0.000000
125 2 0.513915
126 2 0.000000
127 2 3.543630
128 2 0.000000
129 2 1.644190
130 2 27.185400
131 2 37.915900
132 2 56.648700
133 2 52.186600
134 2 40.485000
135 2 34.048700
136 2 42.060200
137 2 37.027500
138 2 31.186600
139 2 16.148300
140 2 49.739300
141 2 60.565900
142 2 62.565500
143 2 81.112500
144 2 0.510486
145 2 0.000000
146 2 0.536207
147 2 0.000000
148 2 0.576220
149 2 0.009300
150 2 0.605748
151 2 0.034300
152 2 28.192800
153 2 39.507900
154 2 37.539000
155 2 38.419200
156 2 39.871400
157 2 40.227400
158 2 39.402400
159 2 34.247900
160 2 32.203900
161 2 35.254400
162 2 70.570700
163 2 63.687100
164 2 77.371900
165 2 0.645064
166 2 0.099900
167 2 0.613266
168 2 0.805100
169 2 0.521613
170 2 0.628800
171 2 0.430731
172 2 0.482700
173 2 44.747800
174 2 38.342800
175 2 34.798900
176 2 38.928900
177 2 44.300700
178 2 88.260100
179 2 83.350300
180 2 54.086900
181 2 94.703000
182 2 0.351349
183 2 0.270500
184 2 0.258174
185 2 0.495400
186 2 0.205335
187 2 0.196800
188 2 0.171120
189 2 0.002500
190 2 0.146016
191 2 0.000000
192 2 0.139547
193 2 0.000000
194 2 66.079600
195 2 68.948700
196 2 71.647400
197 2 62.953700
198 2 0.183886
199 2 0.000000
200 2 0.268529
201 2 0.000000
202 2 0.318273
203 2 0.000000
204 2 0.317434
205 2 0.000000
206 2 0.297208
207 2 0.000000
208 2 1.746360
209 2 8.705240
210 2 18.268100
211 2 6.208460
212 2 22.065400
213 2 38.029300
214 2 5.980120
215 2 0.000000
216 2 0.631163
217 2 4.062610
218 2 11.775700
219 2 3.317530
220 2 10.163100
221 2 0.000000
222 2 10.164700
223 2 236.851000
224 2 0.000000
225 2 58.745000
226 2 8.354280
227 2 2.143340
228 2 1.127490
229 2 1.029320
230 2 0.780774
231 2 0.781873
1 3 66.200000
2 3 51.176400
3 3 41.551600
4 3 39.519900
5 3 38.272100
6 3 38.228400
7 3 70.125900
8 3 94.650700
9 3 115.061000
10 3 115.304000
11 3 98.927500
12 3 90.418900
13 3 93.282600
14 3 93.733800
15 3 81.037800
16 3 76.914600
17 3 72.405300
18 3 74.154500
19 3 103.692000
20 3 102.903000
21 3 119.738000
22 3 104.243000
23 3 97.084200
24 3 93.068200
25 3 33.392200
26 3 30.684800
27 3 41.026000
28 3 42.928800
29 3 47.706400
30 3 44.898400
31 3 47.889100
32 3 46.174600
33 3 52.824900
34 3 56.398600
35 3 65.481400
36 3 77.369300
37 3 69.924900
38 3 65.414500
39 3 69.802200
40 3 71.356500
41 3 85.454200
42 3 69.742700
43 3 55.175400
44 3 14.769300
45 3 13.965400
46 3 24.857700
47 3 28.543600
48 3 23.369800
49 3 90.870000
50 3 79.068200
51 3 68.740600
52 3 65.576600
53 3 64.013100
54 3 50.904200
55 3 66.899200
56 3 77.935400
57 3 92.192600
58 3 93.772600
59 3 77.239100
60 3 65.065900
61 3 61.456300
62 3 65.717000
63 3 79.399500
64 3 84.850500
65 3 96.018100
66 3 93.514200
67 3 137.439000
68 3 140.522000
69 3 149.223000
70 3 124.107000
71 3 123.906000
72 3 115.973000
73 3 85.142700
74 3 94.262100
75 3 85.557300
76 3 85.128600
77 3 86.781800
78 3 76.056100
79 3 97.785900
80 3 119.749000
81 3 135.990000
82 3 129.621000
83 3 106.682000
84 3 90.443500
85 3 95.770400
86 3 100.822000
87 3 94.421400
88 3 104.353000
89 3 103.315000
90 3 94.680100
91 3 138.177000
92 3 150.316000
93 3 153.809000
94 3 123.254000
95 3 114.849000
96 3 111.125000
97 3 0.495984
98 3 0.000000
99 3 0.513539
100 3 0.000000
101 3 68.539300
102 3 49.920800
103 3 42.412100
104 3 36.609900
105 3 31.959200
106 3 37.088700
107 3 52.985800
108 3 61.475100
109 3 49.960900
110 3 54.651700
111 3 68.902900
112 3 74.055600
113 3 74.496500
114 3 79.385800
115 3 81.860700
116 3 78.629300
117 3 68.561300
118 3 65.810400
119 3 88.740200
120 3 89.738200
121 3 0.510829
122 3 0.000000
123 3 0.506223
124 3 0.000000
125 3 0.513915
126 3 0.000000
127 3 3.543630
128 3 0.000000
129 3 1.644190
130 3 27.185400
131 3 37.915900
132 3 56.648700
133 3 52.186600
134 3 40.485000
135 3 34.048700
136 3 42.060200
137 3 37.027500
138 3 31.186600
139 3 16.148300
140 3 49.739300
141 3 60.565900
142 3 62.565500
143 3 81.112500
144 3 0.510486
145 3 0.000000
146 3 0.536207
147 3 0.000000
148 3 0.576220
149 3 0.009300
150 3 0.605748
151 3 0.034300
152 3 28.192800
153 3 39.507900
154 3 37.539000
155 3 38.419200
156 3 39.871400
157 3 40.227400
158 3 39.402400
159 3 34.247900
160 3 32.203900
161 3 35.254400
162 3 70.570700
163 3 63.687100
164 3 77.371900
165 3 0.645064
166 3 0.099900
167 3 0.613266
168 3 0.805100
169 3 0.521613
170 3 0.628800
171 3 0.430731
172 3 0.482700
173 3 44.747800
174 3 38.342800
175 3 34.798900
176 3 38.928900
177 3 44.300700
178 3 88.260100
179 3 83.350300
180 3 54.086900
181 3 94.703000
182 3 0.351349
183 3 0.270500
184 3 0.258174
185 3 0.495400
186 3 0.205335
187 3 0.196800
188 3 0.171120
189 3 0.002500
190 3 0.146016
191 3 0.000000
192 3 0.139547
193 3 0.000000
194 3 66.079600
195 3 68.948700
196 3 71.647400
197 3 62.953700
198 3 0.183886
199 3 0.000000
200 3 0.268529
201 3 0.000000
202 3 0.318273
203 3 0.000000
204 3 0.317434
205 3 0.000000
206 3 0.297208
207 3 0.000000
208 3 1.746360
209 3 8.705240
210 3 18.268100
211 3 6.208460
212 3 22.065400
213 3 38.029300
214 3 5.980120
215 3 0.000000
216 3 0.631163
217 3 4.062610
218 3 11.775700
219 3 3.317530
220 3 10.163100
221 3 0.000000
222 3 10.164700
223 3 236.851000
224 3 0.000000
225 3 58.745000
226 3 8.354280
227 3 2.143340
228 3 1.127490
229 3 1.029320
230 3 0.780774
231 3 0.781873
1 4 68.744200
2 4 47.356200
3 4 30.397400
4 4 20.994100
5 4 22.914600
6 4 27.627600
7 4 52.949800
8 4 73.905500
9 4 109.017000
10 4 117.403000
11 4 76.045400
12 4 76.021200
13 4 79.698000
14 4 69.134100
15 4 69.726400
16 4 66.265600
17 4 77.913400
18 4 81.174500
19 4 108.052000
20 4 112.391000
21 4 127.576000
22 4 113.290000
23 4 88.182300
24 4 74.796200
25 4 33.608000
26 4 38.001800
27 4 37.823600
28 4 46.482200
29 4 50.238200
30 4 46.332900
31 4 46.495800
32 4 38.228200
33 4 47.563000
34 4 61.678000
35 4 69.117500
36 4 55.622000
37 4 66.978600
38 4 61.984400
39 4 69.521100
40 4 68.755000
41 4 77.047400
42 4 72.918500
43 4 78.992900
44 4 35.658000
45 4 32.800900
46 4 29.961200
47 4 30.312700
48 4 30.327200
49 4 103.060000
50 4 84.856700
51 4 73.958700
52 4 67.050700
53 4 66.476700
54 4 62.844700
55 4 65.533300
56 4 67.550500
57 4 87.891600
58 4 91.150300
59 4 79.031500
60 4 54.423700
61 4 50.753100
62 4 53.339000
63 4 59.839000
64 4 68.966100
65 4 77.523600
66 4 92.881500
67 4 116.000000
68 4 142.610000
69 4 169.258000
70 4 141.467000
71 4 131.598000
72 4 118.888000
73 4 81.654000
74 4 83.632200
75 4 71.342300
76 4 62.566300
77 4 61.383600
78 4 58.817400
79 4 80.303100
80 4 109.054000
81 4 129.276000
82 4 119.920000
83 4 91.167600
84 4 79.455700
85 4 87.460100
86 4 92.921000
87 4 103.252000
88 4 114.420000
89 4 123.229000
90 4 135.930000
91 4 164.663000
92 4 183.715000
93 4 177.834000
94 4 164.511000
95 4 151.129000
96 4 135.940000
97 4 0.495818
98 4 0.000000
99 4 0.469268
100 4 0.000000
101 4 77.396200
102 4 34.014800
103 4 30.996500
104 4 26.166400
105 4 26.867000
106 4 30.149800
107 4 62.505700
108 4 78.391400
109 4 69.900700
110 4 56.023500
111 4 64.663800
112 4 76.134900
113 4 85.845700
114 4 87.503200
115 4 89.615300
116 4 88.738400
117 4 71.118800
118 4 66.585100
119 4 87.529800
120 4 88.574200
121 4 0.445578
122 4 0.000000
123 4 0.453162
124 4 0.000000
125 4 0.492884
126 4 0.000000
127 4 60.313500
128 4 4.435490
129 4 9.808970
130 4 39.923600
131 4 49.343100
132 4 59.635800
133 4 64.849800
134 4 63.178000
135 4 57.671300
136 4 61.823300
137 4 60.114500
138 4 52.701500
139 4 49.752100
140 4 60.747700
141 4 56.657800
142 4 48.955200
143 4 135.054000
144 4 0.525380
145 4 0.000000
146 4 0.563243
147 4 0.000000
148 4 0.613284
149 4 0.001600
150 4 0.637007
151 4 0.035800
152 4 52.418200
153 4 35.663200
154 4 0.000000
155 4 0.000000
156 4 0.000000
157 4 0.000000
158 4 0.000000
159 4 18.159600
160 4 17.764500
161 4 33.072400
162 4 54.261500
163 4 70.307400
164 4 78.954400
165 4 0.607898
166 4 0.755000
167 4 0.533174
168 4 0.771800
169 4 0.433574
170 4 0.550600
171 4 0.337158
172 4 0.838800
173 4 61.498700
174 4 61.855100
175 4 59.057000
176 4 56.546200
177 4 58.427100
178 4 60.851400
179 4 65.140900
180 4 56.946200
181 4 116.414000
182 4 0.250886
183 4 0.159300
184 4 0.181146
185 4 0.092600
186 4 0.126058
187 4 0.007900
188 4 0.098593
189 4 0.000700
190 4 0.106734
191 4 0.000000
192 4 0.128617
193 4 0.000000
194 4 88.611200
195 4 84.496800
196 4 72.809400
197 4 64.028500
198 4 0.202647
199 4 0.000000
200 4 0.320965
201 4 0.000000
202 4 0.354554
203 4 0.000000
204 4 0.334541
205 4 0.000000
206 4 0.351714
207 4 0.000000
208 4 1.548970
209 4 7.342760
210 4 4.250180
211 4 4.742510
212 4 24.359100
213 4 37.666300
214 4 5.957290
215 4 0.033482
216 4 0.462616
217 4 3.703620
218 4 10.681400
219 4 1.893600
220 4 9.565850
221 4 0.000000
222 4 8.322370
223 4 226.062000
224 4 0.000000
225 4 51.163000
226 4 7.607920
227 4 1.715270
228 4 1.019870
229 4 0.888397
230 4 0.632417
231 4 0.648428
1 5 68.744200
2 5 47.356200
3 5 30.397400
4 5 20.994100
5 5 22.914600
6 5 27.627600
7 5 52.949800
8 5 73.905500
9 5 109.017000
10 5 117.403000
11 5 76.045400
12 5 76.021200
13 5 79.698000
14 5 69.134100
15 5 69.726400
16 5 66.265600
17 5 77.913400
18 5 81.174500
19 5 108.052000
20 5 112.391000
21 5 127.576000
22 5 113.290000
23 5 88.182300
24 5 74.796200
25 5 33.608000
26 5 38.001800
27 5 37.823600
28 5 46.482200
29 5 50.238200
30 5 46.332900
31 5 46.495800
32 5 38.228200
33 5 47.563000
34 5 61.678000
35 5 69.117500
36 5 55.622000
37 5 66.978600
38 5 61.984400
39 5 69.521100
40 5 68.755000
41 5 77.047400
42 5 72.918500
43 5 78.992900
44 5 35.658000
45 5 32.800900
46 5 29.961200
47 5 30.312700
48 5 30.327200
49 5 103.060000
50 5 84.856700
51 5 73.958700
52 5 67.050700
53 5 66.476700
54 5 62.844700
55 5 65.533300
56 5 67.550500
57 5 87.891600
58 5 91.150300
59 5 79.031500
60 5 54.423700
61 5 50.753100
62 5 53.339000
63 5 59.839000
64 5 68.966100
65 5 77.523600
66 5 92.881500
67 5 116.000000
68 5 142.610000
69 5 169.258000
70 5 141.467000
71 5 131.598000
72 5 118.888000
73 5 81.654000
74 5 83.632200
75 5 71.342300
76 5 62.566300
77 5 61.383600
78 5 58.817400
79 5 80.303100
80 5 109.054000
81 5 129.276000
82 5 119.920000
83 5 91.167600
84 5 79.455700
85 5 87.460100
86 5 92.921000
87 5 103.252000
88 5 114.420000
89 5 123.229000
90 5 135.930000
91 5 164.663000
92 5 183.715000
93 5 177.834000
94 5 164.511000
95 5 151.129000
96 5 135.940000
97 5 0.481469
98 5 0.000000
99 5 0.464506
100 5 0.000000
101 5 78.160700
102 5 45.056600
103 5 32.745000
104 5 23.708300
105 5 26.915400
106 5 28.827700
107 5 37.708500
108 5 48.793300
109 5 50.714100
110 5 53.461100
111 5 63.653200
112 5 64.560300
113 5 64.422500
114 5 68.589300
115 5 71.934100
116 5 67.036700
117 5 87.544400
118 5 102.317000
119 5 106.251000
120 5 118.288000
121 5 0.448025
122 5 0.000000
123 5 0.426116
124 5 0.000000
125 5 0.427228
126 5 0.000000
127 5 28.688800
128 5 3.821480
129 5 27.197700
130 5 45.805100
131 5 42.970900
132 5 47.911900
133 5 52.110900
134 5 51.090100
135 5 42.460900
136 5 49.920400
137 5 48.474800
138 5 39.921800
139 5 39.693100
140 5 42.906400
141 5 57.275300
142 5 57.530900
143 5 81.529800
144 5 0.607841
145 5 0.000000
146 5 0.624838
147 5 0.000000
148 5 0.626160
149 5 0.005000
150 5 0.595404
151 5 0.229100
152 5 66.601700
153 5 65.883800
154 5 38.474000
155 5 37.381400
156 5 48.651500
157 5 18.898100
158 5 26.159800
159 5 22.645900
160 5 15.926500
161 5 35.781200
162 5 59.896300
163 5 62.800000
164 5 68.859400
165 5 0.556849
166 5 0.172200
167 5 0.501128
168 5 0.074700
169 5 0.605027
170 5 0.195800
171 5 0.538753
172 5 0.692800
173 5 33.735400
174 5 39.377400
175 5 25.277400
176 5 29.169400
177 5 64.864100
178 5 53.768200
179 5 48.607300
180 5 72.038400
181 5 100.052000
182 5 0.470665
183 5 0.301500
184 5 0.399903
185 5 0.307300
186 5 0.345487
187 5 0.054600
188 5 0.293545
189 5 0.000300
190 5 0.250591
191 5 0.000000
192 5 0.234078
193 5 0.000000
194 5 57.120300
195 5 83.440200
196 5 70.104500
197 5 44.074200
198 5 0.249431
199 5 0.000000
200 5 0.284112
201 5 0.000000
202 5 0.298493
203 5 0.000000
204 5 0.298092
205 5 0.000000
206 5 0.310493
207 5 0.000000
208 5 1.303140
209 5 7.452590
210 5 7.050990
211 5 4.470500
212 5 23.947600
213 5 37.345000
214 5 5.858970
215 5 0.000000
216 5 0.024518
217 5 3.278700
218 5 10.680800
219 5 1.570540
220 5 8.913050
221 5 0.000000
222 5 8.185580
223 5 152.441000
224 5 0.000000
225 5 54.493300
226 5 7.261400
227 5 1.561250
228 5 0.468280
229 5 0.986527
230 5 0.637530
231 5 0.621972
1 6 68.744200
2 6 47.356200
3 6 30.397400
4 6 20.994100
5 6 22.914600
6 6 27.627600
7 6 52.949800
8 6 73.905500
9 6 109.017000
10 6 117.403000
11 6 76.045400
12 6 76.021200
13 6 79.698000
14 6 69.134100
15 6 69.726400
16 6 66.265600
17 6 77.913400
18 6 81.174500
19 6 108.052000
20 6 112.391000
21 6 127.576000
22 6 113.290000
23 6 88.182300
24 6 74.796200
25 6 29.177600
26 6 29.618300
27 6 41.014900
28 6 44.258700
29 6 44.021500
30 6 47.664800
31 6 47.653500
32 6 41.741400
33 6 26.628200
34 6 72.196400
35 6 83.336100
36 6 74.006700
37 6 80.122500
38 6 76.292600
39 6 79.587600
40 6 80.716300
41 6 90.763500
42 6 72.006300
43 6 68.204400
44 6 23.195700
45 6 13.652700
46 6 11.357700
47 6 20.886800
48 6 26.294200
49 6 99.728200
50 6 74.025300
51 6 80.055900
52 6 60.040900
53 6 58.348100
54 6 57.719400
55 6 74.254700
56 6 65.931400
57 6 106.166000
58 6 125.013000
59 6 72.754700
60 6 67.093900
61 6 65.449900
62 6 59.431800
63 6 65.714000
64 6 72.788500
65 6 81.924000
66 6 93.076600
67 6 138.765000
68 6 150.408000
69 6 159.589000
70 6 130.191000
71 6 113.581000
72 6 105.138000
73 6 84.023000
74 6 79.553100
75 6 76.513000
76 6 66.389500
77 6 59.385600
78 6 74.549300
79 6 85.195800
80 6 90.922700
81 6 130.906000
82 6 148.350000
83 6 97.946900
84 6 89.861500
85 6 96.685000
86 6 96.145300
87 6 99.736900
88 6 118.337000
89 6 105.596000
90 6 115.283000
91 6 156.336000
92 6 168.432000
93 6 165.630000
94 6 133.028000
95 6 120.598000
96 6 116.584000
97 6 0.462994
98 6 0.000000
99 6 0.430587
100 6 0.000000
101 6 65.566100
102 6 50.363700
103 6 68.488200
104 6 50.012000
105 6 51.943600
106 6 54.004500
107 6 53.038100
108 6 47.174900
109 6 79.140500
110 6 110.695000
111 6 88.149100
112 6 93.483400
113 6 102.529000
114 6 104.456000
115 6 97.665000
116 6 98.451700
117 6 78.940300
118 6 87.648500
119 6 104.013000
120 6 92.470700
121 6 0.500042
122 6 0.000000
123 6 0.484752
124 6 0.000000
125 6 0.520638
126 6 0.000000
127 6 14.344500
128 6 0.000000
129 6 0.000000
130 6 23.589000
131 6 42.537900
132 6 64.421300
133 6 66.528200
134 6 62.960400
135 6 50.493200
136 6 49.518700
137 6 48.356900
138 6 36.907200
139 6 32.200800
140 6 42.788400
141 6 45.962300
142 6 45.547900
143 6 55.544600
144 6 0.568450
145 6 0.000000
146 6 0.572663
147 6 0.000000
148 6 0.526404
149 6 0.123000
150 6 0.530329
151 6 0.272000
152 6 95.059300
153 6 42.611400
154 6 23.716000
155 6 15.859100
156 6 6.737100
157 6 1.745730
158 6 0.000000
159 6 0.000000
160 6 0.000000
161 6 6.545390
162 6 14.036400
163 6 23.251900
164 6 27.110600
165 6 0.523973
166 6 1.552500
167 6 0.490607
168 6 0.142900
169 6 0.416559
170 6 0.759500
171 6 0.345782
172 6 0.234300
173 6 84.429200
174 6 83.145000
175 6 81.315400
176 6 61.788500
177 6 88.119200
178 6 89.668500
179 6 92.418300
180 6 82.614100
181 6 89.046400
182 6 0.295151
183 6 0.578600
184 6 0.264510
185 6 0.385500
186 6 0.237281
187 6 0.044500
188 6 0.208499
189 6 0.003400
190 6 0.207806
191 6 0.000000
192 6 0.239763
193 6 0.000000
194 6 99.025500
195 6 103.838000
196 6 103.382000
197 6 83.029200
198 6 0.282429
199 6 0.000000
200 6 0.363032
201 6 0.000000
202 6 0.415638
203 6 0.000000
204 6 0.428822
205 6 0.000000
206 6 0.440695
207 6 0.000000
208 6 1.517590
209 6 8.315620
210 6 1.366400
211 6 5.585850
212 6 23.885700
213 6 38.341700
214 6 5.551590
215 6 0.077500
216 6 0.633240
217 6 3.733570
218 6 10.473300
219 6 1.949470
220 6 9.278770
221 6 0.000000
222 6 8.164820
223 6 125.917000
224 6 0.000000
225 6 54.413200
226 6 7.524540
227 6 1.871800
228 6 1.246160
229 6 0.859340
230 6 0.635700
231 6 0.775029
1 7 68.744200
2 7 47.356200
3 7 30.397400
4 7 20.994100
5 7 22.914600
6 7 27.627600
7 7 52.949800
8 7 73.905500
9 7 109.017000
10 7 117.403000
11 7 76.045400
12 7 76.021200
13 7 79.698000
14 7 69.134100
15 7 69.726400
16 7 66.265600
17 7 77.913400
18 7 81.174500
19 7 108.052000
20 7 112.391000
21 7 127.576000
22 7 113.290000
23 7 88.182300
24 7 74.796200
25 7 33.608000
26 7 38.001800
27 7 37.823600
28 7 46.482200
29 7 50.238200
30 7 46.332900
31 7 46.495800
32 7 38.228200
33 7 47.563000
34 7 61.678000
35 7 69.117500
36 7 55.622000
37 7 66.978600
38 7 61.984400
39 7 69.521100
40 7 68.755000
41 7 77.047400
42 7 72.918500
43 7 78.992900
44 7 35.658000
45 7 32.800900
46 7 29.961200
47 7 30.312700
48 7 30.327200
49 7 103.060000
50 7 84.856700
51 7 73.958700
52 7 67.050700
53 7 66.476700
54 7 62.844700
55 7 65.533300
56 7 67.550500
57 7 87.891600
58 7 91.150300
59 7 79.031500
60 7 54.423700
61 7 50.753100
62 7 53.339000
63 7 59.839000
64 7 68.966100
65 7 77.523600
66 7 92.881500
67 7 116.000000
68 7 142.610000
69 7 169.258000
70 7 141.467000
71 7 131.598000
72 7 118.888000
73 7 81.654000
74 7 83.632200
75 7 71.342300
76 7 62.566300
77 7 61.383600
78 7 58.817400
79 7 80.303100
80 7 109.054000
81 7 129.276000
82 7 119.920000
83 7 91.167600
84 7 79.455700
85 7 87.460100
86 7 92.921000
87 7 103.252000
88 7 114.420000
89 7 123.229000
90 7 135.930000
91 7 164.663000
92 7 183.715000
93 7 177.834000
94 7 164.511000
95 7 151.129000
96 7 135.940000
97 7 0.481469
98 7 0.000000
99 7 0.464506
100 7 0.000000
101 7 78.160700
102 7 45.056600
103 7 32.745000
104 7 23.708300
105 7 26.915400
106 7 28.827700
107 7 37.708500
108 7 48.793300
109 7 50.714100
110 7 53.461100
111 7 63.653200
112 7 64.560300
113 7 64.422500
114 7 68.589300
115 7 71.934100
116 7 67.036700
117 7 87.544400
118 7 102.317000
119 7 106.251000
120 7 118.288000
121 7 0.448025
122 7 0.000000
123 7 0.426116
124 7 0.000000
125 7 0.427228
126 7 0.000000
127 7 28.688800
128 7 3.821480
129 7 27.197700
130 7 45.805100
131 7 42.970900
132 7 47.911900
133 7 52.110900
134 7 51.090100
135 7 42.460900
136 7 49.920400
137 7 48.474800
138 7 39.921800
139 7 39.693100
140 7 42.906400
141 7 57.275300
142 7 57.530900
143 7 81.529800
144 7 0.431436
145 7 0.000000
146 7 0.457671
147 7 0.000000
148 7 0.497629
149 7 0.008000
150 7 0.525065
151 7 0.034500
152 7 60.896600
153 7 34.158400
154 7 39.992200
155 7 27.865300
156 7 27.315500
157 7 33.607900
158 7 23.316600
159 7 18.360900
160 7 13.519400
161 7 27.763300
162 7 63.569700
163 7 30.365600
164 7 58.455900
165 7 0.552456
166 7 0.497200
167 7 0.542770
168 7 0.063100
169 7 0.496223
170 7 0.112700
171 7 0.445059
172 7 0.145100
173 7 67.406700
174 7 50.585000
175 7 45.738000
176 7 45.380200
177 7 45.818500
178 7 48.939900
179 7 57.237700
180 7 54.801200
181 7 66.477000
182 7 0.395896
183 7 0.322600
184 7 0.359626
185 7 0.448300
186 7 0.307482
187 7 0.064600
188 7 0.217020
189 7 0.003100
190 7 0.226353
191 7 0.000000
192 7 0.240506
193 7 0.000000
194 7 60.429200
195 7 46.441000
196 7 80.360400
197 7 59.312400
198 7 0.283617
199 7 0.000000
200 7 0.366587
201 7 0.000000
202 7 0.399533
203 7 0.000000
204 7 0.385084
205 7 0.000000
206 7 0.396663
207 7 0.000000
208 7 1.236890
209 7 7.531240
210 7 16.064300
211 7 4.734990
212 7 22.728200
213 7 36.926500
214 7 5.770940
215 7 0.000000
216 7 0.654341
217 7 4.247590
218 7 10.608100
219 7 2.051890
220 7 9.121070
221 7 0.000000
222 7 8.709690
223 7 163.532000
224 7 0.000000
225 7 50.583200
226 7 6.987390
227 7 1.790510
228 7 0.845696
229 7 0.913705
230 7 0.674006
231 7 0.818441
1 8 66.200000
2 8 51.176400
3 8 41.551600
4 8 39.519900
5 8 38.272100
6 8 38.228400
7 8 70.125900
8 8 94.650700
9 8 115.061000
10 8 115.304000
11 8 98.927500
12 8 90.418900
13 8 93.282600
14 8 93.733800
15 8 81.037800
16 8 76.914600
17 8 72.405300
18 8 74.154500
19 8 103.692000
20 8 102.903000
21 8 119.738000
22 8 104.243000
23 8 97.084200
24 8 93.068200
25 8 33.392200
26 8 30.684800
27 8 41.026000
28 8 42.928800
29 8 47.706400
30 8 44.898400
31 8 47.889100
32 8 46.174600
33 8 52.824900
34 8 56.398600
35 8 65.481400
36 8 77.369300
37 8 69.924900
38 8 65.414500
39 8 69.802200
40 8 71.356500
41 8 85.454200
42 8 69.742700
43 8 55.175400
44 8 14.769300
45 8 13.965400
46 8 24.857700
47 8 28.543600
48 8 23.369800
49 8 88.241300
50 8 76.911700
51 8 60.869600
52 8 58.050000
53 8 55.704800
54 8 53.100700
55 8 63.195600
56 8 83.841400
57 8 116.060000
58 8 119.283000
59 8 91.782200
60 8 83.686200
61 8 80.575700
62 8 86.184800
63 8 93.194800
64 8 105.873000
65 8 120.048000
66 8 125.433000
67 8 148.742000
68 8 171.653000
69 8 166.757000
70 8 151.989000
71 8 137.025000
72 8 128.867000
73 8 79.225000
74 8 85.073600
75 8 72.056500
76 8 72.927700
77 8 72.535700
78 8 83.333800
79 8 96.902900
80 8 100.733000
81 8 129.122000
82 8 119.452000
83 8 100.508000
84 8 90.590100
85 8 95.665200
86 8 103.378000
87 8 115.343000
88 8 125.917000
89 8 128.252000
90 8 129.116000
91 8 152.530000
92 8 174.481000
93 8 164.683000
94 8 150.102000
95 8 143.855000
96 8 132.326000
97 8 0.493929
98 8 0.000000
99 8 0.517458
100 8 0.000000
101 8 49.263200
102 8 40.925300
103 8 36.101900
104 8 32.071300
105 8 25.597100
106 8 37.077000
107 8 59.415600
108 8 40.392700
109 8 63.561000
110 8 68.691300
111 8 67.354200
112 8 68.979000
113 8 67.991400
114 8 73.288100
115 8 70.830900
116 8 65.395100
117 8 62.268900
118 8 76.949500
119 8 82.855600
120 8 82.243400
121 8 0.519562
122 8 0.000000
123 8 0.515369
124 8 0.000000
125 8 0.525473
126 8 0.000000
127 8 20.751600
128 8 2.050890
129 8 7.132260
130 8 35.270000
131 8 37.931100
132 8 38.473700
133 8 49.761300
134 8 41.961100
135 8 32.085700
136 8 30.259500
137 8 29.444600
138 8 9.079110
139 8 10.899600
140 8 21.639100
141 8 36.170900
142 8 47.893700
143 8 60.924200
144 8 0.537599
145 8 0.000000
146 8 0.547911
147 8 0.000000
148 8 0.645855
149 8 0.001400
150 8 0.632478
151 8 0.561300
152 8 105.721000
153 8 96.599700
154 8 62.616700
155 8 56.270900
156 8 65.766500
157 8 65.185100
158 8 63.119100
159 8 64.543300
160 8 51.938300
161 8 67.672200
162 8 85.967400
163 8 93.506100
164 8 91.829800
165 8 0.606356
166 8 0.107500
167 8 0.557811
168 8 0.479500
169 8 0.459334
170 8 0.856600
171 8 0.372589
172 8 0.621400
173 8 53.005000
174 8 37.455100
175 8 28.288200
176 8 29.601800
177 8 30.721200
178 8 29.530100
179 8 43.897000
180 8 60.555600
181 8 82.103100
182 8 0.291399
183 8 0.855900
184 8 0.226589
185 8 0.126900
186 8 0.171342
187 8 0.435000
188 8 0.102361
189 8 0.004100
190 8 0.053184
191 8 0.000000
192 8 0.041121
193 8 0.000000
194 8 74.301700
195 8 79.989500
196 8 71.227700
197 8 99.882500
198 8 0.089571
199 8 0.000000
200 8 0.174112
201 8 0.000000
202 8 0.205747
203 8 0.000000
204 8 0.216347
205 8 0.000000
206 8 0.233546
207 8 0.000000
208 8 1.661530
209 8 8.460380
210 8 11.360600
211 8 6.287030
212 8 23.272100
213 8 37.861000
214 8 6.389160
215 8 0.000000
216 8 0.629220
217 8 3.734500
218 8 10.426300
219 8 1.764910
220 8 9.502830
221 8 0.472663
222 8 8.452890
223 8 0.000000
224 8 0.000000
225 8 57.560300
226 8 7.796150
227 8 1.647970
228 8 0.879186
229 8 0.862609
230 8 0.671473
231 8 0.735817
1 9 68.744200
2 9 47.356200
3 9 30.397400
4 9 20.994100
5 9 22.914600
6 9 27.627600
7 9 52.949800
8 9 73.905500
9 9 109.017000
10 9 117.403000
11 9 76.045400
12 9 76.021200
13 9 79.698000
14 9 69.134100
15 9 69.726400
16 9 66.265600
17 9 77.913400
18 9 81.174500
19 9 108.052000
20 9 112.391000
21 9 127.576000
22 9 113.290000
23 9 88.182300
24 9 74.796200
25 9 33.608000
26 9 38.001800
27 9 37.823600
28 9 46.482200
29 9 50.238200
30 9 46.332900
31 9 46.495800
32 9 38.228200
33 9 47.563000
34 9 61.678000
35 9 69.117500
36 9 55.622000
37 9 66.978600
38 9 61.984400
39 9 69.521100
40 9 68.755000
41 9 77.047400
42 9 72.918500
43 9 78.992900
44 9 35.658000
45 9 32.800900
46 9 29.961200
47 9 30.312700
48 9 30.327200
49 9 103.060000
50 9 84.856700
51 9 73.958700
52 9 67.050700
53 9 66.476700
54 9 62.844700
55 9 65.533300
56 9 67.550500
57 9 87.891600
58 9 91.150300
59 9 79.031500
60 9 54.423700
61 9 50.753100
62 9 53.339000
63 9 59.839000
64 9 68.966100
65 9 77.523600
66 9 92.881500
67 9 116.000000
68 9 142.610000
69 9 169.258000
70 9 141.467000
71 9 131.598000
72 9 118.888000
73 9 81.654000
74 9 83.632200
75 9 71.342300
76 9 62.566300
77 9 61.383600
78 9 58.817400
79 9 80.303100
80 9 109.054000
81 9 129.276000
82 9 119.920000
83 9 91.167600
84 9 79.455700
85 9 87.460100
86 9 92.921000
87 9 103.252000
88 9 114.420000
89 9 123.229000
90 9 135.930000
91 9 164.663000
92 9 183.715000
93 9 177.834000
94 9 164.511000
95 9 151.129000
96 9 135.940000
97 9 0.481469
98 9 0.000000
99 9 0.464506
100 9 0.000000
101 9 78.160700
102 9 45.056600
103 9 32.745000
104 9 23.708300
105 9 26.915400
106 9 28.827700
107 9 37.708500
108 9 48.793300
109 9 50.714100
110 9 53.461100
111 9 63.653200
112 9 64.560300
113 9 64.422500
114 9 68.589300
115 9 71.934100
116 9 67.036700
117 9 87.544400
118 9 102.317000
119 9 106.251000
120 9 118.288000
121 9 0.448025
122 9 0.000000
123 9 0.426116
124 9 0.000000
125 9 0.427228
126 9 0.000000
127 9 29.736300
128 9 6.993380
129 9 43.781600
130 9 45.992400
131 9 79.657900
132 9 106.918000
133 9 87.681100
134 9 78.306100
135 9 72.370800
136 9 73.333200
137 9 72.993800
138 9 74.293500
139 9 58.492900
140 9 77.817600
141 9 97.002000
142 9 97.437600
143 9 98.128400
144 9 0.460545
145 9 0.000000
146 9 0.508016
147 9 0.000000
148 9 0.434837
149 9 0.009100
150 9 0.447957
151 9 0.083300
152 9 49.458300
153 9 35.777100
154 9 27.634500
155 9 28.944400
156 9 20.322900
157 9 21.727200
158 9 25.003300
159 9 23.755700
160 9 19.680500
161 9 24.030600
162 9 37.565300
163 9 110.961000
164 9 139.099000
165 9 0.439661
166 9 0.125200
167 9 0.392702
168 9 0.447000
169 9 0.299228
170 9 2.479000
171 9 0.208562
172 9 0.331700
173 9 85.559500
174 9 74.461400
175 9 74.732500
176 9 46.242700
177 9 52.561200
178 9 85.062500
179 9 91.375900
180 9 85.867800
181 9 82.139000
182 9 0.141012
183 9 0.548500
184 9 0.090265
185 9 0.114900
186 9 0.058454
187 9 0.266800
188 9 0.027358
189 9 0.002600
190 9 0.000000
191 9 0.000000
192 9 0.000000
193 9 0.000000
194 9 97.114500
195 9 100.479000
196 9 100.176000
197 9 60.474200
198 9 0.038183
199 9 0.000000
200 9 0.121746
201 9 0.000000
202 9 0.155735
203 9 0.000000
204 9 0.151791
205 9 0.000000
206 9 0.155157
207 9 0.000000
208 9 1.383100
209 9 7.417610
210 9 1.445540
211 9 5.478120
212 9 21.927400
213 9 37.638700
214 9 6.155480
215 9 0.637813
216 9 0.523815
217 9 3.514770
218 9 10.029700
219 9 1.404650
220 9 8.664650
221 9 0.000000
222 9 8.604700
223 9 185.890000
224 9 0.000000
225 9 54.004500
226 9 8.024570
227 9 1.341220
228 9 0.607072
229 9 0.833413
230 9 0.661296
231 9 0.899309
1 10 68.744200
2 10 47.356200
3 10 30.397400
4 10 20.994100
5 10 22.914600
6 10 27.627600
7 10 52.949800
8 10 73.905500
9 10 109.017000
10 10 117.403000
11 10 76.045400
12 10 76.021200
13 10 79.698000
14 10 69.134100
15 10 69.726400
16 10 66.265600
17 10 77.913400
18 10 81.174500
19 10 108.052000
20 10 112.391000
21 10 127.576000
22 10 113.290000
23 10 88.182300
24 10 74.796200
25 10 33.608000
26 10 38.001800
27 10 37.823600
28 10 46.482200
29 10 50.238200
30 10 46.332900
31 10 46.495800
32 10 38.228200
33 10 47.563000
34 10 61.678000
35 10 69.117500
36 10 55.622000
37 10 66.978600
38 10 61.984400
39 10 69.521100
40 10 68.755000
41 10 77.047400
42 10 72.918500
43 10 78.992900
44 10 35.658000
45 10 32.800900
46 10 29.961200
47 10 30.312700
48 10 30.327200
49 10 103.060000
50 10 84.856700
51 10 73.958700
52 10 67.050700
53 10 66.476700
54 10 62.844700
55 10 65.533300
56 10 67.550500
57 10 87.891600
58 10 91.150300
59 10 79.031500
60 10 54.423700
61 10 50.753100
62 10 53.339000
63 10 59.839000
64 10 68.966100
65 10 77.523600
66 10 92.881500
67 10 116.000000
68 10 142.610000
69 10 169.258000
70 10 141.467000
71 10 131.598000
72 10 118.888000
73 10 81.654000
74 10 83.632200
75 10 71.342300
76 10 62.566300
77 10 61.383600
78 10 58.817400
79 10 80.303100
80 10 109.054000
81 10 129.276000
82 10 119.920000
83 10 91.167600
84 10 79.455700
85 10 87.460100
86 10 92.921000
87 10 103.252000
88 10 114.420000
89 10 123.229000
90 10 135.930000
91 10 164.663000
92 10 183.715000
93 10 177.834000
94 10 164.511000
95 10 151.129000
96 10 135.940000
97 10 0.495818
98 10 0.000000
99 10 0.469268
100 10 0.000000
101 10 77.396200
102 10 34.014800
103 10 30.996500
104 10 26.166400
105 10 26.867000
106 10 30.149800
107 10 62.505700
108 10 78.391400
109 10 69.900700
110 10 56.023500
111 10 64.663800
112 10 76.134900
113 10 85.845700
114 10 87.503200
115 10 89.615300
116 10 88.738400
117 10 71.118800
118 10 66.585100
119 10 87.529800
120 10 88.574200
121 10 0.445578
122 10 0.000000
123 10 0.453162
124 10 0.000000
125 10 0.492884
126 10 0.000000
127 10 60.313500
128 10 4.435490
129 10 9.808970
130 10 39.923600
131 10 49.343100
132 10 59.635800
133 10 64.849800
134 10 63.178000
135 10 57.671300
136 10 61.823300
137 10 60.114500
138 10 52.701500
139 10 49.752100
140 10 60.747700
141 10 56.657800
142 10 48.955200
143 10 135.054000
144 10 0.525380
145 10 0.000000
146 10 0.563243
147 10 0.000000
148 10 0.613284
149 10 0.001600
150 10 0.637007
151 10 0.035800
152 10 52.418200
153 10 35.663200
154 10 0.000000
155 10 0.000000
156 10 0.000000
157 10 0.000000
158 10 0.000000
159 10 18.159600
160 10 17.764500
161 10 33.072400
162 10 54.261500
163 10 70.307400
164 10 78.954400
165 10 0.607898
166 10 0.755000
167 10 0.533174
168 10 0.771800
169 10 0.433574
170 10 0.550600
171 10 0.337158
172 10 0.838800
173 10 61.498700
174 10 61.855100
175 10 59.057000
176 10 56.546200
177 10 58.427100
178 10 60.851400
179 10 65.140900
180 10 56.946200
181 10 116.414000
182 10 0.250886
183 10 0.159300
184 10 0.181146
185 10 0.092600
186 10 0.126058
187 10 0.007900
188 10 0.098593
189 10 0.000700
190 10 0.106734
191 10 0.000000
192 10 0.128617
193 10 0.000000
194 10 88.611200
195 10 84.496800
196 10 72.809400
197 10 64.028500
198 10 0.202647
199 10 0.000000
200 10 0.320965
201 10 0.000000
202 10 0.354554
203 10 0.000000
204 10 0.334541
205 10 0.000000
206 10 0.351714
207 10 0.000000
208 10 1.548970
209 10 7.342760
210 10 4.250180
211 10 4.742510
212 10 24.359100
213 10 37.666300
214 10 5.957290
215 10 0.033482
216 10 0.462616
217 10 3.703620
218 10 10.681400
219 10 1.893600
220 10 9.565850
221 10 0.000000
222 10 8.322370
223 10 226.062000
224 10 0.000000
225 10 51.163000
226 10 7.607920
227 10 1.715270
228 10 1.019870
229 10 0.888397
230 10 0.632417
231 10 0.648428
;

param Prob0 :=
1	0.100
2	0.200
3	0.000
4	0.000
5	0.100
6	0.100
7	0.100
8	0.100
9	0.100
10	0.200
;
set c[0,5] := 5 1 2 3 4 6 7 8 9 10;
set c[1,6] := 6 5 1 4 7 9 10;
set c[1,2] := 2 3 8;
set c[2,8] := 8 2 3;
set c[2,10] := 10 5 4 7 9;
set c[2,6] := 6 1;
set c[3,6] := 6 1;
set c[3,7] := 7 10 5 4 9;
set c[3,2] := 2 3;
set c[3,8] := 8;
set c[4,2] := 2 3;
set c[4,10] := 10 7 5 4 9;
set c[4,8] := 8;
set c[4,6] := 6 1;
set c[5,8] := 8;
set c[5,6] := 6 1;
set c[5,9] := 9 7 5;
set c[5,10] := 10 4;
set c[5,2] := 2 3;
set c[6,6] := 6;
set c[6,1] := 1;
set c[6,2] := 2 3;
set c[6,5] := 5 9 7;
set c[6,10] := 10 4;
set c[6,8] := 8;
set c[7,8] := 8;
set c[7,7] := 7 5 9;
set c[7,1] := 1;
set c[7,2] := 2 3;
set c[7,10] := 10 4;
set c[7,6] := 6;
set c[8,9] := 9 7 5;
set c[8,2] := 2 3;
set c[8,6] := 6;
set c[8,10] := 10 4;
set c[8,1] := 1;
set c[8,8] := 8;
set c[9,2] := 2 3;
set c[9,1] := 1;
set c[9,10] := 10 4;
set c[9,6] := 6;
set c[9,8] := 8;
set c[9,9] := 9 7 5;
set c[10,9] := 9 7 5;
set c[10,6] := 6;
set c[10,8] := 8;
set c[10,1] := 1;
set c[10,10] := 10 4;
set c[10,2] := 2 3;
set c[11,8] := 8;
set c[11,2] := 2 3;
set c[11,1] := 1;
set c[11,6] := 6;
set c[11,10] := 10 4;
set c[11,5] := 5 7;
set c[11,9] := 9;
set c[12,1] := 1;
set c[12,5] := 5;
set c[12,7] := 7;
set c[12,6] := 6;
set c[12,2] := 2 3;
set c[12,9] := 9;
set c[12,10] := 10 4;
set c[12,8] := 8;
set c[13,6] := 6;
set c[13,9] := 9;
set c[13,8] := 8;
set c[13,10] := 10 4;
set c[13,7] := 7;
set c[13,5] := 5;
set c[13,2] := 2 3;
set c[13,1] := 1;
set c[14,2] := 2 3;
set c[14,5] := 5;
set c[14,8] := 8;
set c[14,1] := 1;
set c[14,10] := 10 4;
set c[14,9] := 9;
set c[14,7] := 7;
set c[14,6] := 6;
set c[15,7] := 7;
set c[15,8] := 8;
set c[15,5] := 5;
set c[15,9] := 9;
set c[15,10] := 10 4;
set c[15,6] := 6;
set c[15,1] := 1;
set c[15,2] := 2 3;
set c[16,1] := 1;
set c[16,10] := 10 4;
set c[16,9] := 9;
set c[16,5] := 5;
set c[16,6] := 6;
set c[16,2] := 2 3;
set c[16,8] := 8;
set c[16,7] := 7;
set c[17,6] := 6;
set c[17,2] := 2 3;
set c[17,8] := 8;
set c[17,5] := 5;
set c[17,9] := 9;
set c[17,7] := 7;
set c[17,10] := 10 4;
set c[17,1] := 1;
set c[18,10] := 10 4;
set c[18,2] := 2 3;
set c[18,1] := 1;
set c[18,7] := 7;
set c[18,5] := 5;
set c[18,9] := 9;
set c[18,8] := 8;
set c[18,6] := 6;
set c[19,1] := 1;
set c[19,5] := 5;
set c[19,7] := 7;
set c[19,6] := 6;
set c[19,8] := 8;
set c[19,9] := 9;
set c[19,2] := 2 3;
set c[19,10] := 10 4;
set c[20,2] := 2 3;
set c[20,10] := 10 4;
set c[20,8] := 8;
set c[20,5] := 5;
set c[20,6] := 6;
set c[20,7] := 7;
set c[20,9] := 9;
set c[20,1] := 1;
set c[21,10] := 10 4;
set c[21,9] := 9;
set c[21,7] := 7;
set c[21,1] := 1;
set c[21,5] := 5;
set c[21,8] := 8;
set c[21,6] := 6;
set c[21,2] := 2 3;
set c[22,5] := 5;
set c[22,7] := 7;
set c[22,8] := 8;
set c[22,6] := 6;
set c[22,9] := 9;
set c[22,2] := 2 3;
set c[22,1] := 1;
set c[22,10] := 10 4;
set c[23,8] := 8;
set c[23,2] := 2 3;
set c[23,1] := 1;
set c[23,9] := 9;
set c[23,6] := 6;
set c[23,10] := 10 4;
set c[23,7] := 7;
set c[23,5] := 5;
set c[24,7] := 7;
set c[24,6] := 6;
set c[24,5] := 5;
set c[24,10] := 10 4;
set c[24,9] := 9;
set c[24,2] := 2 3;
set c[24,1] := 1;
set c[24,8] := 8;
set c[25,10] := 10 4;
set c[25,8] := 8;
set c[25,1] := 1;
set c[25,2] := 2 3;
set c[25,9] := 9;
set c[25,6] := 6;
set c[25,5] := 5;
set c[25,7] := 7;
set c[26,8] := 8;
set c[26,9] := 9;
set c[26,7] := 7;
set c[26,1] := 1;
set c[26,5] := 5;
set c[26,6] := 6;
set c[26,2] := 2 3;
set c[26,10] := 10 4;
set c[27,9] := 9;
set c[27,5] := 5;
set c[27,7] := 7;
set c[27,1] := 1;
set c[27,6] := 6;
set c[27,2] := 2 3;
set c[27,10] := 10 4;
set c[27,8] := 8;
set c[28,1] := 1;
set c[28,6] := 6;
set c[28,5] := 5;
set c[28,10] := 10 4;
set c[28,2] := 2 3;
set c[28,8] := 8;
set c[28,7] := 7;
set c[28,9] := 9;
set c[29,10] := 10 4;
set c[29,6] := 6;
set c[29,5] := 5;
set c[29,8] := 8;
set c[29,9] := 9;
set c[29,2] := 2 3;
set c[29,7] := 7;
set c[29,1] := 1;
set c[30,9] := 9;
set c[30,5] := 5;
set c[30,2] := 2 3;
set c[30,1] := 1;
set c[30,7] := 7;
set c[30,6] := 6;
set c[30,8] := 8;
set c[30,10] := 10 4;
set c[31,2] := 2 3;
set c[31,1] := 1;
set c[31,5] := 5;
set c[31,10] := 10 4;
set c[31,7] := 7;
set c[31,6] := 6;
set c[31,8] := 8;
set c[31,9] := 9;
set c[32,8] := 8;
set c[32,9] := 9;
set c[32,10] := 10 4;
set c[32,7] := 7;
set c[32,6] := 6;
set c[32,5] := 5;
set c[32,1] := 1;
set c[32,2] := 2 3;
set c[33,7] := 7;
set c[33,10] := 10 4;
set c[33,1] := 1;
set c[33,9] := 9;
set c[33,6] := 6;
set c[33,2] := 2 3;
set c[33,5] := 5;
set c[33,8] := 8;
set c[34,6] := 6;
set c[34,2] := 2 3;
set c[34,5] := 5;
set c[34,8] := 8;
set c[34,1] := 1;
set c[34,9] := 9;
set c[34,10] := 10 4;
set c[34,7] := 7;

