#erel:= 0.850;
#emax:= 2532.365;
#q:= 0.000;
#nesce:=     7;
#etime:= 0.050;
#snodes:=   189;
param nS:=    10;
param nSG:=    34;
param nRVSG :=
1 24
5 2
9 2
13 2
17 2
21 9
25 2
29 2
33 2
2 24
6 2
10 2
14 2
18 2
22 2
26 2
30 2
34 24
3 24
7 20
11 17
15 2
19 2
23 2
27 2
31 2
4 24
8 2
12 2
16 13
20 2
24 2
28 4
32 2
;


param ScenF :=
1 23.2569
59 23.2601
117 55.3427
175 68.617
2 29.4907
60 37.9534
118 60.7923
176 65.8906
3 19.0407
61 38.6781
119 67.125
177 64.2044
4 14.0842
62 49.1321
120 68.7765
178 83.1487
5 14.2565
63 55.6793
121 0.0952026
179 99.422
6 18.2722
64 52.1188
122 0
180 107.232
7 32.2725
65 40.8804
123 0.116203
181 76.5397
8 46.2236
66 18.6692
124 0
182 0.325018
9 66.6537
67 21.7492
125 0.126956
183 0.1518
10 71.3717
68 29.8186
126 0
184 0.291098
11 53.0383
69 53.1143
127 14.1642
185 0.0966
12 46.5133
70 44.5458
128 29.137
186 0.285838
13 42.4488
71 44.0239
129 32.0615
187 0.0566
14 44.9525
72 45.5839
130 36.1667
188 0.300451
15 45.5104
73 19.6681
131 57.2687
189 0
16 41.6909
74 21.6047
132 69.5066
190 0.299997
17 35.6801
75 14.6053
133 75.2496
191 0
18 34.3758
76 10.3811
134 72.8498
192 0.269844
19 48.2972
77 9.92666
135 75.0633
193 0
20 67.8342
78 12.7087
136 77.7787
194 72.6315
21 78.5544
79 23.1956
137 77.4215
195 66.2989
22 78.2204
80 27.4641
138 72.4138
196 49.584
23 78.54
81 24.5539
139 69.3874
197 36.0168
24 62.3398
82 23.3855
140 73.8895
198 0.238171
25 17.248
83 29.6022
141 80.5523
199 0
26 25.1533
84 38.3628
142 78.7463
200 0.260071
27 26.8603
85 36.9228
143 55.6918
201 0
28 25.634
86 40.8139
144 0.155169
202 0.321411
29 24.3026
87 42.5297
145 0
203 0
30 21.9706
88 38.0225
146 0.194878
204 0.359137
31 20.6641
89 30.8909
147 0
205 0
32 12.7859
90 18.1196
148 0.242221
206 0.345828
33 8.25584
91 17.4438
149 0
207 0
34 5.05591
92 15.0623
150 0.267776
208 0
35 17.124
93 18.6195
151 0.0352
209 0
36 23.1176
94 19.5422
152 45.5239
210 49.1434
37 31.7527
95 26.8876
153 56.1397
211 0
38 29.8953
96 31.7408
154 58.0288
212 2.87856
39 31.77
97 0.0375824
155 50.8134
213 9.31992
40 35.3901
98 0
156 47.9571
214 3.32483
41 38.0463
99 0.0667368
157 55.0258
215 0
42 28.1378
100 0
158 57.5015
216 7.08675
43 20.9735
101 39.196
159 57.9078
217 6.73761
44 1.28344
102 52.5556
160 55.9019
218 3.32394
45 7.61434
103 43.5889
161 59.6693
219 0
46 10.5818
104 36.5185
162 79.9436
220 0
47 11.395
105 34.8198
163 85.9899
221 0
48 10.0768
106 36.2219
164 75.0882
222 4.55374
49 6.90826
107 43.1013
165 0.331009
223 0
50 8.22458
108 50.2884
166 0.0903
224 69.039
51 0
109 73.9367
167 0.396692
225 25.6387
52 0
110 73.5288
168 0.1414
226 1.12333
53 0
111 65.8599
169 0.411678
227 0.237767
54 0
112 59.6525
170 0.1703
228 0.384868
55 4.55474
113 58.8486
171 0.375648
229 0.551619
56 12.7059
114 57.8579
172 0.1676
230 1.6433
57 16.0888
115 49.0814
173 64.7966
231 2.68787
58 17.6151
116 46.5826
174 68.4773
;


param ScenO :=
1 64
59 71.5
117 56.5
175 50.24
2 55
60 66
118 64.38
176 42.2
3 50.5
61 66.47
119 87.68
177 39.37
4 49.24
62 59.84
120 99.88
178 90.7
5 49.24
63 61.3
121 0.008
179 107.33
6 49
64 60.1
122 0
180 95.13
7 50
65 64.58
123 0.018
181 95.13
8 57
66 63.41
124 0
182 0.668
9 75
67 89.68
125 0.025
183 0.611
10 85
68 102.37
126 0
184 0.65
11 65
69 98.64
127 49
185 0.48
12 51
70 97.39
128 49
186 0.578
13 48.57
71 91.66
129 45.5
187 0.263
14 47
72 88.93
130 45.66
188 0.556
15 48.3
73 54
131 82.5
189 0.005
16 49
74 68.58
132 90.98
190 0.501
17 51
75 62.39
133 72.39
191 0
18 62.38
76 62.39
134 58.65
192 0.414
19 89.68
77 62.39
135 54.62
193 0
20 102.37
78 62.39
136 59.24
194 98.4
21 103.15
79 65
137 59
195 93.19
22 102.37
80 57
138 54.82
196 90.64
23 96.2
81 79
139 56.1
197 81.6
24 92.64
82 90.13
140 62.38
198 0.348
25 40
83 78.47
141 89.38
199 0
26 32.12
84 76
142 101.38
200 0.311
27 36.84
85 68.57
143 98.15
201 0
28 34.12
86 64.66
144 0.031
202 0.294
29 34.12
87 63.29
145 0
203 0
30 34.04
88 58.5
146 0.063
204 0.297
31 33.88
89 60.99
147 0
205 0
32 34.6
90 62.4
148 0.131
206 0.316
33 15.2
91 88.68
149 0.048
207 0
34 12.68
92 102.37
150 0.218
208 0.587656
35 35.72
93 99.02
151 0.311
209 0.909273
36 44.4
94 97.37
152 82.5
210 1.74238
37 43.2
95 93.3
153 94.5
211 0.240861
38 40.68
96 89.65
154 79.21
212 1.30524
39 41.64
97 0.01
155 61.2
213 0.674694
40 40.72
98 0
156 58.57
214 0.3982
41 45.8
99 0.008
157 57.24
215 0.066316
42 45.24
100 0
158 57.96
216 0.496
43 13.2
101 49
159 58.8
217 0.573176
44 5.2
102 75.05
160 56.1
218 0.357538
45 5.52
103 66.39
161 59.38
219 0.114902
46 6.6
104 59.24
162 88.74
220 1.61375
47 8.84
105 50
163 104.09
221 1.69489
48 11.2
106 52.39
164 99.02
222 0.479503
49 60.99
107 55.02
165 0.315
223 0.161837
50 64.58
108 52
166 0.515
224 -0.051569
51 63.65
109 85.47
167 0.467
225 0.132575
52 60.34
110 93.5
168 0.639
226 0.389384
53 60.34
111 78.65
169 0.59
227 0.563837
54 60.1
112 66.01
170 0.69
228 0.663306
55 64.58
113 65.01
171 0.653
229 0.814203
56 57
114 65
172 0.682
230 0.564449
57 82.12
115 65
173 56.4
231 0.50367
58 87.21
116 64.73
174 57.96
;


param Scen0 :=
1 1 68.777300
2 1 35.992100
3 1 15.850800
4 1 7.241960
5 1 11.679600
6 1 13.433900
7 1 30.973200
8 1 38.971200
9 1 67.984800
10 1 80.104700
11 1 44.055800
12 1 45.170900
13 1 48.317400
14 1 39.536200
15 1 42.027800
16 1 40.994700
17 1 46.540100
18 1 36.804500
19 1 56.068200
20 1 59.335500
21 1 81.509300
22 1 79.164400
23 1 64.652500
24 1 48.466800
25 1 20.818700
26 1 24.719000
27 1 23.747100
28 1 19.543600
29 1 17.370600
30 1 19.382700
31 1 20.447500
32 1 26.365000
33 1 21.237900
34 1 21.671400
35 1 11.597300
36 1 31.907800
37 1 34.394100
38 1 39.797100
39 1 39.706100
40 1 43.729500
41 1 35.993700
42 1 39.367400
43 1 22.278900
44 1 0.000000
45 1 0.000000
46 1 8.465090
47 1 9.600940
48 1 9.119210
49 1 27.342200
50 1 0.000000
51 1 0.611517
52 1 0.000000
53 1 2.575330
54 1 0.000000
55 1 8.349380
56 1 21.923100
57 1 26.763700
58 1 3.995250
59 1 23.641000
60 1 42.706700
61 1 46.891000
62 1 59.746000
63 1 66.029100
64 1 55.227700
65 1 41.547500
66 1 13.520500
67 1 16.110900
68 1 9.433040
69 1 32.212000
70 1 26.504000
71 1 30.124800
72 1 31.907600
73 1 35.839700
74 1 15.917200
75 1 8.810730
76 1 0.741204
77 1 0.254226
78 1 4.611920
79 1 20.813000
80 1 30.372900
81 1 28.441600
82 1 1.819860
83 1 21.652700
84 1 29.470100
85 1 28.755200
86 1 30.432800
87 1 33.934700
88 1 30.572100
89 1 28.832000
90 1 1.785710
91 1 8.270440
92 1 2.592290
93 1 0.000000
94 1 1.401210
95 1 13.775300
96 1 14.477300
97 1 0.045018
98 1 0.000000
99 1 0.090710
100 1 0.000000
101 1 65.195200
102 1 50.501600
103 1 40.192900
104 1 29.313200
105 1 31.035200
106 1 30.082200
107 1 53.878100
108 1 65.583400
109 1 59.339200
110 1 29.118700
111 1 44.012100
112 1 40.798900
113 1 38.548800
114 1 37.778700
115 1 34.863100
116 1 31.164700
117 1 28.949900
118 1 66.255300
119 1 63.817200
120 1 73.530200
121 1 0.149065
122 1 0.000000
123 1 0.135876
124 1 0.000000
125 1 0.089988
126 1 0.000000
127 1 27.614300
128 1 14.557000
129 1 28.942000
130 1 37.749600
131 1 46.084000
132 1 38.479000
133 1 50.965500
134 1 64.802500
135 1 62.076500
136 1 66.824300
137 1 73.623400
138 1 62.311900
139 1 60.894600
140 1 71.057900
141 1 80.600700
142 1 87.130600
143 1 91.993100
144 1 0.076228
145 1 0.000000
146 1 0.066740
147 1 0.000000
148 1 0.077847
149 1 0.000400
150 1 0.094276
151 1 0.042900
152 1 62.401800
153 1 63.305400
154 1 78.832600
155 1 54.813500
156 1 16.809200
157 1 41.600500
158 1 64.058900
159 1 42.753400
160 1 29.411500
161 1 37.830700
162 1 97.866000
163 1 105.254000
164 1 110.258000
165 1 0.157818
166 1 0.130000
167 1 0.234777
168 1 0.113300
169 1 0.277732
170 1 0.073600
171 1 0.259915
172 1 0.196800
173 1 90.129800
174 1 14.547200
175 1 31.378200
176 1 29.903500
177 1 37.400000
178 1 39.740600
179 1 72.691100
180 1 95.452800
181 1 109.394000
182 1 0.214712
183 1 0.769600
184 1 0.189367
185 1 0.100800
186 1 0.176205
187 1 0.205600
188 1 0.173514
189 1 0.000000
190 1 0.154283
191 1 0.000000
192 1 0.143248
193 1 0.000000
194 1 61.003000
195 1 59.551100
196 1 40.408400
197 1 31.706500
198 1 0.129075
199 1 0.000000
200 1 0.168062
201 1 0.000000
202 1 0.233835
203 1 0.000000
204 1 0.268934
205 1 0.000000
206 1 0.271205
207 1 0.000000
208 1 0.541628
209 1 0.000000
210 1 60.852500
211 1 0.000000
212 1 4.153380
213 1 7.049710
214 1 3.824890
215 1 0.000000
216 1 7.117820
217 1 6.156510
218 1 4.621820
219 1 0.374688
220 1 1.113750
221 1 0.000000
222 1 4.567460
223 1 187.770000
224 1 0.000000
225 1 0.000000
226 1 3.915790
227 1 0.869452
228 1 0.623356
229 1 0.550368
230 1 1.747370
231 1 2.594670
1 2 66.240300
2 2 39.827800
3 2 27.341000
4 2 25.879300
5 2 26.772300
6 2 23.503700
7 2 47.749000
8 2 59.726300
9 2 73.583400
10 2 77.687700
11 2 67.014800
12 2 59.444000
13 2 61.761500
14 2 64.106400
15 2 54.770100
16 2 52.096400
17 2 41.592200
18 2 30.837400
19 2 53.048900
20 2 51.169200
21 2 75.068200
22 2 70.929900
23 2 73.866900
24 2 66.932900
25 2 21.761900
26 2 17.488100
27 2 20.838300
28 2 17.402200
29 2 18.153400
30 2 15.562400
31 2 17.659700
32 2 20.253000
33 2 17.094000
34 2 4.274370
35 2 13.338500
36 2 34.911600
37 2 27.412100
38 2 27.302600
39 2 33.221200
40 2 33.774900
41 2 39.381400
42 2 28.899100
43 2 8.613500
44 2 0.000000
45 2 0.000000
46 2 14.888900
47 2 17.382500
48 2 11.908600
49 2 50.165100
50 2 3.615680
51 2 1.279540
52 2 3.224330
53 2 6.433130
54 2 0.000000
55 2 7.940280
56 2 22.186500
57 2 11.925200
58 2 12.331500
59 2 26.822600
60 2 42.376700
61 2 44.588700
62 2 55.509300
63 2 71.270100
64 2 62.705400
65 2 49.660400
66 2 17.792500
67 2 40.274000
68 2 22.675100
69 2 57.728700
70 2 43.129700
71 2 56.888400
72 2 58.116700
73 2 54.983000
74 2 26.805100
75 2 16.005000
76 2 17.327600
77 2 15.590400
78 2 25.504400
79 2 37.204200
80 2 22.608800
81 2 22.960600
82 2 20.283000
83 2 25.542700
84 2 36.889800
85 2 38.579300
86 2 43.946600
87 2 47.486800
88 2 45.778400
89 2 35.803500
90 2 23.061600
91 2 17.789200
92 2 9.461900
93 2 9.377440
94 2 23.424800
95 2 38.098000
96 2 33.414700
97 2 0.046130
98 2 0.000000
99 2 0.092938
100 2 0.000000
101 2 58.070000
102 2 45.696700
103 2 39.862400
104 2 38.026400
105 2 27.893800
106 2 37.255700
107 2 62.257500
108 2 44.541600
109 2 75.332500
110 2 71.299600
111 2 64.511100
112 2 55.395700
113 2 49.608700
114 2 46.912000
115 2 40.281900
116 2 40.161900
117 2 52.588800
118 2 65.695700
119 2 68.551900
120 2 78.372900
121 2 0.129402
122 2 0.000000
123 2 0.152037
124 2 0.000000
125 2 0.157540
126 2 0.000000
127 2 8.045950
128 2 0.000000
129 2 7.296530
130 2 33.842700
131 2 47.076900
132 2 66.104700
133 2 69.688800
134 2 63.603600
135 2 60.526400
136 2 67.663800
137 2 61.402100
138 2 57.216600
139 2 41.011800
140 2 71.187800
141 2 76.011300
142 2 73.263300
143 2 89.415300
144 2 0.166695
145 2 0.000000
146 2 0.202536
147 2 0.000000
148 2 0.251398
149 2 0.000100
150 2 0.251686
151 2 0.023400
152 2 23.389100
153 2 35.730000
154 2 44.936200
155 2 53.433900
156 2 57.811800
157 2 61.085800
158 2 62.105400
159 2 56.479500
160 2 55.267000
161 2 53.428600
162 2 83.680400
163 2 74.955500
164 2 87.007900
165 2 0.385647
166 2 0.414300
167 2 0.448953
168 2 0.432300
169 2 0.440373
170 2 0.418900
171 2 0.381925
172 2 0.184700
173 2 58.366400
174 2 53.289300
175 2 50.860300
176 2 54.466000
177 2 56.488800
178 2 102.546000
179 2 102.575000
180 2 78.551500
181 2 113.735000
182 2 0.280408
183 2 0.211400
184 2 0.207973
185 2 0.169100
186 2 0.180149
187 2 0.173900
188 2 0.161307
189 2 0.000000
190 2 0.127337
191 2 0.000000
192 2 0.085376
193 2 0.000000
194 2 59.065000
195 2 55.203000
196 2 49.620100
197 2 40.510600
198 2 0.067157
199 2 0.000000
200 2 0.109731
201 2 0.000000
202 2 0.200454
203 2 0.000000
204 2 0.247777
205 2 0.000000
206 2 0.256266
207 2 0.000000
208 2 0.000000
209 2 0.000000
210 2 42.824500
211 2 0.000000
212 2 0.000000
213 2 7.087350
214 2 3.632530
215 2 0.000000
216 2 6.983400
217 2 6.741370
218 2 4.197310
219 2 1.125880
220 2 0.972580
221 2 0.000000
222 2 5.389820
223 2 65.179300
224 2 0.000000
225 2 23.643700
226 2 1.198220
227 2 0.659684
228 2 0.654414
229 2 0.505610
230 2 1.678320
231 2 2.505880
1 3 66.240300
2 3 39.827800
3 3 27.341000
4 3 25.879300
5 3 26.772300
6 3 23.503700
7 3 47.749000
8 3 59.726300
9 3 73.583400
10 3 77.687700
11 3 67.014800
12 3 59.444000
13 3 61.761500
14 3 64.106400
15 3 54.770100
16 3 52.096400
17 3 41.592200
18 3 30.837400
19 3 53.048900
20 3 51.169200
21 3 75.068200
22 3 70.929900
23 3 73.866900
24 3 66.932900
25 3 21.761900
26 3 17.488100
27 3 20.838300
28 3 17.402200
29 3 18.153400
30 3 15.562400
31 3 17.659700
32 3 20.253000
33 3 17.094000
34 3 4.274370
35 3 13.338500
36 3 34.911600
37 3 27.412100
38 3 27.302600
39 3 33.221200
40 3 33.774900
41 3 39.381400
42 3 28.899100
43 3 8.613500
44 3 0.000000
45 3 0.000000
46 3 14.888900
47 3 17.382500
48 3 11.908600
49 3 50.165100
50 3 3.615680
51 3 1.279540
52 3 3.224330
53 3 6.433130
54 3 0.000000
55 3 7.940280
56 3 22.186500
57 3 11.925200
58 3 12.331500
59 3 26.822600
60 3 42.376700
61 3 44.588700
62 3 55.509300
63 3 71.270100
64 3 62.705400
65 3 49.660400
66 3 17.792500
67 3 40.274000
68 3 22.675100
69 3 57.728700
70 3 43.129700
71 3 56.888400
72 3 58.116700
73 3 54.983000
74 3 26.805100
75 3 16.005000
76 3 17.327600
77 3 15.590400
78 3 25.504400
79 3 37.204200
80 3 22.608800
81 3 22.960600
82 3 20.283000
83 3 25.542700
84 3 36.889800
85 3 38.579300
86 3 43.946600
87 3 47.486800
88 3 45.778400
89 3 35.803500
90 3 23.061600
91 3 17.789200
92 3 9.461900
93 3 9.377440
94 3 23.424800
95 3 38.098000
96 3 33.414700
97 3 0.046130
98 3 0.000000
99 3 0.092938
100 3 0.000000
101 3 58.070000
102 3 45.696700
103 3 39.862400
104 3 38.026400
105 3 27.893800
106 3 37.255700
107 3 62.257500
108 3 44.541600
109 3 75.332500
110 3 71.299600
111 3 64.511100
112 3 55.395700
113 3 49.608700
114 3 46.912000
115 3 40.281900
116 3 40.161900
117 3 52.588800
118 3 65.695700
119 3 68.551900
120 3 78.372900
121 3 0.129402
122 3 0.000000
123 3 0.152037
124 3 0.000000
125 3 0.157540
126 3 0.000000
127 3 8.045950
128 3 0.000000
129 3 7.296530
130 3 33.842700
131 3 47.076900
132 3 66.104700
133 3 69.688800
134 3 63.603600
135 3 60.526400
136 3 67.663800
137 3 61.402100
138 3 57.216600
139 3 41.011800
140 3 71.187800
141 3 76.011300
142 3 73.263300
143 3 89.415300
144 3 0.166695
145 3 0.000000
146 3 0.202536
147 3 0.000000
148 3 0.251398
149 3 0.000100
150 3 0.251686
151 3 0.023400
152 3 23.389100
153 3 35.730000
154 3 44.936200
155 3 53.433900
156 3 57.811800
157 3 61.085800
158 3 62.105400
159 3 56.479500
160 3 55.267000
161 3 53.428600
162 3 83.680400
163 3 74.955500
164 3 87.007900
165 3 0.385647
166 3 0.414300
167 3 0.448953
168 3 0.432300
169 3 0.440373
170 3 0.418900
171 3 0.381925
172 3 0.184700
173 3 58.366400
174 3 53.289300
175 3 50.860300
176 3 54.466000
177 3 56.488800
178 3 102.546000
179 3 102.575000
180 3 78.551500
181 3 113.735000
182 3 0.280408
183 3 0.211400
184 3 0.207973
185 3 0.169100
186 3 0.180149
187 3 0.173900
188 3 0.161307
189 3 0.000000
190 3 0.127337
191 3 0.000000
192 3 0.085376
193 3 0.000000
194 3 59.065000
195 3 55.203000
196 3 49.620100
197 3 40.510600
198 3 0.067157
199 3 0.000000
200 3 0.109731
201 3 0.000000
202 3 0.200454
203 3 0.000000
204 3 0.247777
205 3 0.000000
206 3 0.256266
207 3 0.000000
208 3 0.000000
209 3 0.000000
210 3 42.824500
211 3 0.000000
212 3 0.000000
213 3 7.087350
214 3 3.632530
215 3 0.000000
216 3 6.983400
217 3 6.741370
218 3 4.197310
219 3 1.125880
220 3 0.972580
221 3 0.000000
222 3 5.389820
223 3 65.179300
224 3 0.000000
225 3 23.643700
226 3 1.198220
227 3 0.659684
228 3 0.654414
229 3 0.505610
230 3 1.678320
231 3 2.505880
1 4 68.777300
2 4 35.992100
3 4 15.850800
4 4 7.241960
5 4 11.679600
6 4 13.433900
7 4 30.973200
8 4 38.971200
9 4 67.984800
10 4 80.104700
11 4 44.055800
12 4 45.170900
13 4 48.317400
14 4 39.536200
15 4 42.027800
16 4 40.994700
17 4 46.540100
18 4 36.804500
19 4 56.068200
20 4 59.335500
21 4 81.509300
22 4 79.164400
23 4 64.652500
24 4 48.466800
25 4 20.818700
26 4 24.719000
27 4 23.747100
28 4 19.543600
29 4 17.370600
30 4 19.382700
31 4 20.447500
32 4 26.365000
33 4 21.237900
34 4 21.671400
35 4 11.597300
36 4 31.907800
37 4 34.394100
38 4 39.797100
39 4 39.706100
40 4 43.729500
41 4 35.993700
42 4 39.367400
43 4 22.278900
44 4 0.000000
45 4 0.000000
46 4 8.465090
47 4 9.600940
48 4 9.119210
49 4 27.342200
50 4 0.000000
51 4 0.611517
52 4 0.000000
53 4 2.575330
54 4 0.000000
55 4 8.349380
56 4 21.923100
57 4 26.763700
58 4 3.995250
59 4 23.641000
60 4 42.706700
61 4 46.891000
62 4 59.746000
63 4 66.029100
64 4 55.227700
65 4 41.547500
66 4 13.520500
67 4 16.110900
68 4 9.433040
69 4 32.212000
70 4 26.504000
71 4 30.124800
72 4 31.907600
73 4 35.839700
74 4 15.917200
75 4 8.810730
76 4 0.741204
77 4 0.254226
78 4 4.611920
79 4 20.813000
80 4 30.372900
81 4 28.441600
82 4 1.819860
83 4 21.652700
84 4 29.470100
85 4 28.755200
86 4 30.432800
87 4 33.934700
88 4 30.572100
89 4 28.832000
90 4 1.785710
91 4 8.270440
92 4 2.592290
93 4 0.000000
94 4 1.401210
95 4 13.775300
96 4 14.477300
97 4 0.045018
98 4 0.000000
99 4 0.090710
100 4 0.000000
101 4 65.195200
102 4 50.501600
103 4 40.192900
104 4 29.313200
105 4 31.035200
106 4 30.082200
107 4 53.878100
108 4 65.583400
109 4 59.339200
110 4 29.118700
111 4 44.012100
112 4 40.798900
113 4 38.548800
114 4 37.778700
115 4 34.863100
116 4 31.164700
117 4 28.949900
118 4 66.255300
119 4 63.817200
120 4 73.530200
121 4 0.149065
122 4 0.000000
123 4 0.135876
124 4 0.000000
125 4 0.089988
126 4 0.000000
127 4 14.281100
128 4 10.686600
129 4 19.114100
130 4 42.480200
131 4 35.155000
132 4 27.554300
133 4 55.566400
134 4 66.301900
135 4 67.269000
136 4 81.794900
137 4 81.437900
138 4 68.972000
139 4 65.385000
140 4 72.947300
141 4 72.985500
142 4 73.529000
143 4 63.776800
144 4 0.263842
145 4 0.000000
146 4 0.350294
147 4 0.000000
148 4 0.378063
149 4 0.000000
150 4 0.429497
151 4 0.072100
152 4 72.234700
153 4 58.976400
154 4 64.202800
155 4 52.964200
156 4 57.946800
157 4 58.355600
158 4 63.759400
159 4 56.452300
160 4 57.012900
161 4 62.793300
162 4 71.607900
163 4 78.792100
164 4 80.951600
165 4 0.498573
166 4 0.022200
167 4 0.553929
168 4 0.012500
169 4 0.546087
170 4 0.492200
171 4 0.491083
172 4 0.042900
173 4 71.463200
174 4 75.833500
175 4 71.524500
176 4 75.836400
177 4 79.154000
178 4 95.044300
179 4 94.862300
180 4 91.629100
181 4 68.844300
182 4 0.425546
183 4 0.301000
184 4 0.384349
185 4 0.115300
186 4 0.391216
187 4 0.126700
188 4 0.405719
189 4 0.000000
190 4 0.380877
191 4 0.000000
192 4 0.371528
193 4 0.000000
194 4 83.015000
195 4 38.061200
196 4 31.814100
197 4 20.778300
198 4 0.342731
199 4 0.000000
200 4 0.404867
201 4 0.000000
202 4 0.531206
203 4 0.000000
204 4 0.634316
205 4 0.000000
206 4 0.610709
207 4 0.000000
208 4 0.248521
209 4 0.000000
210 4 48.219100
211 4 0.860425
212 4 3.022380
213 4 7.417120
214 4 4.106150
215 4 0.962803
216 4 7.173360
217 4 6.199300
218 4 2.909410
219 4 0.338625
220 4 0.000000
221 4 0.000000
222 4 6.496070
223 4 213.212000
224 4 0.000000
225 4 21.481100
226 4 2.016360
227 4 0.761116
228 4 0.714494
229 4 0.527934
230 4 1.751720
231 4 2.540650
1 5 68.777300
2 5 35.992100
3 5 15.850800
4 5 7.241960
5 5 11.679600
6 5 13.433900
7 5 30.973200
8 5 38.971200
9 5 67.984800
10 5 80.104700
11 5 44.055800
12 5 45.170900
13 5 48.317400
14 5 39.536200
15 5 42.027800
16 5 40.994700
17 5 46.540100
18 5 36.804500
19 5 56.068200
20 5 59.335500
21 5 81.509300
22 5 79.164400
23 5 64.652500
24 5 48.466800
25 5 21.164300
26 5 25.078700
27 5 17.415700
28 5 20.329700
29 5 19.888900
30 5 16.117000
31 5 15.311000
32 5 11.984100
33 5 10.668800
34 5 8.315580
35 5 16.571800
36 5 13.319400
37 5 24.365100
38 5 23.725000
39 5 32.554700
40 5 30.990900
41 5 30.546500
42 5 31.680400
43 5 31.880500
44 5 11.225800
45 5 16.244300
46 5 20.209700
47 5 19.607600
48 5 19.430600
49 5 55.748500
50 5 2.294600
51 5 0.000000
52 5 0.000000
53 5 0.000000
54 5 0.000000
55 5 3.567330
56 5 26.388600
57 5 24.877500
58 5 15.545800
59 5 19.909200
60 5 33.901700
61 5 37.865700
62 5 50.697500
63 5 64.671200
64 5 60.593700
65 5 51.836000
66 5 40.043300
67 5 41.468200
68 5 32.513300
69 5 62.480200
70 5 72.325300
71 5 77.783100
72 5 58.516600
73 5 56.955800
74 5 23.492200
75 5 13.586700
76 5 5.261910
77 5 2.536200
78 5 0.000000
79 5 18.373700
80 5 31.099500
81 5 22.276400
82 5 19.258300
83 5 17.707300
84 5 26.699100
85 5 30.736100
86 5 33.872600
87 5 35.658700
88 5 34.223300
89 5 30.627700
90 5 29.801300
91 5 29.440900
92 5 18.645600
93 5 22.250400
94 5 37.153900
95 5 44.731500
96 5 36.441600
97 5 0.034115
98 5 0.000000
99 5 0.043921
100 5 0.000000
101 5 86.067400
102 5 38.505100
103 5 34.601100
104 5 32.151300
105 5 29.113800
106 5 30.117800
107 5 64.950500
108 5 83.166700
109 5 82.297300
110 5 58.302400
111 5 61.559300
112 5 62.556400
113 5 69.044500
114 5 62.953100
115 5 60.840500
116 5 65.064400
117 5 62.360200
118 5 56.440600
119 5 74.088700
120 5 85.396300
121 5 0.067191
122 5 0.000000
123 5 0.098734
124 5 0.000000
125 5 0.135405
126 5 0.000000
127 5 32.943200
128 5 10.596400
129 5 32.594400
130 5 52.172500
131 5 51.665500
132 5 56.505500
133 5 68.413600
134 5 73.750100
135 5 68.756200
136 5 75.689900
137 5 72.956000
138 5 65.691200
139 5 64.277000
140 5 63.907900
141 5 72.759700
142 5 68.555100
143 5 90.141500
144 5 0.179355
145 5 0.000000
146 5 0.226793
147 5 0.000000
148 5 0.173759
149 5 0.000000
150 5 0.211378
151 5 0.024200
152 5 56.234900
153 5 30.083800
154 5 47.389700
155 5 43.007300
156 5 45.437000
157 5 54.497500
158 5 46.038500
159 5 40.652600
160 5 36.720900
161 5 45.893200
162 5 76.753600
163 5 41.689400
164 5 68.016900
165 5 0.298615
166 5 0.204400
167 5 0.337946
168 5 5.140100
169 5 0.528623
170 5 1.255900
171 5 0.494093
172 5 0.226000
173 5 47.376400
174 5 54.340100
175 5 41.335900
176 5 44.704200
177 5 77.208800
178 5 68.282200
179 5 67.879800
180 5 96.248600
181 5 118.797000
182 5 0.428785
183 5 0.834100
184 5 0.367034
185 5 0.133200
186 5 0.351044
187 5 0.018900
188 5 0.349769
189 5 0.000000
190 5 0.322160
191 5 0.000000
192 5 0.275616
193 5 0.000000
194 5 50.503900
195 5 69.713400
196 5 48.245700
197 5 22.300600
198 5 0.223880
199 5 0.000000
200 5 0.211408
201 5 0.000000
202 5 0.268902
203 5 0.000000
204 5 0.321392
205 5 0.000000
206 5 0.329383
207 5 0.000000
208 5 0.251072
209 5 0.000000
210 5 55.953400
211 5 0.000000
212 5 3.458170
213 5 7.739100
214 5 3.523750
215 5 0.000000
216 5 6.479690
217 5 5.916840
218 5 3.583910
219 5 0.041939
220 5 0.000000
221 5 0.000000
222 5 4.704410
223 5 151.079000
224 5 0.000000
225 5 22.196000
226 5 1.135450
227 5 0.494960
228 5 0.296320
229 5 0.675619
230 5 1.781230
231 5 2.409640
1 6 68.777300
2 6 35.992100
3 6 15.850800
4 6 7.241960
5 6 11.679600
6 6 13.433900
7 6 30.973200
8 6 38.971200
9 6 67.984800
10 6 80.104700
11 6 44.055800
12 6 45.170900
13 6 48.317400
14 6 39.536200
15 6 42.027800
16 6 40.994700
17 6 46.540100
18 6 36.804500
19 6 56.068200
20 6 59.335500
21 6 81.509300
22 6 79.164400
23 6 64.652500
24 6 48.466800
25 6 20.818700
26 6 24.719000
27 6 23.747100
28 6 19.543600
29 6 17.370600
30 6 19.382700
31 6 20.447500
32 6 26.365000
33 6 21.237900
34 6 21.671400
35 6 11.597300
36 6 31.907800
37 6 34.394100
38 6 39.797100
39 6 39.706100
40 6 43.729500
41 6 35.993700
42 6 39.367400
43 6 22.278900
44 6 0.000000
45 6 0.000000
46 6 8.465090
47 6 9.600940
48 6 9.119210
49 6 27.342200
50 6 0.000000
51 6 0.611517
52 6 0.000000
53 6 2.575330
54 6 0.000000
55 6 8.349380
56 6 21.923100
57 6 26.763700
58 6 3.995250
59 6 23.641000
60 6 42.706700
61 6 46.891000
62 6 59.746000
63 6 66.029100
64 6 55.227700
65 6 41.547500
66 6 13.520500
67 6 16.110900
68 6 9.433040
69 6 32.212000
70 6 26.504000
71 6 30.124800
72 6 31.907600
73 6 35.839700
74 6 15.917200
75 6 8.810730
76 6 0.741204
77 6 0.254226
78 6 4.611920
79 6 20.813000
80 6 30.372900
81 6 28.441600
82 6 1.819860
83 6 21.652700
84 6 29.470100
85 6 28.755200
86 6 30.432800
87 6 33.934700
88 6 30.572100
89 6 28.832000
90 6 1.785710
91 6 8.270440
92 6 2.592290
93 6 0.000000
94 6 1.401210
95 6 13.775300
96 6 14.477300
97 6 0.015589
98 6 0.000000
99 6 0.010174
100 6 0.000000
101 6 74.330600
102 6 55.088000
103 6 72.033800
104 6 56.033000
105 6 54.324600
106 6 54.001600
107 6 55.670400
108 6 51.814400
109 6 91.513500
110 6 113.689000
111 6 85.121300
112 6 80.651100
113 6 85.782800
114 6 80.038600
115 6 69.069100
116 6 74.907300
117 6 70.339500
118 6 77.730700
119 6 90.739500
120 6 89.357000
121 6 0.119039
122 6 0.000000
123 6 0.130508
124 6 0.000000
125 6 0.162370
126 6 0.000000
127 6 18.443900
128 6 0.000000
129 6 0.000000
130 6 29.893000
131 6 51.336000
132 6 74.198800
133 6 84.041300
134 6 85.910600
135 6 76.635600
136 6 74.558400
137 6 72.173600
138 6 62.489500
139 6 56.734400
140 6 63.218200
141 6 61.370000
142 6 57.366200
143 6 64.370600
144 6 0.220453
145 6 0.000000
146 6 0.233526
147 6 0.000000
148 6 0.195257
149 6 0.000000
150 6 0.208586
151 6 0.016400
152 6 91.399400
153 6 38.375700
154 6 31.052300
155 6 31.004100
156 6 24.819900
157 6 22.630100
158 6 17.966100
159 6 14.988400
160 6 15.040700
161 6 24.725300
162 6 27.180500
163 6 34.536400
164 6 36.524700
165 6 0.256961
166 6 0.019600
167 6 0.318667
168 6 0.235600
169 6 0.328656
170 6 0.241800
171 6 0.290989
172 6 0.080200
173 6 98.237300
174 6 98.231700
175 6 97.357400
176 6 77.317200
177 6 100.727000
178 6 103.670000
179 6 111.595000
180 6 107.419000
181 6 108.424000
182 6 0.244162
183 6 0.049100
184 6 0.223579
185 6 0.150700
186 6 0.236107
187 6 0.136400
188 6 0.259299
189 6 0.000000
190 6 0.274343
191 6 0.000000
192 6 0.276025
193 6 0.000000
194 6 92.183400
195 6 90.124900
196 6 81.461400
197 6 59.991500
198 6 0.250674
199 6 0.000000
200 6 0.282249
201 6 0.000000
202 6 0.377181
203 6 0.000000
204 6 0.443534
205 6 0.000000
206 6 0.451287
207 6 0.000000
208 6 0.490080
209 6 0.000000
210 6 50.496100
211 6 0.046762
212 6 3.269490
213 6 8.509200
214 6 3.185160
215 6 0.081963
216 6 7.091730
217 6 6.356060
218 6 3.318200
219 6 0.437621
220 6 0.102786
221 6 0.000000
222 6 4.718510
223 6 125.872000
224 6 20.089200
225 6 22.287800
226 6 1.429200
227 6 0.808550
228 6 1.075350
229 6 0.547331
230 6 1.777850
231 6 2.562450
1 7 68.777300
2 7 35.992100
3 7 15.850800
4 7 7.241960
5 7 11.679600
6 7 13.433900
7 7 30.973200
8 7 38.971200
9 7 67.984800
10 7 80.104700
11 7 44.055800
12 7 45.170900
13 7 48.317400
14 7 39.536200
15 7 42.027800
16 7 40.994700
17 7 46.540100
18 7 36.804500
19 7 56.068200
20 7 59.335500
21 7 81.509300
22 7 79.164400
23 7 64.652500
24 7 48.466800
25 7 21.164300
26 7 25.078700
27 7 17.415700
28 7 20.329700
29 7 19.888900
30 7 16.117000
31 7 15.311000
32 7 11.984100
33 7 10.668800
34 7 8.315580
35 7 16.571800
36 7 13.319400
37 7 24.365100
38 7 23.725000
39 7 32.554700
40 7 30.990900
41 7 30.546500
42 7 31.680400
43 7 31.880500
44 7 11.225800
45 7 16.244300
46 7 20.209700
47 7 19.607600
48 7 19.430600
49 7 55.748500
50 7 2.294600
51 7 0.000000
52 7 0.000000
53 7 0.000000
54 7 0.000000
55 7 3.567330
56 7 26.388600
57 7 24.877500
58 7 15.545800
59 7 19.909200
60 7 33.901700
61 7 37.865700
62 7 50.697500
63 7 64.671200
64 7 60.593700
65 7 51.836000
66 7 40.043300
67 7 41.468200
68 7 32.513300
69 7 62.480200
70 7 72.325300
71 7 77.783100
72 7 58.516600
73 7 56.955800
74 7 23.492200
75 7 13.586700
76 7 5.261910
77 7 2.536200
78 7 0.000000
79 7 18.373700
80 7 31.099500
81 7 22.276400
82 7 19.258300
83 7 17.707300
84 7 26.699100
85 7 30.736100
86 7 33.872600
87 7 35.658700
88 7 34.223300
89 7 30.627700
90 7 29.801300
91 7 29.440900
92 7 18.645600
93 7 22.250400
94 7 37.153900
95 7 44.731500
96 7 36.441600
97 7 0.034115
98 7 0.000000
99 7 0.043921
100 7 0.000000
101 7 86.067400
102 7 38.505100
103 7 34.601100
104 7 32.151300
105 7 29.113800
106 7 30.117800
107 7 64.950500
108 7 83.166700
109 7 82.297300
110 7 58.302400
111 7 61.559300
112 7 62.556400
113 7 69.044500
114 7 62.953100
115 7 60.840500
116 7 65.064400
117 7 62.360200
118 7 56.440600
119 7 74.088700
120 7 85.396300
121 7 0.067191
122 7 0.000000
123 7 0.098734
124 7 0.000000
125 7 0.135405
126 7 0.000000
127 7 32.943200
128 7 10.596400
129 7 32.594400
130 7 52.172500
131 7 51.665500
132 7 56.505500
133 7 68.413600
134 7 73.750100
135 7 68.756200
136 7 75.689900
137 7 72.956000
138 7 65.691200
139 7 64.277000
140 7 63.907900
141 7 72.759700
142 7 68.555100
143 7 90.141500
144 7 0.179355
145 7 0.000000
146 7 0.226793
147 7 0.000000
148 7 0.173759
149 7 0.000000
150 7 0.211378
151 7 0.024200
152 7 56.234900
153 7 30.083800
154 7 47.389700
155 7 43.007300
156 7 45.437000
157 7 54.497500
158 7 46.038500
159 7 40.652600
160 7 36.720900
161 7 45.893200
162 7 76.753600
163 7 41.689400
164 7 68.016900
165 7 0.298615
166 7 0.204400
167 7 0.379700
168 7 0.321600
169 7 0.416097
170 7 0.146200
171 7 0.397170
172 7 0.662800
173 7 81.098700
174 7 65.542100
175 7 61.784000
176 7 60.906000
177 7 58.154400
178 7 63.436800
179 7 76.498700
180 7 79.006700
181 7 85.200600
182 7 0.351196
183 7 0.150400
184 7 0.324217
185 7 0.070500
186 7 0.310943
187 7 0.015200
188 7 0.266023
189 7 0.000000
190 7 0.291191
191 7 0.000000
192 7 0.274892
193 7 0.000000
194 7 53.647800
195 7 32.739200
196 7 58.473700
197 7 37.427900
198 7 0.249539
199 7 0.000000
200 7 0.282631
201 7 0.000000
202 7 0.357565
203 7 0.000000
204 7 0.396516
205 7 0.000000
206 7 0.403920
207 7 0.000000
208 7 0.135064
209 7 0.000000
210 7 65.370200
211 7 0.000000
212 7 1.046780
213 7 5.332820
214 7 3.133950
215 7 0.000000
216 7 7.108260
217 7 6.729850
218 7 2.959500
219 7 0.444689
220 7 0.000000
221 7 0.000000
222 7 4.875300
223 7 153.108000
224 7 0.000000
225 7 18.840500
226 7 0.935706
227 7 0.734948
228 7 0.675148
229 7 0.601937
230 7 1.816200
231 7 2.607320
1 8 66.240300
2 8 39.827800
3 8 27.341000
4 8 25.879300
5 8 26.772300
6 8 23.503700
7 8 47.749000
8 8 59.726300
9 8 73.583400
10 8 77.687700
11 8 67.014800
12 8 59.444000
13 8 61.761500
14 8 64.106400
15 8 54.770100
16 8 52.096400
17 8 41.592200
18 8 30.837400
19 8 53.048900
20 8 51.169200
21 8 75.068200
22 8 70.929900
23 8 73.866900
24 8 66.932900
25 8 21.761900
26 8 17.488100
27 8 20.838300
28 8 17.402200
29 8 18.153400
30 8 15.562400
31 8 17.659700
32 8 20.253000
33 8 17.094000
34 8 4.274370
35 8 13.338500
36 8 34.911600
37 8 27.412100
38 8 27.302600
39 8 33.221200
40 8 33.774900
41 8 39.381400
42 8 28.899100
43 8 8.613500
44 8 0.000000
45 8 0.000000
46 8 14.888900
47 8 17.382500
48 8 11.908600
49 8 50.165100
50 8 3.615680
51 8 1.279540
52 8 3.224330
53 8 6.433130
54 8 0.000000
55 8 7.940280
56 8 22.186500
57 8 11.925200
58 8 12.331500
59 8 26.822600
60 8 42.376700
61 8 44.588700
62 8 55.509300
63 8 71.270100
64 8 62.705400
65 8 49.660400
66 8 17.792500
67 8 40.274000
68 8 22.675100
69 8 57.728700
70 8 43.129700
71 8 56.888400
72 8 58.116700
73 8 54.983000
74 8 26.805100
75 8 16.005000
76 8 17.327600
77 8 15.590400
78 8 25.504400
79 8 37.204200
80 8 22.608800
81 8 22.960600
82 8 20.283000
83 8 25.542700
84 8 36.889800
85 8 38.579300
86 8 43.946600
87 8 47.486800
88 8 45.778400
89 8 35.803500
90 8 23.061600
91 8 17.789200
92 8 9.461900
93 8 9.377440
94 8 23.424800
95 8 38.098000
96 8 33.414700
97 8 0.046130
98 8 0.000000
99 8 0.092938
100 8 0.000000
101 8 58.070000
102 8 45.696700
103 8 39.862400
104 8 38.026400
105 8 27.893800
106 8 37.255700
107 8 62.257500
108 8 44.541600
109 8 75.332500
110 8 71.299600
111 8 64.511100
112 8 55.395700
113 8 49.608700
114 8 46.912000
115 8 40.281900
116 8 40.161900
117 8 52.588800
118 8 65.695700
119 8 68.551900
120 8 78.372900
121 8 0.129402
122 8 0.000000
123 8 0.152037
124 8 0.000000
125 8 0.157540
126 8 0.000000
127 8 8.045950
128 8 0.000000
129 8 7.296530
130 8 33.842700
131 8 47.076900
132 8 66.104700
133 8 69.688800
134 8 63.603600
135 8 60.526400
136 8 67.663800
137 8 61.402100
138 8 57.216600
139 8 41.011800
140 8 71.187800
141 8 76.011300
142 8 73.263300
143 8 89.415300
144 8 0.166695
145 8 0.000000
146 8 0.202536
147 8 0.000000
148 8 0.251398
149 8 0.000100
150 8 0.251686
151 8 0.023400
152 8 23.389100
153 8 35.730000
154 8 44.936200
155 8 53.433900
156 8 57.811800
157 8 61.085800
158 8 62.105400
159 8 56.479500
160 8 55.267000
161 8 53.428600
162 8 83.680400
163 8 74.955500
164 8 87.007900
165 8 0.385647
166 8 0.414300
167 8 0.448953
168 8 0.432300
169 8 0.440373
170 8 0.418900
171 8 0.381925
172 8 0.184700
173 8 58.366400
174 8 53.289300
175 8 50.860300
176 8 54.466000
177 8 56.488800
178 8 102.546000
179 8 102.575000
180 8 78.551500
181 8 113.735000
182 8 0.280408
183 8 0.211400
184 8 0.207973
185 8 0.169100
186 8 0.180149
187 8 0.173900
188 8 0.161307
189 8 0.000000
190 8 0.127337
191 8 0.000000
192 8 0.085376
193 8 0.000000
194 8 59.065000
195 8 55.203000
196 8 49.620100
197 8 40.510600
198 8 0.067157
199 8 0.000000
200 8 0.109731
201 8 0.000000
202 8 0.200454
203 8 0.000000
204 8 0.247777
205 8 0.000000
206 8 0.256266
207 8 0.000000
208 8 0.000000
209 8 0.000000
210 8 42.824500
211 8 0.000000
212 8 0.000000
213 8 7.087350
214 8 3.632530
215 8 0.000000
216 8 6.983400
217 8 6.741370
218 8 4.197310
219 8 1.125880
220 8 0.972580
221 8 0.000000
222 8 5.389820
223 8 65.179300
224 8 0.000000
225 8 23.643700
226 8 1.198220
227 8 0.659684
228 8 0.654414
229 8 0.505610
230 8 1.678320
231 8 2.505880
1 9 68.777300
2 9 35.992100
3 9 15.850800
4 9 7.241960
5 9 11.679600
6 9 13.433900
7 9 30.973200
8 9 38.971200
9 9 67.984800
10 9 80.104700
11 9 44.055800
12 9 45.170900
13 9 48.317400
14 9 39.536200
15 9 42.027800
16 9 40.994700
17 9 46.540100
18 9 36.804500
19 9 56.068200
20 9 59.335500
21 9 81.509300
22 9 79.164400
23 9 64.652500
24 9 48.466800
25 9 21.164300
26 9 25.078700
27 9 17.415700
28 9 20.329700
29 9 19.888900
30 9 16.117000
31 9 15.311000
32 9 11.984100
33 9 10.668800
34 9 8.315580
35 9 16.571800
36 9 13.319400
37 9 24.365100
38 9 23.725000
39 9 32.554700
40 9 30.990900
41 9 30.546500
42 9 31.680400
43 9 31.880500
44 9 11.225800
45 9 16.244300
46 9 20.209700
47 9 19.607600
48 9 19.430600
49 9 55.748500
50 9 2.294600
51 9 0.000000
52 9 0.000000
53 9 0.000000
54 9 0.000000
55 9 3.567330
56 9 26.388600
57 9 24.877500
58 9 15.545800
59 9 19.909200
60 9 33.901700
61 9 37.865700
62 9 50.697500
63 9 64.671200
64 9 60.593700
65 9 51.836000
66 9 40.043300
67 9 41.468200
68 9 32.513300
69 9 62.480200
70 9 72.325300
71 9 77.783100
72 9 58.516600
73 9 56.955800
74 9 23.492200
75 9 13.586700
76 9 5.261910
77 9 2.536200
78 9 0.000000
79 9 18.373700
80 9 31.099500
81 9 22.276400
82 9 19.258300
83 9 17.707300
84 9 26.699100
85 9 30.736100
86 9 33.872600
87 9 35.658700
88 9 34.223300
89 9 30.627700
90 9 29.801300
91 9 29.440900
92 9 18.645600
93 9 22.250400
94 9 37.153900
95 9 44.731500
96 9 36.441600
97 9 0.034115
98 9 0.000000
99 9 0.043921
100 9 0.000000
101 9 86.067400
102 9 38.505100
103 9 34.601100
104 9 32.151300
105 9 29.113800
106 9 30.117800
107 9 64.950500
108 9 83.166700
109 9 82.297300
110 9 58.302400
111 9 61.559300
112 9 62.556400
113 9 69.044500
114 9 62.953100
115 9 60.840500
116 9 65.064400
117 9 62.360200
118 9 56.440600
119 9 74.088700
120 9 85.396300
121 9 0.067191
122 9 0.000000
123 9 0.098734
124 9 0.000000
125 9 0.135405
126 9 0.000000
127 9 32.943200
128 9 10.596400
129 9 32.594400
130 9 52.172500
131 9 51.665500
132 9 56.505500
133 9 68.413600
134 9 73.750100
135 9 68.756200
136 9 75.689900
137 9 72.956000
138 9 65.691200
139 9 64.277000
140 9 63.907900
141 9 72.759700
142 9 68.555100
143 9 90.141500
144 9 0.179355
145 9 0.000000
146 9 0.226793
147 9 0.000000
148 9 0.173759
149 9 0.000000
150 9 0.211378
151 9 0.024200
152 9 56.234900
153 9 30.083800
154 9 47.389700
155 9 43.007300
156 9 45.437000
157 9 54.497500
158 9 46.038500
159 9 40.652600
160 9 36.720900
161 9 45.893200
162 9 76.753600
163 9 41.689400
164 9 68.016900
165 9 0.298615
166 9 0.204400
167 9 0.223864
168 9 0.267700
169 9 0.214062
170 9 1.004900
171 9 0.156279
172 9 2.040100
173 9 99.253000
174 9 89.462400
175 9 90.789700
176 9 61.770900
177 9 64.871000
178 9 99.517800
179 9 110.635000
180 9 110.128000
181 9 100.909000
182 9 0.092369
183 9 0.008200
184 9 0.051336
185 9 0.313400
186 9 0.058983
187 9 0.127800
188 9 0.079532
189 9 0.000000
190 9 0.064157
191 9 0.000000
192 9 0.032141
193 9 0.000000
194 9 90.497500
195 9 86.808400
196 9 78.061800
197 9 38.777900
198 9 0.008071
199 9 0.000000
200 9 0.043077
201 9 0.000000
202 9 0.119575
203 9 0.000000
204 9 0.168759
205 9 0.000000
206 9 0.167865
207 9 0.000100
208 9 0.327686
209 9 0.000000
210 9 50.585400
211 9 0.000000
212 9 1.353930
213 9 7.871960
214 9 3.800290
215 9 0.647165
216 9 6.982990
217 9 6.138790
218 9 2.859280
219 9 0.000000
220 9 0.000000
221 9 0.000000
222 9 5.134890
223 9 184.879000
224 9 0.000000
225 9 21.763000
226 9 1.908540
227 9 0.275949
228 9 0.434859
229 9 0.521345
230 9 1.804490
231 9 2.687270
1 10 68.777300
2 10 35.992100
3 10 15.850800
4 10 7.241960
5 10 11.679600
6 10 13.433900
7 10 30.973200
8 10 38.971200
9 10 67.984800
10 10 80.104700
11 10 44.055800
12 10 45.170900
13 10 48.317400
14 10 39.536200
15 10 42.027800
16 10 40.994700
17 10 46.540100
18 10 36.804500
19 10 56.068200
20 10 59.335500
21 10 81.509300
22 10 79.164400
23 10 64.652500
24 10 48.466800
25 10 21.164300
26 10 25.078700
27 10 17.415700
28 10 20.329700
29 10 19.888900
30 10 16.117000
31 10 15.311000
32 10 11.984100
33 10 10.668800
34 10 8.315580
35 10 16.571800
36 10 13.319400
37 10 24.365100
38 10 23.725000
39 10 32.554700
40 10 30.990900
41 10 30.546500
42 10 31.680400
43 10 31.880500
44 10 11.225800
45 10 16.244300
46 10 20.209700
47 10 19.607600
48 10 19.430600
49 10 55.748500
50 10 2.294600
51 10 0.000000
52 10 0.000000
53 10 0.000000
54 10 0.000000
55 10 3.567330
56 10 26.388600
57 10 24.877500
58 10 15.545800
59 10 19.909200
60 10 33.901700
61 10 37.865700
62 10 50.697500
63 10 64.671200
64 10 60.593700
65 10 51.836000
66 10 40.043300
67 10 41.468200
68 10 32.513300
69 10 62.480200
70 10 72.325300
71 10 77.783100
72 10 58.516600
73 10 56.955800
74 10 23.492200
75 10 13.586700
76 10 5.261910
77 10 2.536200
78 10 0.000000
79 10 18.373700
80 10 31.099500
81 10 22.276400
82 10 19.258300
83 10 17.707300
84 10 26.699100
85 10 30.736100
86 10 33.872600
87 10 35.658700
88 10 34.223300
89 10 30.627700
90 10 29.801300
91 10 29.440900
92 10 18.645600
93 10 22.250400
94 10 37.153900
95 10 44.731500
96 10 36.441600
97 10 0.034115
98 10 0.000000
99 10 0.043921
100 10 0.000000
101 10 86.067400
102 10 38.505100
103 10 34.601100
104 10 32.151300
105 10 29.113800
106 10 30.117800
107 10 64.950500
108 10 83.166700
109 10 82.297300
110 10 58.302400
111 10 61.559300
112 10 62.556400
113 10 69.044500
114 10 62.953100
115 10 60.840500
116 10 65.064400
117 10 62.360200
118 10 56.440600
119 10 74.088700
120 10 85.396300
121 10 0.067191
122 10 0.000000
123 10 0.098734
124 10 0.000000
125 10 0.135405
126 10 0.000000
127 10 32.943200
128 10 10.596400
129 10 32.594400
130 10 52.172500
131 10 51.665500
132 10 56.505500
133 10 68.413600
134 10 73.750100
135 10 68.756200
136 10 75.689900
137 10 72.956000
138 10 65.691200
139 10 64.277000
140 10 63.907900
141 10 72.759700
142 10 68.555100
143 10 90.141500
144 10 0.179355
145 10 0.000000
146 10 0.226793
147 10 0.000000
148 10 0.173759
149 10 0.000000
150 10 0.211378
151 10 0.024200
152 10 56.234900
153 10 30.083800
154 10 47.389700
155 10 43.007300
156 10 45.437000
157 10 54.497500
158 10 46.038500
159 10 40.652600
160 10 36.720900
161 10 45.893200
162 10 76.753600
163 10 41.689400
164 10 68.016900
165 10 0.298615
166 10 0.204400
167 10 0.379700
168 10 0.321600
169 10 0.416097
170 10 0.146200
171 10 0.397170
172 10 0.662800
173 10 81.098700
174 10 65.542100
175 10 61.784000
176 10 60.906000
177 10 58.154400
178 10 63.436800
179 10 76.498700
180 10 79.006700
181 10 85.200600
182 10 0.351196
183 10 0.150400
184 10 0.324217
185 10 0.070500
186 10 0.310943
187 10 0.015200
188 10 0.266023
189 10 0.000000
190 10 0.291191
191 10 0.000000
192 10 0.274892
193 10 0.000000
194 10 53.647800
195 10 32.739200
196 10 58.473700
197 10 37.427900
198 10 0.249539
199 10 0.000000
200 10 0.282631
201 10 0.000000
202 10 0.357565
203 10 0.000000
204 10 0.396516
205 10 0.000000
206 10 0.403920
207 10 0.000000
208 10 0.135064
209 10 0.000000
210 10 65.370200
211 10 0.000000
212 10 1.046780
213 10 5.332820
214 10 3.133950
215 10 0.000000
216 10 7.108260
217 10 6.729850
218 10 2.959500
219 10 0.444689
220 10 0.000000
221 10 0.000000
222 10 4.875300
223 10 153.108000
224 10 0.000000
225 10 18.840500
226 10 0.935706
227 10 0.734948
228 10 0.675148
229 10 0.601937
230 10 1.816200
231 10 2.607320
;

param Prob0 :=
1	0.100
2	0.000
3	0.300
4	0.100
5	0.100
6	0.100
7	0.200
8	0.000
9	0.100
10	0.000
;
set c[0,5] := 5 1 2 3 4 6 7 8 9 10;
set c[1,6] := 6 5 1 4 7 9 10;
set c[1,2] := 2 3 8;
set c[2,8] := 8 2 3;
set c[2,10] := 10 5 7 9;
set c[2,1] := 1 6 4;
set c[3,1] := 1 6 4;
set c[3,10] := 10 5 7 9;
set c[3,2] := 2 8 3;
set c[4,8] := 8 2 3;
set c[4,10] := 10 5 7 9;
set c[4,1] := 1 6 4;
set c[5,9] := 9 10 5 7;
set c[5,1] := 1 4;
set c[5,6] := 6;
set c[5,8] := 8 2 3;
set c[6,2] := 2 8 3;
set c[6,1] := 1 4;
set c[6,6] := 6;
set c[6,5] := 5 9 10 7;
set c[7,6] := 6;
set c[7,1] := 1 4;
set c[7,10] := 10 5 9 7;
set c[7,8] := 8 2 3;
set c[8,9] := 9 10 5 7;
set c[8,1] := 1 4;
set c[8,2] := 2 8 3;
set c[8,6] := 6;
set c[9,1] := 1 4;
set c[9,2] := 2 8 3;
set c[9,6] := 6;
set c[9,10] := 10 9 5 7;
set c[10,6] := 6;
set c[10,10] := 10 9 5 7;
set c[10,2] := 2 8 3;
set c[10,1] := 1 4;
set c[11,2] := 2 8 3;
set c[11,5] := 5 10 9 7;
set c[11,1] := 1;
set c[11,4] := 4;
set c[11,6] := 6;
set c[12,1] := 1;
set c[12,6] := 6;
set c[12,4] := 4;
set c[12,10] := 10 5 9 7;
set c[12,2] := 2 8 3;
set c[13,4] := 4;
set c[13,6] := 6;
set c[13,10] := 10 5 9 7;
set c[13,2] := 2 8 3;
set c[13,1] := 1;
set c[14,7] := 7 10 5 9;
set c[14,1] := 1;
set c[14,2] := 2 8 3;
set c[14,6] := 6;
set c[14,4] := 4;
set c[15,3] := 3 2 8;
set c[15,1] := 1;
set c[15,4] := 4;
set c[15,6] := 6;
set c[15,7] := 7 10 5 9;
set c[16,4] := 4;
set c[16,6] := 6;
set c[16,7] := 7 10 5 9;
set c[16,1] := 1;
set c[16,2] := 2 3 8;
set c[17,6] := 6;
set c[17,5] := 5 7 10 9;
set c[17,2] := 2 3 8;
set c[17,1] := 1;
set c[17,4] := 4;
set c[18,2] := 2 3 8;
set c[18,4] := 4;
set c[18,7] := 7 10;
set c[18,9] := 9;
set c[18,5] := 5;
set c[18,1] := 1;
set c[18,6] := 6;
set c[19,4] := 4;
set c[19,6] := 6;
set c[19,7] := 7 10;
set c[19,9] := 9;
set c[19,1] := 1;
set c[19,5] := 5;
set c[19,2] := 2 3 8;
set c[20,6] := 6;
set c[20,9] := 9;
set c[20,2] := 2 3 8;
set c[20,1] := 1;
set c[20,7] := 7 10;
set c[20,5] := 5;
set c[20,4] := 4;
set c[21,7] := 7 10;
set c[21,5] := 5;
set c[21,4] := 4;
set c[21,2] := 2 3 8;
set c[21,1] := 1;
set c[21,9] := 9;
set c[21,6] := 6;
set c[22,1] := 1;
set c[22,9] := 9;
set c[22,5] := 5;
set c[22,3] := 3 2 8;
set c[22,6] := 6;
set c[22,4] := 4;
set c[22,7] := 7 10;
set c[23,4] := 4;
set c[23,3] := 3 2 8;
set c[23,6] := 6;
set c[23,5] := 5;
set c[23,9] := 9;
set c[23,7] := 7 10;
set c[23,1] := 1;
set c[24,5] := 5;
set c[24,1] := 1;
set c[24,7] := 7 10;
set c[24,9] := 9;
set c[24,8] := 8 3 2;
set c[24,6] := 6;
set c[24,4] := 4;
set c[25,4] := 4;
set c[25,8] := 8 3 2;
set c[25,1] := 1;
set c[25,9] := 9;
set c[25,7] := 7 10;
set c[25,6] := 6;
set c[25,5] := 5;
set c[26,8] := 8 3 2;
set c[26,6] := 6;
set c[26,7] := 7 10;
set c[26,5] := 5;
set c[26,1] := 1;
set c[26,9] := 9;
set c[26,4] := 4;
set c[27,1] := 1;
set c[27,5] := 5;
set c[27,6] := 6;
set c[27,9] := 9;
set c[27,4] := 4;
set c[27,7] := 7 10;
set c[27,8] := 8 3 2;
set c[28,2] := 2 8 3;
set c[28,5] := 5;
set c[28,6] := 6;
set c[28,4] := 4;
set c[28,7] := 7 10;
set c[28,9] := 9;
set c[28,1] := 1;
set c[29,1] := 1;
set c[29,6] := 6;
set c[29,9] := 9;
set c[29,7] := 7 10;
set c[29,4] := 4;
set c[29,5] := 5;
set c[29,8] := 8 2 3;
set c[30,3] := 3 8 2;
set c[30,7] := 7 10;
set c[30,5] := 5;
set c[30,9] := 9;
set c[30,6] := 6;
set c[30,4] := 4;
set c[30,1] := 1;
set c[31,1] := 1;
set c[31,4] := 4;
set c[31,7] := 7 10;
set c[31,9] := 9;
set c[31,6] := 6;
set c[31,5] := 5;
set c[31,3] := 3 8 2;
set c[32,5] := 5;
set c[32,4] := 4;
set c[32,6] := 6;
set c[32,9] := 9;
set c[32,7] := 7 10;
set c[32,3] := 3 8 2;
set c[32,1] := 1;
set c[33,9] := 9;
set c[33,4] := 4;
set c[33,6] := 6;
set c[33,7] := 7 10;
set c[33,8] := 8 3 2;
set c[33,1] := 1;
set c[33,5] := 5;
set c[34,6] := 6;
set c[34,7] := 7 10;
set c[34,4] := 4;
set c[34,1] := 1;
set c[34,5] := 5;
set c[34,3] := 3 8 2;
set c[34,9] := 9;

