#erel:= 0.850;
#emax:= 2454.719;
#q:= 0.000;
#nesce:=     9;
#etime:= 0.039;
#snodes:=   214;
param nS:=    10;
param nSG:=    34;
param nRVSG :=
1 24
5 2
9 2
13 2
17 2
21 9
25 2
29 2
33 2
2 24
6 2
10 2
14 2
18 2
22 2
26 2
30 2
34 24
3 24
7 20
11 17
15 2
19 2
23 2
27 2
31 2
4 24
8 2
12 2
16 13
20 2
24 2
28 4
32 2
;


param ScenF :=
1 78.6221
59 71.2451
117 77.1932
175 58.2627
2 100.285
60 64.9841
118 82.6143
176 48.5879
3 93.9206
61 61.9102
119 98.059
177 48.0948
4 87.4579
62 65.9303
120 82.4409
178 71.5131
5 85.9655
63 62.8385
121 0.166313
179 94.9793
6 79.6134
64 53.9622
122 0
180 113.745
7 74.942
65 45.5795
123 0.183308
181 82.4514
8 62.3806
66 49.0785
124 0
182 0.0842221
9 57.8538
67 73.0203
125 0.202732
183 0.1973
10 63.3115
68 96.1853
126 0
184 0.089815
11 64.8754
69 95.2264
127 69.5306
185 0.1318
12 56.1453
70 83.7346
128 94.2618
186 0.109272
13 54.6419
71 82.7653
129 77.9199
187 0.0544
14 60.6893
72 79.2959
130 52.0523
188 0.106333
15 60.3391
73 69.87
131 58.7479
189 0
16 52.1142
74 100.237
132 73.0027
190 0.0785538
17 46.4348
75 91.4352
133 68.5137
191 0
18 43.8176
76 89.0592
134 60.3611
192 0.074879
19 62.4765
77 90.2499
135 62.524
193 0
20 77.8319
78 89.7774
136 58.22
194 110.64
21 83.5086
79 82.6497
137 52.2847
195 96.31
22 72.7237
80 77.0546
138 47.3194
196 79.4318
23 82.0965
81 80.1821
139 46.9129
197 71.4055
24 81.3165
82 76.4444
140 60.8845
198 0.0790731
25 27.644
83 70.8748
141 70.9999
199 0
26 33.7977
84 68.0215
142 75.033
200 0.0788352
27 33.3617
85 68.3732
143 52.3936
201 0
28 36.1521
86 72.4271
144 0.203436
202 0.0928407
29 41.406
87 71.7562
145 0
203 0
30 36.8299
88 63.0959
146 0.185512
204 0.128851
31 38.5197
89 65.1082
147 0
205 0
32 28.7617
90 68.6149
148 0.162002
206 0.166771
33 34.1891
91 86.6634
149 0
207 0
34 47.8216
92 104.381
150 0.123261
208 0
35 39.414
93 103.724
151 0.0465
209 0
36 24.5901
94 96.5727
152 50.3015
210 0
37 33.4889
95 98.1688
153 65.9908
211 0
38 34.745
96 94.0817
154 67.6471
212 1.99019
39 35.6938
97 0.109727
155 61.9559
213 2.16823
40 39.1631
98 0
156 54.6643
214 0.210747
41 58.4542
99 0.141808
157 53.7232
215 5.86365
42 49.4218
100 0
158 54.9404
216 0.679934
43 52.8912
101 61.4407
159 52.5628
217 0.461907
44 27.2472
102 93.4206
160 44.4128
218 2.59151
45 24.1354
103 90.2327
161 50.1522
219 1.53012
46 11.5469
104 83.8764
162 71.272
220 4.61334
47 3.94306
105 83.1426
163 87.7355
221 3.8692
48 0
106 81.7471
164 79.9444
222 0.523483
49 63.4037
107 70.7335
165 0.0976511
223 0
50 97.4068
108 64.9304
166 0.1038
224 0
51 90.3095
109 70.8788
167 0.0962196
225 9.35875
52 86.8454
110 86.0012
168 0.153
226 0.719662
53 82.0922
111 91.8434
169 0.0957439
227 0.267026
54 81.1656
112 85.5122
170 0.2019
228 0.323297
55 73.5832
113 81.4008
171 0.0875069
229 0.327419
56 66.9401
114 90.8246
172 0.219
230 0.405536
57 83.5048
115 89.4689
173 54.0268
231 0.617742
58 85.9283
116 81.7931
174 58.4078
;


param ScenO :=
1 102.07
59 83.21
117 48.49
175 35.01
2 86.31
60 76.02
118 59.1
176 42
3 82.33
61 58.1
119 75
177 48.51
4 78.77
62 52.99
120 83.99
178 62.55
5 70
63 48
121 0.117
179 82.67
6 62.06
64 43.68
122 0
180 81.3
7 59.01
65 47
123 0.135
181 77
8 76.02
66 54.79
124 0
182 0.42
9 79.39
67 75
125 0.15
183 0.559
10 86.31
68 84
126 0
184 0.407
11 88.21
69 81.5
127 108.07
185 0.416
12 76.02
70 80
128 50.14
186 0.401
13 58.1
71 75
129 50.14
187 0.193
14 52.99
72 59
130 50.14
188 0.459
15 48
73 102.3
131 64.96
189 0.002
16 42.04
74 82.35
132 73.36
190 0.513
17 46.49
75 75
133 74.97
191 0
18 54.1
76 78.77
134 66.42
192 0.517
19 75
77 71.5
135 50.14
193 0
20 84
78 62.06
136 52.38
194 74
21 81.5
79 58.92
137 46
195 60
22 80
80 72.02
138 44
196 70.4
23 75
81 68.32
139 46.5
197 43
24 56.85
82 72.32
140 58
198 0.476
25 17.8
83 74.32
141 75
199 0
26 17
84 70.72
142 84
200 0.437
27 17.44
85 61.4
143 81.5
201 0
28 20.12
86 57
144 0.161
202 0.436
29 25.24
87 52.8
145 0
203 0
30 28.76
88 49.44
146 0.163
204 0.437
31 30.04
89 56.48
147 0
205 0
32 21.88
90 68.53
148 0.157
206 0.412
33 15.84
91 74.06
149 0.018
207 0
34 13.96
92 84
150 0.14
208 0.667777
35 14.48
93 81.5
151 0.204
209 0.660989
36 55
94 80
152 44.59
210 0.591522
37 63.08
95 75
153 41.66
211 0.787863
38 54.96
96 60.3
154 51.39
212 1.5
39 49.04
97 0.095
155 51
213 1.51515
40 56.48
98 0
156 43.96
214 1.62667
41 60
99 0.101
157 49.81
215 0.544462
42 75.2
100 0
158 43.7
216 0.88588
43 43.04
101 100
159 45.03
217 0.629939
44 15.6
102 84.7
160 49.07
218 0.540868
45 16
103 65.86
161 59.51
219 0.357537
46 17.28
104 53.06
162 75
220 0.693287
47 21.88
105 70
163 84
221 0.138705
48 49.2
106 59
164 81.5
222 0.131042
49 102.07
107 54.31
165 0.177
223 -1.49738
50 82.35
108 58.35
166 0.426
224 0.615401
51 78.98
109 66.32
167 0.231
225 0.627172
52 77.82
110 76
168 0.582
226 0.5008
53 70
111 74.22
169 0.3
227 0.51869
54 62.06
112 67.42
170 0.641
228 1.16123
55 59.01
113 54.31
171 0.379
229 0.68175
56 75.53
114 52.99
172 0.632
230 0.988133
57 77.78
115 48.51
173 43
231 0.811609
58 80.02
116 44.04
174 44.28
;


param Scen0 :=
1 1 116.165000
2 1 98.694700
3 1 91.464100
4 1 89.008200
5 1 88.246400
6 1 71.501800
7 1 75.191900
8 1 67.547300
9 1 55.023200
10 1 55.555500
11 1 60.775300
12 1 56.698100
13 1 59.770000
14 1 65.400000
15 1 55.807600
16 1 52.572400
17 1 46.486100
18 1 36.565700
19 1 61.775500
20 1 63.657900
21 1 83.496800
22 1 72.337000
23 1 90.894400
24 1 81.829600
25 1 25.802900
26 1 31.853700
27 1 32.910600
28 1 36.266600
29 1 40.476800
30 1 36.112900
31 1 37.690700
32 1 34.346600
33 1 34.672000
34 1 57.989600
35 1 39.394500
36 1 38.875900
37 1 52.346700
38 1 46.080000
39 1 50.604200
40 1 37.921400
41 1 65.894800
42 1 76.373800
43 1 70.919400
44 1 45.087300
45 1 33.253000
46 1 14.807400
47 1 3.700480
48 1 19.869000
49 1 83.741400
50 1 85.126900
51 1 85.980100
52 1 78.701400
53 1 72.268300
54 1 92.387800
55 1 76.750600
56 1 71.020700
57 1 83.449000
58 1 87.044300
59 1 83.207500
60 1 67.486100
61 1 59.726400
62 1 68.714300
63 1 60.147600
64 1 39.329500
65 1 30.810100
66 1 41.471900
67 1 56.132400
68 1 70.146900
69 1 69.285500
70 1 65.409400
71 1 74.204100
72 1 68.193700
73 1 100.342000
74 1 112.101000
75 1 100.920000
76 1 101.181000
77 1 99.394700
78 1 93.903500
79 1 82.118900
80 1 84.236600
81 1 93.224400
82 1 91.438700
83 1 76.778400
84 1 62.507800
85 1 64.706100
86 1 68.917600
87 1 69.020200
88 1 57.747800
89 1 63.690000
90 1 70.534000
91 1 85.586100
92 1 97.353000
93 1 79.822900
94 1 72.394500
95 1 86.574200
96 1 82.162700
97 1 0.116756
98 1 0.000000
99 1 0.170640
100 1 0.000000
101 1 88.689400
102 1 89.711100
103 1 84.479000
104 1 73.462700
105 1 75.876700
106 1 72.308200
107 1 79.885100
108 1 79.011500
109 1 55.658900
110 1 40.216000
111 1 69.216200
112 1 65.408300
113 1 58.985100
114 1 69.020300
115 1 73.162700
116 1 62.940200
117 1 47.125100
118 1 79.923100
119 1 88.304800
120 1 82.956200
121 1 0.217244
122 1 0.000000
123 1 0.216747
124 1 0.000000
125 1 0.222991
126 1 0.000000
127 1 76.868700
128 1 94.054600
129 1 72.995800
130 1 44.176300
131 1 43.147200
132 1 58.916300
133 1 60.720200
134 1 58.102500
135 1 61.819800
136 1 62.367200
137 1 54.829300
138 1 34.129600
139 1 34.640300
140 1 46.066900
141 1 59.096500
142 1 61.951100
143 1 65.291800
144 1 0.197835
145 1 0.000000
146 1 0.169158
147 1 0.000000
148 1 0.137116
149 1 0.000100
150 1 0.119034
151 1 0.040900
152 1 63.815300
153 1 66.657000
154 1 54.286300
155 1 62.519500
156 1 72.290900
157 1 38.969500
158 1 46.415300
159 1 39.660500
160 1 28.534000
161 1 45.927600
162 1 68.147900
163 1 79.840000
164 1 86.316600
165 1 0.075993
166 1 0.071500
167 1 0.000000
168 1 0.101600
169 1 0.000000
170 1 0.078100
171 1 0.000000
172 1 0.594700
173 1 79.482700
174 1 63.890700
175 1 62.059900
176 1 52.320100
177 1 52.169600
178 1 61.280100
179 1 79.179600
180 1 84.495900
181 1 82.844900
182 1 0.000000
183 1 0.418400
184 1 0.000000
185 1 0.452500
186 1 0.000000
187 1 0.651500
188 1 0.000000
189 1 0.000000
190 1 0.043420
191 1 0.000000
192 1 0.005883
193 1 0.000000
194 1 87.013200
195 1 92.138800
196 1 71.633300
197 1 72.333200
198 1 0.028082
199 1 0.000000
200 1 0.073585
201 1 0.000000
202 1 0.015286
203 1 0.000000
204 1 0.115547
205 1 0.000000
206 1 0.224524
207 1 0.000000
208 1 0.510915
209 1 0.000000
210 1 8.892720
211 1 0.000000
212 1 3.099790
213 1 0.000000
214 1 0.398375
215 1 5.021640
216 1 0.625899
217 1 0.000000
218 1 4.410560
219 1 2.016920
220 1 6.048040
221 1 0.095659
222 1 0.220969
223 1 152.003000
224 1 0.000000
225 1 0.000000
226 1 3.630740
227 1 0.935887
228 1 0.570985
229 1 0.329098
230 1 0.484626
231 1 0.421378
1 2 116.165000
2 2 98.694700
3 2 91.464100
4 2 89.008200
5 2 88.246400
6 2 71.501800
7 2 75.191900
8 2 67.547300
9 2 55.023200
10 2 55.555500
11 2 60.775300
12 2 56.698100
13 2 59.770000
14 2 65.400000
15 2 55.807600
16 2 52.572400
17 2 46.486100
18 2 36.565700
19 2 61.775500
20 2 63.657900
21 2 83.496800
22 2 72.337000
23 2 90.894400
24 2 81.829600
25 2 25.802900
26 2 31.853700
27 2 32.910600
28 2 36.266600
29 2 40.476800
30 2 36.112900
31 2 37.690700
32 2 34.346600
33 2 34.672000
34 2 57.989600
35 2 39.394500
36 2 38.875900
37 2 52.346700
38 2 46.080000
39 2 50.604200
40 2 37.921400
41 2 65.894800
42 2 76.373800
43 2 70.919400
44 2 45.087300
45 2 33.253000
46 2 14.807400
47 2 3.700480
48 2 19.869000
49 2 83.741400
50 2 85.126900
51 2 85.980100
52 2 78.701400
53 2 72.268300
54 2 92.387800
55 2 76.750600
56 2 71.020700
57 2 83.449000
58 2 87.044300
59 2 83.207500
60 2 67.486100
61 2 59.726400
62 2 68.714300
63 2 60.147600
64 2 39.329500
65 2 30.810100
66 2 41.471900
67 2 56.132400
68 2 70.146900
69 2 69.285500
70 2 65.409400
71 2 74.204100
72 2 68.193700
73 2 100.342000
74 2 112.101000
75 2 100.920000
76 2 101.181000
77 2 99.394700
78 2 93.903500
79 2 82.118900
80 2 84.236600
81 2 93.224400
82 2 91.438700
83 2 76.778400
84 2 62.507800
85 2 64.706100
86 2 68.917600
87 2 69.020200
88 2 57.747800
89 2 63.690000
90 2 70.534000
91 2 85.586100
92 2 97.353000
93 2 79.822900
94 2 72.394500
95 2 86.574200
96 2 82.162700
97 2 0.116756
98 2 0.000000
99 2 0.170640
100 2 0.000000
101 2 88.689400
102 2 89.711100
103 2 84.479000
104 2 73.462700
105 2 75.876700
106 2 72.308200
107 2 79.885100
108 2 79.011500
109 2 55.658900
110 2 40.216000
111 2 69.216200
112 2 65.408300
113 2 58.985100
114 2 69.020300
115 2 73.162700
116 2 62.940200
117 2 47.125100
118 2 79.923100
119 2 88.304800
120 2 82.956200
121 2 0.217244
122 2 0.000000
123 2 0.216747
124 2 0.000000
125 2 0.222991
126 2 0.000000
127 2 76.868700
128 2 94.054600
129 2 72.995800
130 2 44.176300
131 2 43.147200
132 2 58.916300
133 2 60.720200
134 2 58.102500
135 2 61.819800
136 2 62.367200
137 2 54.829300
138 2 34.129600
139 2 34.640300
140 2 46.066900
141 2 59.096500
142 2 61.951100
143 2 65.291800
144 2 0.197835
145 2 0.000000
146 2 0.169158
147 2 0.000000
148 2 0.137116
149 2 0.000100
150 2 0.119034
151 2 0.040900
152 2 63.815300
153 2 66.657000
154 2 54.286300
155 2 62.519500
156 2 72.290900
157 2 38.969500
158 2 46.415300
159 2 39.660500
160 2 28.534000
161 2 45.927600
162 2 68.147900
163 2 79.840000
164 2 86.316600
165 2 0.075993
166 2 0.071500
167 2 0.131348
168 2 0.053300
169 2 0.110603
170 2 0.276300
171 2 0.084481
172 2 0.985800
173 2 46.885500
174 2 49.485300
175 2 42.454600
176 2 28.032700
177 2 17.720000
178 2 25.446300
179 2 67.119500
180 2 99.447900
181 2 112.301000
182 2 0.057609
183 2 0.086400
184 2 0.000000
185 2 0.056600
186 2 0.008317
187 2 0.066500
188 2 0.021158
189 2 0.000000
190 2 0.009979
191 2 0.000000
192 2 0.014296
193 2 0.000000
194 2 92.558100
195 2 81.987300
196 2 79.339800
197 2 75.725000
198 2 0.000000
199 2 0.000000
200 2 0.000000
201 2 0.000000
202 2 0.000000
203 2 0.000000
204 2 0.001014
205 2 0.000000
206 2 0.032967
207 2 0.000000
208 2 0.580396
209 2 0.000000
210 2 23.909100
211 2 0.000000
212 2 0.412971
213 2 0.000000
214 2 0.133305
215 2 2.501060
216 2 0.629505
217 2 0.698122
218 2 3.596520
219 2 2.880000
220 2 5.643330
221 2 2.737500
222 2 2.536590
223 2 204.649000
224 2 0.000000
225 2 9.972830
226 2 1.718390
227 2 0.977832
228 2 0.833886
229 2 0.497916
230 2 0.607346
231 2 0.479366
1 3 116.165000
2 3 98.694700
3 3 91.464100
4 3 89.008200
5 3 88.246400
6 3 71.501800
7 3 75.191900
8 3 67.547300
9 3 55.023200
10 3 55.555500
11 3 60.775300
12 3 56.698100
13 3 59.770000
14 3 65.400000
15 3 55.807600
16 3 52.572400
17 3 46.486100
18 3 36.565700
19 3 61.775500
20 3 63.657900
21 3 83.496800
22 3 72.337000
23 3 90.894400
24 3 81.829600
25 3 25.802900
26 3 31.853700
27 3 32.910600
28 3 36.266600
29 3 40.476800
30 3 36.112900
31 3 37.690700
32 3 34.346600
33 3 34.672000
34 3 57.989600
35 3 39.394500
36 3 38.875900
37 3 52.346700
38 3 46.080000
39 3 50.604200
40 3 37.921400
41 3 65.894800
42 3 76.373800
43 3 70.919400
44 3 45.087300
45 3 33.253000
46 3 14.807400
47 3 3.700480
48 3 19.869000
49 3 83.741400
50 3 85.126900
51 3 85.980100
52 3 78.701400
53 3 72.268300
54 3 92.387800
55 3 76.750600
56 3 71.020700
57 3 83.449000
58 3 87.044300
59 3 83.207500
60 3 67.486100
61 3 59.726400
62 3 68.714300
63 3 60.147600
64 3 39.329500
65 3 30.810100
66 3 41.471900
67 3 56.132400
68 3 70.146900
69 3 69.285500
70 3 65.409400
71 3 74.204100
72 3 68.193700
73 3 88.849400
74 3 89.306200
75 3 87.740200
76 3 79.058600
77 3 79.836400
78 3 96.777400
79 3 89.645500
80 3 86.301300
81 3 92.308900
82 3 94.322000
83 3 89.567400
84 3 74.557300
85 3 68.823100
86 3 75.877900
87 3 75.351300
88 3 59.085000
89 3 61.428000
90 3 70.076000
91 3 87.831200
92 3 93.546200
93 3 91.935100
94 3 92.591900
95 3 97.846900
96 3 94.349700
97 3 0.149471
98 3 0.000000
99 3 0.268082
100 3 0.000000
101 3 70.484300
102 3 81.766400
103 3 86.514100
104 3 70.099600
105 3 67.358700
106 3 90.898500
107 3 85.014300
108 3 82.295800
109 3 88.563500
110 3 102.287000
111 3 106.587000
112 3 96.659800
113 3 85.884200
114 3 88.058800
115 3 88.378000
116 3 75.483600
117 3 68.382900
118 3 77.563500
119 3 100.496000
120 3 97.366300
121 3 0.381518
122 3 0.000000
123 3 0.451708
124 3 0.000000
125 3 0.546726
126 3 0.000000
127 3 80.611100
128 3 72.776400
129 3 58.887600
130 3 48.162200
131 3 47.767800
132 3 78.956000
133 3 72.929800
134 3 56.446000
135 3 54.869800
136 3 55.921300
137 3 47.130700
138 3 44.693300
139 3 49.502600
140 3 74.563900
141 3 81.550600
142 3 78.563600
143 3 88.665800
144 3 0.028700
145 3 0.000000
146 3 0.000000
147 3 0.000000
148 3 0.000000
149 3 0.000000
150 3 0.000000
151 3 0.034000
152 3 65.777600
153 3 60.214400
154 3 24.626100
155 3 42.400700
156 3 45.297700
157 3 52.982400
158 3 57.928600
159 3 55.510400
160 3 41.315900
161 3 27.833200
162 3 48.616500
163 3 74.004900
164 3 77.284200
165 3 0.000000
166 3 0.035600
167 3 0.000000
168 3 0.038200
169 3 0.000000
170 3 0.192900
171 3 0.000000
172 3 0.749300
173 3 50.086500
174 3 46.605300
175 3 44.050700
176 3 40.620300
177 3 57.389300
178 3 77.924300
179 3 102.128000
180 3 88.510000
181 3 120.873000
182 3 0.000000
183 3 0.074200
184 3 0.000000
185 3 0.119700
186 3 0.000000
187 3 0.051300
188 3 0.018071
189 3 0.000000
190 3 0.011905
191 3 0.000000
192 3 0.015217
193 3 0.000000
194 3 119.033000
195 3 103.016000
196 3 96.851700
197 3 72.005200
198 3 0.022228
199 3 0.000000
200 3 0.025825
201 3 0.000000
202 3 0.043377
203 3 0.000000
204 3 0.072631
205 3 0.000000
206 3 0.125603
207 3 0.000000
208 3 0.000000
209 3 0.000000
210 3 0.000000
211 3 0.000000
212 3 0.000000
213 3 0.099488
214 3 0.665573
215 3 4.975870
216 3 0.570592
217 3 0.388953
218 3 3.050100
219 3 1.777220
220 3 3.976250
221 3 0.611958
222 3 1.037840
223 3 156.561000
224 3 0.000000
225 3 4.177980
226 3 0.718467
227 3 0.567798
228 3 0.459684
229 3 0.122577
230 3 0.213897
231 3 0.095458
1 4 116.165000
2 4 98.694700
3 4 91.464100
4 4 89.008200
5 4 88.246400
6 4 71.501800
7 4 75.191900
8 4 67.547300
9 4 55.023200
10 4 55.555500
11 4 60.775300
12 4 56.698100
13 4 59.770000
14 4 65.400000
15 4 55.807600
16 4 52.572400
17 4 46.486100
18 4 36.565700
19 4 61.775500
20 4 63.657900
21 4 83.496800
22 4 72.337000
23 4 90.894400
24 4 81.829600
25 4 25.802900
26 4 31.853700
27 4 32.910600
28 4 36.266600
29 4 40.476800
30 4 36.112900
31 4 37.690700
32 4 34.346600
33 4 34.672000
34 4 57.989600
35 4 39.394500
36 4 38.875900
37 4 52.346700
38 4 46.080000
39 4 50.604200
40 4 37.921400
41 4 65.894800
42 4 76.373800
43 4 70.919400
44 4 45.087300
45 4 33.253000
46 4 14.807400
47 4 3.700480
48 4 19.869000
49 4 83.741400
50 4 85.126900
51 4 85.980100
52 4 78.701400
53 4 72.268300
54 4 92.387800
55 4 76.750600
56 4 71.020700
57 4 83.449000
58 4 87.044300
59 4 83.207500
60 4 67.486100
61 4 59.726400
62 4 68.714300
63 4 60.147600
64 4 39.329500
65 4 30.810100
66 4 41.471900
67 4 56.132400
68 4 70.146900
69 4 69.285500
70 4 65.409400
71 4 74.204100
72 4 68.193700
73 4 100.342000
74 4 112.101000
75 4 100.920000
76 4 101.181000
77 4 99.394700
78 4 93.903500
79 4 82.118900
80 4 84.236600
81 4 93.224400
82 4 91.438700
83 4 76.778400
84 4 62.507800
85 4 64.706100
86 4 68.917600
87 4 69.020200
88 4 57.747800
89 4 63.690000
90 4 70.534000
91 4 85.586100
92 4 97.353000
93 4 79.822900
94 4 72.394500
95 4 86.574200
96 4 82.162700
97 4 0.116756
98 4 0.000000
99 4 0.170640
100 4 0.000000
101 4 88.689400
102 4 89.711100
103 4 84.479000
104 4 73.462700
105 4 75.876700
106 4 72.308200
107 4 79.885100
108 4 79.011500
109 4 55.658900
110 4 40.216000
111 4 69.216200
112 4 65.408300
113 4 58.985100
114 4 69.020300
115 4 73.162700
116 4 62.940200
117 4 47.125100
118 4 79.923100
119 4 88.304800
120 4 82.956200
121 4 0.217244
122 4 0.000000
123 4 0.216747
124 4 0.000000
125 4 0.222991
126 4 0.000000
127 4 76.868700
128 4 94.054600
129 4 72.995800
130 4 44.176300
131 4 43.147200
132 4 58.916300
133 4 60.720200
134 4 58.102500
135 4 61.819800
136 4 62.367200
137 4 54.829300
138 4 34.129600
139 4 34.640300
140 4 46.066900
141 4 59.096500
142 4 61.951100
143 4 65.291800
144 4 0.197835
145 4 0.000000
146 4 0.169158
147 4 0.000000
148 4 0.137116
149 4 0.000100
150 4 0.119034
151 4 0.040900
152 4 63.815300
153 4 66.657000
154 4 54.286300
155 4 62.519500
156 4 72.290900
157 4 38.969500
158 4 46.415300
159 4 39.660500
160 4 28.534000
161 4 45.927600
162 4 68.147900
163 4 79.840000
164 4 86.316600
165 4 0.075993
166 4 0.071500
167 4 0.009816
168 4 0.124900
169 4 0.009940
170 4 0.141700
171 4 0.000000
172 4 0.201200
173 4 63.349600
174 4 68.401800
175 4 68.686000
176 4 54.191800
177 4 56.474400
178 4 64.398000
179 4 96.103100
180 4 104.678000
181 4 111.590000
182 4 0.000000
183 4 0.039400
184 4 0.000000
185 4 0.051600
186 4 0.000000
187 4 0.137900
188 4 0.000000
189 4 0.000000
190 4 0.000000
191 4 0.000000
192 4 0.000000
193 4 0.000000
194 4 123.179000
195 4 70.539800
196 4 63.831200
197 4 59.840400
198 4 0.001753
199 4 0.000000
200 4 0.013063
201 4 0.000000
202 4 0.045603
203 4 0.000000
204 4 0.101185
205 4 0.000000
206 4 0.148113
207 4 0.000000
208 4 0.276422
209 4 0.319304
210 4 0.000000
211 4 1.020590
212 4 2.566480
213 4 0.000000
214 4 0.915573
215 4 7.694610
216 4 0.769734
217 4 0.000000
218 4 1.892610
219 4 1.367200
220 4 4.188660
221 4 1.505250
222 4 2.241220
223 4 191.719000
224 4 0.000000
225 4 4.917550
226 4 1.594070
227 4 0.682473
228 4 0.609886
229 4 0.303103
230 4 0.414354
231 4 0.398310
1 5 116.165000
2 5 98.694700
3 5 91.464100
4 5 89.008200
5 5 88.246400
6 5 71.501800
7 5 75.191900
8 5 67.547300
9 5 55.023200
10 5 55.555500
11 5 60.775300
12 5 56.698100
13 5 59.770000
14 5 65.400000
15 5 55.807600
16 5 52.572400
17 5 46.486100
18 5 36.565700
19 5 61.775500
20 5 63.657900
21 5 83.496800
22 5 72.337000
23 5 90.894400
24 5 81.829600
25 5 25.802900
26 5 31.853700
27 5 32.910600
28 5 36.266600
29 5 40.476800
30 5 36.112900
31 5 37.690700
32 5 34.346600
33 5 34.672000
34 5 57.989600
35 5 39.394500
36 5 38.875900
37 5 52.346700
38 5 46.080000
39 5 50.604200
40 5 37.921400
41 5 65.894800
42 5 76.373800
43 5 70.919400
44 5 45.087300
45 5 33.253000
46 5 14.807400
47 5 3.700480
48 5 19.869000
49 5 83.741400
50 5 85.126900
51 5 85.980100
52 5 78.701400
53 5 72.268300
54 5 92.387800
55 5 76.750600
56 5 71.020700
57 5 83.449000
58 5 87.044300
59 5 83.207500
60 5 67.486100
61 5 59.726400
62 5 68.714300
63 5 60.147600
64 5 39.329500
65 5 30.810100
66 5 41.471900
67 5 56.132400
68 5 70.146900
69 5 69.285500
70 5 65.409400
71 5 74.204100
72 5 68.193700
73 5 100.342000
74 5 112.101000
75 5 100.920000
76 5 101.181000
77 5 99.394700
78 5 93.903500
79 5 82.118900
80 5 84.236600
81 5 93.224400
82 5 91.438700
83 5 76.778400
84 5 62.507800
85 5 64.706100
86 5 68.917600
87 5 69.020200
88 5 57.747800
89 5 63.690000
90 5 70.534000
91 5 85.586100
92 5 97.353000
93 5 79.822900
94 5 72.394500
95 5 86.574200
96 5 82.162700
97 5 0.116756
98 5 0.000000
99 5 0.170640
100 5 0.000000
101 5 88.689400
102 5 89.711100
103 5 84.479000
104 5 73.462700
105 5 75.876700
106 5 72.308200
107 5 79.885100
108 5 79.011500
109 5 55.658900
110 5 40.216000
111 5 69.216200
112 5 65.408300
113 5 58.985100
114 5 69.020300
115 5 73.162700
116 5 62.940200
117 5 47.125100
118 5 79.923100
119 5 88.304800
120 5 82.956200
121 5 0.217244
122 5 0.000000
123 5 0.216747
124 5 0.000000
125 5 0.222991
126 5 0.000000
127 5 76.868700
128 5 94.054600
129 5 72.995800
130 5 44.176300
131 5 43.147200
132 5 58.916300
133 5 60.720200
134 5 58.102500
135 5 61.819800
136 5 62.367200
137 5 54.829300
138 5 34.129600
139 5 34.640300
140 5 46.066900
141 5 59.096500
142 5 61.951100
143 5 65.291800
144 5 0.197835
145 5 0.000000
146 5 0.169158
147 5 0.000000
148 5 0.137116
149 5 0.000100
150 5 0.119034
151 5 0.040900
152 5 63.815300
153 5 66.657000
154 5 54.286300
155 5 62.519500
156 5 72.290900
157 5 38.969500
158 5 46.415300
159 5 39.660500
160 5 28.534000
161 5 45.927600
162 5 68.147900
163 5 79.840000
164 5 86.316600
165 5 0.075993
166 5 0.071500
167 5 0.082004
168 5 0.800300
169 5 0.132289
170 5 0.049000
171 5 0.138739
172 5 0.078800
173 5 57.004600
174 5 62.117400
175 5 57.978400
176 5 36.217700
177 5 59.406500
178 5 80.014400
179 5 88.933100
180 5 97.635200
181 5 74.471700
182 5 0.157041
183 5 0.197400
184 5 0.175414
185 5 0.133100
186 5 0.181483
187 5 0.009500
188 5 0.147132
189 5 0.000000
190 5 0.076449
191 5 0.000000
192 5 0.056265
193 5 0.000000
194 5 91.590500
195 5 75.302400
196 5 60.581000
197 5 60.504500
198 5 0.067408
199 5 0.000000
200 5 0.055467
201 5 0.000000
202 5 0.047156
203 5 0.000000
204 5 0.068351
205 5 0.000000
206 5 0.115461
207 5 0.000000
208 5 0.351992
209 5 0.000000
210 5 4.164100
211 5 0.000000
212 5 3.711470
213 5 1.674780
214 5 0.734911
215 5 5.599830
216 5 0.113192
217 5 0.000000
218 5 1.765600
219 5 0.858424
220 5 2.819250
221 5 1.186290
222 5 2.325290
223 5 231.093000
224 5 0.000000
225 5 4.703540
226 5 1.587690
227 5 0.734289
228 5 0.931076
229 5 0.474430
230 5 0.612003
231 5 0.476228
1 6 116.165000
2 6 98.694700
3 6 91.464100
4 6 89.008200
5 6 88.246400
6 6 71.501800
7 6 75.191900
8 6 67.547300
9 6 55.023200
10 6 55.555500
11 6 60.775300
12 6 56.698100
13 6 59.770000
14 6 65.400000
15 6 55.807600
16 6 52.572400
17 6 46.486100
18 6 36.565700
19 6 61.775500
20 6 63.657900
21 6 83.496800
22 6 72.337000
23 6 90.894400
24 6 81.829600
25 6 25.802900
26 6 31.853700
27 6 32.910600
28 6 36.266600
29 6 40.476800
30 6 36.112900
31 6 37.690700
32 6 34.346600
33 6 34.672000
34 6 57.989600
35 6 39.394500
36 6 38.875900
37 6 52.346700
38 6 46.080000
39 6 50.604200
40 6 37.921400
41 6 65.894800
42 6 76.373800
43 6 70.919400
44 6 45.087300
45 6 33.253000
46 6 14.807400
47 6 3.700480
48 6 19.869000
49 6 83.741400
50 6 85.126900
51 6 85.980100
52 6 78.701400
53 6 72.268300
54 6 92.387800
55 6 76.750600
56 6 71.020700
57 6 83.449000
58 6 87.044300
59 6 83.207500
60 6 67.486100
61 6 59.726400
62 6 68.714300
63 6 60.147600
64 6 39.329500
65 6 30.810100
66 6 41.471900
67 6 56.132400
68 6 70.146900
69 6 69.285500
70 6 65.409400
71 6 74.204100
72 6 68.193700
73 6 100.342000
74 6 112.101000
75 6 100.920000
76 6 101.181000
77 6 99.394700
78 6 93.903500
79 6 82.118900
80 6 84.236600
81 6 93.224400
82 6 91.438700
83 6 76.778400
84 6 62.507800
85 6 64.706100
86 6 68.917600
87 6 69.020200
88 6 57.747800
89 6 63.690000
90 6 70.534000
91 6 85.586100
92 6 97.353000
93 6 79.822900
94 6 72.394500
95 6 86.574200
96 6 82.162700
97 6 0.116756
98 6 0.000000
99 6 0.170640
100 6 0.000000
101 6 88.689400
102 6 89.711100
103 6 84.479000
104 6 73.462700
105 6 75.876700
106 6 72.308200
107 6 79.885100
108 6 79.011500
109 6 55.658900
110 6 40.216000
111 6 69.216200
112 6 65.408300
113 6 58.985100
114 6 69.020300
115 6 73.162700
116 6 62.940200
117 6 47.125100
118 6 79.923100
119 6 88.304800
120 6 82.956200
121 6 0.217244
122 6 0.000000
123 6 0.216747
124 6 0.000000
125 6 0.222991
126 6 0.000000
127 6 76.868700
128 6 94.054600
129 6 72.995800
130 6 44.176300
131 6 43.147200
132 6 58.916300
133 6 60.720200
134 6 58.102500
135 6 61.819800
136 6 62.367200
137 6 54.829300
138 6 34.129600
139 6 34.640300
140 6 46.066900
141 6 59.096500
142 6 61.951100
143 6 65.291800
144 6 0.197835
145 6 0.000000
146 6 0.169158
147 6 0.000000
148 6 0.137116
149 6 0.000100
150 6 0.119034
151 6 0.040900
152 6 63.815300
153 6 66.657000
154 6 54.286300
155 6 62.519500
156 6 72.290900
157 6 38.969500
158 6 46.415300
159 6 39.660500
160 6 28.534000
161 6 45.927600
162 6 68.147900
163 6 79.840000
164 6 86.316600
165 6 0.075993
166 6 0.071500
167 6 0.131348
168 6 0.053300
169 6 0.110603
170 6 0.276300
171 6 0.084481
172 6 0.985800
173 6 46.885500
174 6 49.485300
175 6 42.454600
176 6 28.032700
177 6 17.720000
178 6 25.446300
179 6 67.119500
180 6 99.447900
181 6 112.301000
182 6 0.187964
183 6 1.157200
184 6 0.173916
185 6 0.179400
186 6 0.154504
187 6 0.224200
188 6 0.116726
189 6 0.000000
190 6 0.055874
191 6 0.000000
192 6 0.040899
193 6 0.000000
194 6 124.780000
195 6 116.439000
196 6 106.905000
197 6 58.124300
198 6 0.061376
199 6 0.000000
200 6 0.087928
201 6 0.000000
202 6 0.126304
203 6 0.000000
204 6 0.168673
205 6 0.000000
206 6 0.211062
207 6 0.000000
208 6 0.420832
209 6 0.000000
210 6 0.000000
211 6 0.000000
212 6 1.899300
213 6 0.227350
214 6 0.982358
215 6 7.209280
216 6 0.840487
217 6 0.560906
218 6 2.894830
219 6 1.026310
220 6 4.507280
221 6 1.956020
222 6 0.524301
223 6 124.683000
224 6 0.000000
225 6 6.322630
226 6 0.669184
227 6 0.426651
228 6 0.203779
229 6 0.491358
230 6 0.476848
231 6 0.303104
1 7 123.808000
2 7 105.385000
3 7 99.850400
4 7 95.568800
5 7 99.149000
6 7 91.704500
7 7 78.173000
8 7 64.049500
9 7 58.620500
10 7 57.960800
11 7 71.329600
12 7 53.960100
13 7 57.519600
14 7 63.356300
15 7 61.700400
16 7 52.225900
17 7 46.200400
18 7 35.149300
19 7 68.964100
20 7 74.664000
21 7 92.772000
22 7 75.041100
23 7 81.650900
24 7 82.602600
25 7 33.290100
26 7 50.976600
27 7 34.638200
28 7 30.825200
29 7 36.945200
30 7 41.573000
31 7 41.791600
32 7 40.636700
33 7 42.596700
34 7 50.370100
35 7 34.113100
36 7 32.710300
37 7 22.503500
38 7 26.685600
39 7 30.434200
40 7 31.095700
41 7 52.252200
42 7 50.734900
43 7 41.027200
44 7 19.885800
45 7 19.232100
46 7 16.165200
47 7 10.304100
48 7 2.566210
49 7 101.324000
50 7 84.210100
51 7 78.103400
52 7 77.631300
53 7 74.842800
54 7 68.997300
55 7 70.163500
56 7 64.595400
57 7 78.146900
58 7 87.509500
59 7 75.777500
60 7 67.255700
61 7 61.876000
62 7 63.426800
63 7 62.353400
64 7 57.774700
65 7 53.755300
66 7 54.083000
67 7 80.401700
68 7 108.697000
69 7 105.277000
70 7 98.917100
71 7 95.378600
72 7 83.354800
73 7 105.651000
74 7 103.976000
75 7 92.456400
76 7 95.478500
77 7 94.335700
78 7 99.495600
79 7 95.122200
80 7 78.034800
81 7 79.149600
82 7 78.807000
83 7 69.700600
84 7 64.461800
85 7 65.249500
86 7 67.459400
87 7 68.854700
88 7 64.325800
89 7 67.432000
90 7 69.395500
91 7 94.490300
92 7 119.103000
93 7 114.471000
94 7 108.849000
95 7 104.972000
96 7 91.985900
97 7 0.094508
98 7 0.000000
99 7 0.115274
100 7 0.000000
101 7 82.102100
102 7 83.440500
103 7 83.518500
104 7 81.946900
105 7 71.870200
106 7 78.726400
107 7 88.029200
108 7 95.729900
109 7 101.578000
110 7 104.718000
111 7 120.500000
112 7 115.697000
113 7 112.942000
114 7 120.548000
115 7 123.452000
116 7 122.277000
117 7 114.139000
118 7 106.512000
119 7 131.989000
120 7 133.419000
121 7 0.127472
122 7 0.000000
123 7 0.131348
124 7 0.000000
125 7 0.138146
126 7 0.000000
127 7 110.476000
128 7 95.994300
129 7 82.950700
130 7 64.815600
131 7 76.881900
132 7 87.960100
133 7 62.824100
134 7 70.163900
135 7 72.319100
136 7 74.183100
137 7 64.188800
138 7 28.923000
139 7 33.439600
140 7 49.693900
141 7 39.542900
142 7 39.270000
143 7 38.894900
144 7 0.132503
145 7 0.000000
146 7 0.108341
147 7 0.000000
148 7 0.024142
149 7 0.000100
150 7 0.000000
151 7 0.114600
152 7 104.425000
153 7 100.914000
154 7 42.641800
155 7 64.538300
156 7 24.928400
157 7 23.467800
158 7 9.899140
159 7 0.000000
160 7 0.000000
161 7 6.247040
162 7 18.784200
163 7 43.735800
164 7 72.721100
165 7 0.000000
166 7 0.309800
167 7 0.000000
168 7 0.754100
169 7 0.000000
170 7 0.573200
171 7 0.000000
172 7 0.139700
173 7 70.006400
174 7 73.900400
175 7 76.813000
176 7 37.712800
177 7 36.137700
178 7 46.017300
179 7 68.266600
180 7 81.382400
181 7 86.744300
182 7 0.000000
183 7 0.087200
184 7 0.000000
185 7 0.028100
186 7 0.000000
187 7 0.014400
188 7 0.000000
189 7 0.000000
190 7 0.000000
191 7 0.000000
192 7 0.000000
193 7 0.000000
194 7 98.845000
195 7 93.290900
196 7 77.749600
197 7 59.151700
198 7 0.000000
199 7 0.000000
200 7 0.000000
201 7 0.000000
202 7 0.000000
203 7 0.000000
204 7 0.000000
205 7 0.000000
206 7 0.069862
207 7 0.000000
208 7 0.646358
209 7 0.227488
210 7 11.816700
211 7 1.131660
212 7 2.444240
213 7 1.609720
214 7 1.126220
215 7 10.363500
216 7 0.926965
217 7 0.073852
218 7 3.433260
219 7 2.301240
220 7 5.234330
221 7 1.181040
222 7 1.443290
223 7 223.337000
224 7 0.000000
225 7 1.520520
226 7 1.399140
227 7 0.680532
228 7 0.708989
229 7 0.291246
230 7 0.260274
231 7 0.244805
1 8 123.808000
2 8 105.385000
3 8 99.850400
4 8 95.568800
5 8 99.149000
6 8 91.704500
7 8 78.173000
8 8 64.049500
9 8 58.620500
10 8 57.960800
11 8 71.329600
12 8 53.960100
13 8 57.519600
14 8 63.356300
15 8 61.700400
16 8 52.225900
17 8 46.200400
18 8 35.149300
19 8 68.964100
20 8 74.664000
21 8 92.772000
22 8 75.041100
23 8 81.650900
24 8 82.602600
25 8 33.290100
26 8 50.976600
27 8 34.638200
28 8 30.825200
29 8 36.945200
30 8 41.573000
31 8 41.791600
32 8 40.636700
33 8 42.596700
34 8 50.370100
35 8 34.113100
36 8 32.710300
37 8 22.503500
38 8 26.685600
39 8 30.434200
40 8 31.095700
41 8 52.252200
42 8 50.734900
43 8 41.027200
44 8 19.885800
45 8 19.232100
46 8 16.165200
47 8 10.304100
48 8 2.566210
49 8 101.324000
50 8 84.210100
51 8 78.103400
52 8 77.631300
53 8 74.842800
54 8 68.997300
55 8 70.163500
56 8 64.595400
57 8 78.146900
58 8 87.509500
59 8 75.777500
60 8 67.255700
61 8 61.876000
62 8 63.426800
63 8 62.353400
64 8 57.774700
65 8 53.755300
66 8 54.083000
67 8 80.401700
68 8 108.697000
69 8 105.277000
70 8 98.917100
71 8 95.378600
72 8 83.354800
73 8 105.651000
74 8 103.976000
75 8 92.456400
76 8 95.478500
77 8 94.335700
78 8 99.495600
79 8 95.122200
80 8 78.034800
81 8 79.149600
82 8 78.807000
83 8 69.700600
84 8 64.461800
85 8 65.249500
86 8 67.459400
87 8 68.854700
88 8 64.325800
89 8 67.432000
90 8 69.395500
91 8 94.490300
92 8 119.103000
93 8 114.471000
94 8 108.849000
95 8 104.972000
96 8 91.985900
97 8 0.094508
98 8 0.000000
99 8 0.115274
100 8 0.000000
101 8 82.102100
102 8 83.440500
103 8 83.518500
104 8 81.946900
105 8 71.870200
106 8 78.726400
107 8 88.029200
108 8 95.729900
109 8 101.578000
110 8 104.718000
111 8 120.500000
112 8 115.697000
113 8 112.942000
114 8 120.548000
115 8 123.452000
116 8 122.277000
117 8 114.139000
118 8 106.512000
119 8 131.989000
120 8 133.419000
121 8 0.127472
122 8 0.000000
123 8 0.131348
124 8 0.000000
125 8 0.138146
126 8 0.000000
127 8 110.476000
128 8 95.994300
129 8 82.950700
130 8 64.815600
131 8 76.881900
132 8 87.960100
133 8 62.824100
134 8 70.163900
135 8 72.319100
136 8 74.183100
137 8 64.188800
138 8 28.923000
139 8 33.439600
140 8 49.693900
141 8 39.542900
142 8 39.270000
143 8 38.894900
144 8 0.132503
145 8 0.000000
146 8 0.108341
147 8 0.000000
148 8 0.024142
149 8 0.000100
150 8 0.000000
151 8 0.114600
152 8 104.425000
153 8 100.914000
154 8 42.641800
155 8 64.538300
156 8 24.928400
157 8 23.467800
158 8 9.899140
159 8 0.000000
160 8 0.000000
161 8 6.247040
162 8 18.784200
163 8 43.735800
164 8 72.721100
165 8 0.000000
166 8 0.309800
167 8 0.000000
168 8 0.754100
169 8 0.000000
170 8 0.573200
171 8 0.000000
172 8 0.139700
173 8 70.006400
174 8 73.900400
175 8 76.813000
176 8 37.712800
177 8 36.137700
178 8 46.017300
179 8 68.266600
180 8 81.382400
181 8 86.744300
182 8 0.000000
183 8 0.087200
184 8 0.000000
185 8 0.028100
186 8 0.000000
187 8 0.014400
188 8 0.000000
189 8 0.000000
190 8 0.000000
191 8 0.000000
192 8 0.000000
193 8 0.000000
194 8 98.845000
195 8 93.290900
196 8 77.749600
197 8 59.151700
198 8 0.000000
199 8 0.000000
200 8 0.000000
201 8 0.000000
202 8 0.000000
203 8 0.000000
204 8 0.000000
205 8 0.000000
206 8 0.069862
207 8 0.000000
208 8 0.646358
209 8 0.227488
210 8 11.816700
211 8 1.131660
212 8 2.444240
213 8 1.609720
214 8 1.126220
215 8 10.363500
216 8 0.926965
217 8 0.073852
218 8 3.433260
219 8 2.301240
220 8 5.234330
221 8 1.181040
222 8 1.443290
223 8 223.337000
224 8 0.000000
225 8 1.520520
226 8 1.399140
227 8 0.680532
228 8 0.708989
229 8 0.291246
230 8 0.260274
231 8 0.244805
1 9 116.165000
2 9 98.694700
3 9 91.464100
4 9 89.008200
5 9 88.246400
6 9 71.501800
7 9 75.191900
8 9 67.547300
9 9 55.023200
10 9 55.555500
11 9 60.775300
12 9 56.698100
13 9 59.770000
14 9 65.400000
15 9 55.807600
16 9 52.572400
17 9 46.486100
18 9 36.565700
19 9 61.775500
20 9 63.657900
21 9 83.496800
22 9 72.337000
23 9 90.894400
24 9 81.829600
25 9 25.802900
26 9 31.853700
27 9 32.910600
28 9 36.266600
29 9 40.476800
30 9 36.112900
31 9 37.690700
32 9 34.346600
33 9 34.672000
34 9 57.989600
35 9 39.394500
36 9 38.875900
37 9 52.346700
38 9 46.080000
39 9 50.604200
40 9 37.921400
41 9 65.894800
42 9 76.373800
43 9 70.919400
44 9 45.087300
45 9 33.253000
46 9 14.807400
47 9 3.700480
48 9 19.869000
49 9 83.741400
50 9 85.126900
51 9 85.980100
52 9 78.701400
53 9 72.268300
54 9 92.387800
55 9 76.750600
56 9 71.020700
57 9 83.449000
58 9 87.044300
59 9 83.207500
60 9 67.486100
61 9 59.726400
62 9 68.714300
63 9 60.147600
64 9 39.329500
65 9 30.810100
66 9 41.471900
67 9 56.132400
68 9 70.146900
69 9 69.285500
70 9 65.409400
71 9 74.204100
72 9 68.193700
73 9 88.849400
74 9 89.306200
75 9 87.740200
76 9 79.058600
77 9 79.836400
78 9 96.777400
79 9 89.645500
80 9 86.301300
81 9 92.308900
82 9 94.322000
83 9 89.567400
84 9 74.557300
85 9 68.823100
86 9 75.877900
87 9 75.351300
88 9 59.085000
89 9 61.428000
90 9 70.076000
91 9 87.831200
92 9 93.546200
93 9 91.935100
94 9 92.591900
95 9 97.846900
96 9 94.349700
97 9 0.149471
98 9 0.000000
99 9 0.268082
100 9 0.000000
101 9 70.484300
102 9 81.766400
103 9 86.514100
104 9 70.099600
105 9 67.358700
106 9 90.898500
107 9 85.014300
108 9 82.295800
109 9 88.563500
110 9 102.287000
111 9 106.587000
112 9 96.659800
113 9 85.884200
114 9 88.058800
115 9 88.378000
116 9 75.483600
117 9 68.382900
118 9 77.563500
119 9 100.496000
120 9 97.366300
121 9 0.381518
122 9 0.000000
123 9 0.451708
124 9 0.000000
125 9 0.546726
126 9 0.000000
127 9 80.611100
128 9 72.776400
129 9 58.887600
130 9 48.162200
131 9 47.767800
132 9 78.956000
133 9 72.929800
134 9 56.446000
135 9 54.869800
136 9 55.921300
137 9 47.130700
138 9 44.693300
139 9 49.502600
140 9 74.563900
141 9 81.550600
142 9 78.563600
143 9 88.665800
144 9 0.028700
145 9 0.000000
146 9 0.000000
147 9 0.000000
148 9 0.000000
149 9 0.000000
150 9 0.000000
151 9 0.034000
152 9 47.249500
153 9 38.056600
154 9 40.793200
155 9 50.284300
156 9 41.110900
157 9 37.916200
158 9 41.569700
159 9 36.110600
160 9 26.262200
161 9 28.413000
162 9 38.063300
163 9 103.392000
164 9 102.366000
165 9 0.080221
166 9 0.028800
167 9 0.078006
168 9 0.081600
169 9 0.076196
170 9 0.611400
171 9 0.072307
172 9 0.014800
173 9 54.438700
174 9 41.063200
175 9 39.403900
176 9 35.096400
177 9 50.411200
178 9 64.378400
179 9 74.464000
180 9 75.937400
181 9 74.146300
182 9 0.079195
183 9 0.063400
184 9 0.111508
185 9 0.009700
186 9 0.151123
187 9 0.003400
188 9 0.159033
189 9 0.000000
190 9 0.108201
191 9 0.000000
192 9 0.095035
193 9 0.000000
194 9 128.653000
195 9 114.740000
196 9 106.600000
197 9 66.929200
198 9 0.041821
199 9 0.000000
200 9 0.000000
201 9 0.000000
202 9 0.000000
203 9 0.000000
204 9 0.022887
205 9 0.000000
206 9 0.068466
207 9 0.000000
208 9 0.390715
209 9 0.000000
210 9 1.103390
211 9 0.125397
212 9 1.280770
213 9 1.345430
214 9 0.726348
215 9 5.168340
216 9 0.725635
217 9 0.700878
218 9 4.809600
219 9 3.702340
220 9 7.062440
221 9 1.408360
222 9 0.170356
223 9 134.157000
224 9 0.000000
225 9 1.116880
226 9 0.309619
227 9 0.634981
228 9 0.530042
229 9 0.295311
230 9 0.439323
231 9 0.402517
1 10 123.808000
2 10 105.385000
3 10 99.850400
4 10 95.568800
5 10 99.149000
6 10 91.704500
7 10 78.173000
8 10 64.049500
9 10 58.620500
10 10 57.960800
11 10 71.329600
12 10 53.960100
13 10 57.519600
14 10 63.356300
15 10 61.700400
16 10 52.225900
17 10 46.200400
18 10 35.149300
19 10 68.964100
20 10 74.664000
21 10 92.772000
22 10 75.041100
23 10 81.650900
24 10 82.602600
25 10 33.290100
26 10 50.976600
27 10 34.638200
28 10 30.825200
29 10 36.945200
30 10 41.573000
31 10 41.791600
32 10 40.636700
33 10 42.596700
34 10 50.370100
35 10 34.113100
36 10 32.710300
37 10 22.503500
38 10 26.685600
39 10 30.434200
40 10 31.095700
41 10 52.252200
42 10 50.734900
43 10 41.027200
44 10 19.885800
45 10 19.232100
46 10 16.165200
47 10 10.304100
48 10 2.566210
49 10 117.312000
50 10 99.656100
51 10 92.684400
52 10 90.821800
53 10 85.124000
54 10 84.506300
55 10 82.679300
56 10 83.302200
57 10 103.346000
58 10 105.484000
59 10 90.102900
60 10 90.215300
61 10 89.552600
62 10 94.737800
63 10 92.301100
64 10 84.265800
65 10 75.946400
66 10 78.714800
67 10 98.632900
68 10 116.510000
69 10 114.384000
70 10 106.968000
71 10 105.876000
72 10 101.525000
73 10 112.708000
74 10 89.922900
75 10 80.215300
76 10 79.386000
77 10 80.009300
78 10 79.670000
79 10 74.875300
80 10 76.192700
81 10 80.961700
82 10 75.124800
83 10 70.366500
84 10 70.863000
85 10 74.308700
86 10 80.660900
87 10 81.526800
88 10 75.148100
89 10 73.425100
90 10 77.158600
91 10 87.974800
92 10 98.287200
93 10 94.564000
94 10 100.839000
95 10 109.974000
96 10 96.262200
97 10 0.108631
98 10 0.000000
99 10 0.154456
100 10 0.000000
101 10 113.329000
102 10 81.251000
103 10 77.493400
104 10 69.415400
105 10 67.431600
106 10 58.460400
107 10 53.442900
108 10 56.852700
109 10 70.300900
110 10 80.680500
111 10 86.678600
112 10 77.008900
113 10 67.532200
114 10 75.409300
115 10 76.051300
116 10 70.427600
117 10 69.070400
118 10 81.993400
119 10 93.268600
120 10 87.120100
121 10 0.188320
122 10 0.000000
123 10 0.191636
124 10 0.000000
125 10 0.231523
126 10 0.000000
127 10 103.791000
128 10 81.973400
129 10 69.077500
130 10 56.154900
131 10 58.682900
132 10 78.728100
133 10 68.445500
134 10 59.510100
135 10 56.843200
136 10 54.142600
137 10 40.385700
138 10 27.254400
139 10 40.192600
140 10 49.766900
141 10 60.806100
142 10 76.463400
143 10 73.110800
144 10 0.266412
145 10 0.000000
146 10 0.307870
147 10 0.000000
148 10 0.350830
149 10 0.000000
150 10 0.376866
151 10 0.037500
152 10 51.837200
153 10 40.514700
154 10 7.244800
155 10 0.000000
156 10 11.902800
157 10 9.990520
158 10 9.549970
159 10 71.897600
160 10 63.557000
161 10 71.315400
162 10 89.657600
163 10 110.364000
164 10 110.590000
165 10 0.405708
166 10 0.144200
167 10 0.396621
168 10 0.047400
169 10 0.354902
170 10 0.081300
171 10 0.303109
172 10 0.277000
173 10 88.716700
174 10 80.110000
175 10 71.951300
176 10 42.764400
177 10 74.928700
178 10 82.766700
179 10 90.021800
180 10 126.305000
181 10 103.121000
182 10 0.264469
183 10 0.030300
184 10 0.264506
185 10 0.012300
186 10 0.270514
187 10 0.171900
188 10 0.217475
189 10 0.000000
190 10 0.123431
191 10 0.000000
192 10 0.110663
193 10 0.000000
194 10 120.685000
195 10 101.812000
196 10 81.029800
197 10 114.891000
198 10 0.094607
199 10 0.000000
200 10 0.067818
201 10 0.000000
202 10 0.094581
203 10 0.000000
204 10 0.131341
205 10 0.000000
206 10 0.162328
207 10 0.000000
208 10 0.541765
209 10 0.000000
210 10 0.000000
211 10 0.000000
212 10 1.439600
213 10 0.308762
214 10 1.622130
215 10 5.701640
216 10 0.677704
217 10 0.153562
218 10 2.546230
219 10 1.535380
220 10 4.859890
221 10 4.587430
222 10 0.749435
223 10 0.000000
224 10 0.000000
225 10 8.720230
226 10 1.217760
227 10 0.519697
228 10 0.603579
229 10 0.325455
230 10 0.516168
231 10 0.403323
;

param Prob0 :=
1	0.100
2	0.100
3	0.100
4	0.100
5	0.100
6	0.100
7	0.000
8	0.200
9	0.100
10	0.100
;
set c[0,5] := 5 1 2 3 4 6 7 8 9 10;
set c[1,2] := 2 5 1 3 4 6 9;
set c[1,7] := 7 8 10;
set c[2,10] := 10 7 8;
set c[2,4] := 4 2 5 1 3 6 9;
set c[3,3] := 3 4 2 5 1 6 9;
set c[3,8] := 8 7;
set c[3,10] := 10;
set c[4,10] := 10;
set c[4,8] := 8 7;
set c[4,5] := 5 4 2 1 6;
set c[4,3] := 3 9;
set c[5,1] := 1 5 4 2 6;
set c[5,8] := 8 7;
set c[5,3] := 3 9;
set c[5,10] := 10;
set c[6,10] := 10;
set c[6,8] := 8 7;
set c[6,3] := 3 9;
set c[6,2] := 2 1 5 4 6;
set c[7,3] := 3 9;
set c[7,8] := 8 7;
set c[7,1] := 1 2 5 4 6;
set c[7,10] := 10;
set c[8,1] := 1 2 5 4 6;
set c[8,8] := 8 7;
set c[8,10] := 10;
set c[8,3] := 3 9;
set c[9,8] := 8 7;
set c[9,10] := 10;
set c[9,3] := 3 9;
set c[9,2] := 2 1 5 4 6;
set c[10,3] := 3 9;
set c[10,2] := 2 1 5 4 6;
set c[10,10] := 10;
set c[10,8] := 8 7;
set c[11,10] := 10;
set c[11,4] := 4 2 1 5 6;
set c[11,8] := 8 7;
set c[11,3] := 3 9;
set c[12,8] := 8 7;
set c[12,3] := 3 9;
set c[12,6] := 6 4 2 1 5;
set c[12,10] := 10;
set c[13,3] := 3 9;
set c[13,2] := 2 6 4 1 5;
set c[13,10] := 10;
set c[13,8] := 8 7;
set c[14,8] := 8 7;
set c[14,10] := 10;
set c[14,5] := 5 2 6 4 1;
set c[14,3] := 3 9;
set c[15,3] := 3 9;
set c[15,10] := 10;
set c[15,4] := 4 5 2 6 1;
set c[15,8] := 8 7;
set c[16,10] := 10;
set c[16,8] := 8 7;
set c[16,5] := 5 4 2 6 1;
set c[16,3] := 3;
set c[16,9] := 9;
set c[17,5] := 5 4 2 6 1;
set c[17,3] := 3;
set c[17,9] := 9;
set c[17,8] := 8 7;
set c[17,10] := 10;
set c[18,3] := 3;
set c[18,9] := 9;
set c[18,10] := 10;
set c[18,8] := 8 7;
set c[18,4] := 4;
set c[18,2] := 2 6;
set c[18,1] := 1;
set c[18,5] := 5;
set c[19,8] := 8 7;
set c[19,1] := 1;
set c[19,4] := 4;
set c[19,9] := 9;
set c[19,2] := 2 6;
set c[19,10] := 10;
set c[19,5] := 5;
set c[19,3] := 3;
set c[20,1] := 1;
set c[20,5] := 5;
set c[20,2] := 2 6;
set c[20,3] := 3;
set c[20,4] := 4;
set c[20,9] := 9;
set c[20,10] := 10;
set c[20,8] := 8 7;
set c[21,3] := 3;
set c[21,2] := 2 6;
set c[21,9] := 9;
set c[21,10] := 10;
set c[21,8] := 8 7;
set c[21,4] := 4;
set c[21,5] := 5;
set c[21,1] := 1;
set c[22,4] := 4;
set c[22,5] := 5;
set c[22,10] := 10;
set c[22,8] := 8 7;
set c[22,2] := 2;
set c[22,6] := 6;
set c[22,9] := 9;
set c[22,1] := 1;
set c[22,3] := 3;
set c[23,1] := 1;
set c[23,9] := 9;
set c[23,2] := 2;
set c[23,8] := 8 7;
set c[23,10] := 10;
set c[23,5] := 5;
set c[23,6] := 6;
set c[23,3] := 3;
set c[23,4] := 4;
set c[24,4] := 4;
set c[24,3] := 3;
set c[24,6] := 6;
set c[24,9] := 9;
set c[24,8] := 8 7;
set c[24,5] := 5;
set c[24,10] := 10;
set c[24,2] := 2;
set c[24,1] := 1;
set c[25,8] := 8 7;
set c[25,3] := 3;
set c[25,10] := 10;
set c[25,5] := 5;
set c[25,6] := 6;
set c[25,1] := 1;
set c[25,2] := 2;
set c[25,9] := 9;
set c[25,4] := 4;
set c[26,10] := 10;
set c[26,5] := 5;
set c[26,2] := 2;
set c[26,1] := 1;
set c[26,3] := 3;
set c[26,9] := 9;
set c[26,4] := 4;
set c[26,6] := 6;
set c[26,8] := 8 7;
set c[27,6] := 6;
set c[27,5] := 5;
set c[27,1] := 1;
set c[27,4] := 4;
set c[27,9] := 9;
set c[27,8] := 8 7;
set c[27,3] := 3;
set c[27,2] := 2;
set c[27,10] := 10;
set c[28,10] := 10;
set c[28,3] := 3;
set c[28,9] := 9;
set c[28,2] := 2;
set c[28,8] := 8 7;
set c[28,4] := 4;
set c[28,5] := 5;
set c[28,1] := 1;
set c[28,6] := 6;
set c[29,2] := 2;
set c[29,6] := 6;
set c[29,1] := 1;
set c[29,5] := 5;
set c[29,4] := 4;
set c[29,3] := 3;
set c[29,9] := 9;
set c[29,8] := 8 7;
set c[29,10] := 10;
set c[30,5] := 5;
set c[30,8] := 8 7;
set c[30,6] := 6;
set c[30,9] := 9;
set c[30,3] := 3;
set c[30,4] := 4;
set c[30,10] := 10;
set c[30,1] := 1;
set c[30,2] := 2;
set c[31,8] := 8 7;
set c[31,9] := 9;
set c[31,3] := 3;
set c[31,10] := 10;
set c[31,4] := 4;
set c[31,6] := 6;
set c[31,1] := 1;
set c[31,2] := 2;
set c[31,5] := 5;
set c[32,6] := 6;
set c[32,4] := 4;
set c[32,1] := 1;
set c[32,3] := 3;
set c[32,2] := 2;
set c[32,9] := 9;
set c[32,10] := 10;
set c[32,5] := 5;
set c[32,8] := 8 7;
set c[33,10] := 10;
set c[33,1] := 1;
set c[33,9] := 9;
set c[33,2] := 2;
set c[33,3] := 3;
set c[33,4] := 4;
set c[33,8] := 8 7;
set c[33,5] := 5;
set c[33,6] := 6;
set c[34,1] := 1;
set c[34,3] := 3;
set c[34,9] := 9;
set c[34,4] := 4;
set c[34,2] := 2;
set c[34,8] := 8 7;
set c[34,6] := 6;
set c[34,5] := 5;
set c[34,10] := 10;

