#erel:= 0.850;
#emax:= 2390.849;
#q:= 0.000;
#nesce:=     9;
#etime:= 0.079;
#snodes:=   247;
param nS:=    10;
param nSG:=    34;
param nRVSG :=
1 24
5 2
9 2
13 2
17 2
21 9
25 2
29 2
33 2
2 24
6 2
10 2
14 2
18 2
22 2
26 2
30 2
34 24
3 24
7 20
11 17
15 2
19 2
23 2
27 2
31 2
4 24
8 2
12 2
16 13
20 2
24 2
28 4
32 2
;


param ScenF :=
1 55.7802
59 99.8935
117 76.4098
175 79.5131
2 72.9941
60 92.7501
118 80.3478
176 77.7881
3 63.8442
61 78.3384
119 98.1808
177 69.2846
4 57.0692
62 70.2555
120 97.7728
178 88.2466
5 55.9033
63 57.0835
121 0.0784383
179 115.036
6 59.2327
64 46.6864
122 0
180 133.567
7 68.6881
65 45.6851
123 0.0948688
181 98.2922
8 76.0513
66 59.7829
124 0
182 0.210649
9 99.7551
67 75.5385
125 0.0871142
183 0.558
10 114.913
68 98.6732
126 0
184 0.21351
11 108.471
69 92.5373
127 43.8264
185 0.4578
12 94.7724
70 86.4387
128 68.3107
186 0.24943
13 82.2914
71 82.9271
129 71.4848
187 0.2566
14 73.8982
72 68.6662
130 74.6861
188 0.301488
15 59.2364
73 58.5587
131 103.625
189 0.0086
16 45.524
74 85.2998
132 103.84
190 0.307683
17 40.5873
75 79.646
133 91.7411
191 0
18 56.8615
76 75.1226
134 74.8088
192 0.25134
19 82.1228
77 67.7008
135 75.1788
193 0
20 93.5034
78 73.6773
136 67.1951
194 110.533
21 79.886
79 82.9537
137 65.5285
195 98.0697
22 80.7066
80 86.8034
138 72.5838
196 88.1885
23 84.3937
81 104.246
139 76.5334
197 77.0754
24 67.0892
82 101.232
140 82.7052
198 0.200597
25 24.6511
83 101.909
141 94.2308
199 0
26 33.8352
84 98.0947
142 103.734
200 0.203128
27 40.6367
85 87.7536
143 79.1838
201 0
28 38.2626
86 72.4265
144 0.0744777
202 0.198294
29 37.3237
87 64.8616
145 0
203 0
30 33.9628
88 69.8624
146 0.0721004
204 0.197112
31 30.9936
89 79.7045
147 0
205 0
32 19.9481
90 92.5907
148 0.100641
206 0.228116
33 9.18636
91 97.7716
149 0.0204
207 0
34 9.55688
92 108.676
150 0.112008
208 0.325582
35 23.1757
93 101.944
151 0.2229
209 0
36 39.1597
94 95.3052
152 66.8415
210 0
37 49.2591
95 93.3793
153 91.2645
211 0
38 51.662
96 77.6787
154 80.6939
212 0.973893
39 45.6993
97 0.0492188
155 75.8593
213 0.265229
40 44.9132
98 0
156 70.5168
214 0
41 39.6523
99 0.0577224
157 66.2127
215 3.97425
42 38.9959
100 0
158 63.9278
216 0.60185
43 59.6238
101 38.5153
159 66.6487
217 0.349903
44 21.0979
102 59.3189
160 70.6352
218 2.67748
45 26.0163
103 54.7769
161 71.4754
219 2.08325
46 26.742
104 51.4264
162 72.3707
220 2.33908
47 33.2881
105 39.3092
163 79.1536
221 0
48 30.6753
106 37.8417
164 69.2086
222 0
49 53.1123
107 46.7033
165 0.132417
223 0
50 64.2943
108 55.0498
166 0.448
224 8.26665
51 48.0162
109 91.1078
167 0.169878
225 4.5682
52 35.1427
110 97.2407
168 0.5908
226 0.599885
53 33.5387
111 103.214
169 0.200666
227 0.361571
54 42.4222
112 89.2083
170 0.6646
228 0.276361
55 56.7576
113 86.0545
171 0.213666
229 0.38735
56 60.5311
114 78.1778
172 0.6457
230 0.494666
57 91.6099
115 62.2423
173 71.4994
231 0.537831
58 103.488
116 62.4322
174 75.9661
;


param ScenO :=
1 91.76
59 126.75
117 109
175 106
2 90.85
60 122.27
118 123
176 105.24
3 88.01
61 113.98
119 151.16
177 119.04
4 85.73
62 112.78
120 149
178 142
5 83.62
63 112.78
121 0.016
179 144
6 84.71
64 111.35
122 0
180 137.96
7 91.02
65 114.24
123 0.015
181 127
8 108
66 125
124 0
182 0.133
9 113.96
67 149
125 0.017
183 0.542
10 123.32
68 147.47
126 0
184 0.164
11 122.38
69 141.66
127 95
185 0.416
12 120.55
70 126.63
128 76
186 0.22
13 115.3
71 117.83
129 83.02
187 0.218
14 116.1
72 111.55
130 92.02
188 0.279
15 116.1
73 92
131 113.96
189 0.006
16 115.25
74 90.84
132 126
190 0.278
17 115.25
75 87.97
133 132.92
191 0
18 128
76 85.71
134 120.55
192 0.236
19 146.79
77 83.61
135 110.3
193 0
20 147.47
78 84.69
136 110.04
194 134.52
21 141.56
79 90.02
137 111.1
195 119.33
22 128.63
80 105.97
138 105.6
196 111.54
23 117.83
81 122.96
139 110.25
197 100
24 111.55
82 135.82
140 122.45
198 0.186
25 25.2
83 137.38
141 146.64
199 0
26 56.76
84 126.55
142 143.63
200 0.147
27 44
85 116.41
143 137.72
201 0
28 44
86 115.61
144 0.022
202 0.123
29 44
87 115
145 0
203 0
30 44
88 112.87
146 0.028
204 0.113
31 70
89 114.35
147 0
205 0
32 43.76
90 128
148 0.036
206 0.113
33 8.88
91 155.29
149 0.027
207 0
34 17.88
92 152.47
150 0.044
208 0.095466
35 15.92
93 146.56
151 0.18
209 0.398459
36 14.72
94 128.63
152 113.96
210 0.580161
37 5.2
95 116.93
153 123.32
211 0.67386
38 5.2
96 109.56
154 137.73
212 0.989835
39 5.2
97 0.022
155 120.55
213 1.327
40 5.2
98 0
156 105.6
214 0.850143
41 8.88
99 0.019
157 109.52
215 0.571296
42 15.2
100 0
158 105.6
216 0.541857
43 28.04
101 92.1
159 108.72
217 0.685615
44 21.76
102 84
160 105.6
218 0.674375
45 20.72
103 79.89
161 115.2
219 0.644297
46 10.88
104 82.14
162 143
220 0.656461
47 5.2
105 83
163 144
221 0.601723
48 5.2
106 83.3
164 137.56
222 0.609733
49 91.76
107 88
165 0.036
223 0.604078
50 90.85
108 103
166 0.393
224 0.639306
51 85
109 116
167 0.055
225 0.60625
52 85.73
110 135.81
168 0.558
226 0.505348
53 83.62
111 134.62
169 0.076
227 0.638435
54 84.71
112 122.13
170 0.584
228 0.532636
55 88
113 110.32
171 0.104
229 0.648371
56 106.07
114 111.1
172 0.561
230 0.689383
57 118.96
115 112.62
173 111.2
231 0.637472
58 130
116 110
174 111.61
;


param Scen0 :=
1 1 89.904200
2 1 70.577600
3 1 60.870100
4 1 58.503000
5 1 58.847700
6 1 53.895500
7 1 70.458200
8 1 79.212900
9 1 95.140900
10 1 104.806000
11 1 108.371000
12 1 96.639000
13 1 90.518600
14 1 85.295000
15 1 62.702300
16 1 49.147300
17 1 42.982300
18 1 47.458700
19 1 81.233300
20 1 79.420900
21 1 76.736900
22 1 74.585800
23 1 82.777600
24 1 74.410800
25 1 26.764900
26 1 31.301300
27 1 35.449200
28 1 30.143400
29 1 28.541600
30 1 30.096300
31 1 29.345200
32 1 34.140200
33 1 22.631700
34 1 29.495300
35 1 19.856500
36 1 52.204300
37 1 52.077200
38 1 61.334900
39 1 53.761800
40 1 54.804900
41 1 40.598900
42 1 55.134100
43 1 58.654900
44 1 4.858750
45 1 12.927400
46 1 25.071500
47 1 30.633000
48 1 29.102500
49 1 84.150200
50 1 61.922700
51 1 54.935200
52 1 46.206900
53 1 45.510200
54 1 43.572600
55 1 66.325400
56 1 78.773500
57 1 98.413900
58 1 100.035000
59 1 74.166400
60 1 87.732500
61 1 71.465000
62 1 61.096500
63 1 42.748900
64 1 39.537500
65 1 38.011600
66 1 43.836100
67 1 84.213100
68 1 114.941000
69 1 92.611900
70 1 105.049000
71 1 88.808300
72 1 89.678700
73 1 87.700500
74 1 83.429600
75 1 84.758800
76 1 78.323300
77 1 70.286500
78 1 73.465400
79 1 85.842400
80 1 100.566000
81 1 111.514000
82 1 107.778000
83 1 109.826000
84 1 83.308900
85 1 82.193700
86 1 59.186500
87 1 47.444200
88 1 63.129300
89 1 79.867500
90 1 79.196100
91 1 99.523100
92 1 120.942000
93 1 117.198000
94 1 114.629000
95 1 103.433000
96 1 90.831000
97 1 0.061560
98 1 0.000000
99 1 0.041864
100 1 0.000000
101 1 65.420700
102 1 59.477300
103 1 54.714400
104 1 48.633900
105 1 40.921000
106 1 38.089700
107 1 65.910500
108 1 79.474800
109 1 89.805000
110 1 68.730300
111 1 95.414000
112 1 81.788800
113 1 75.124200
114 1 66.819600
115 1 55.676200
116 1 53.683600
117 1 57.392700
118 1 85.549100
119 1 92.141500
120 1 99.984600
121 1 0.115135
122 1 0.000000
123 1 0.088264
124 1 0.000000
125 1 0.116788
126 1 0.000000
127 1 40.589100
128 1 49.362600
129 1 61.025200
130 1 85.939100
131 1 89.785100
132 1 72.358200
133 1 79.581400
134 1 73.958500
135 1 72.523500
136 1 76.483300
137 1 74.496100
138 1 63.587100
139 1 68.257600
140 1 77.365200
141 1 81.990600
142 1 93.965400
143 1 84.156200
144 1 0.024092
145 1 0.000000
146 1 0.000600
147 1 0.000000
148 1 0.013850
149 1 0.041600
150 1 0.021106
151 1 0.392500
152 1 66.143200
153 1 63.861900
154 1 20.534400
155 1 15.464400
156 1 28.358900
157 1 23.227700
158 1 19.570400
159 1 83.181400
160 1 92.594800
161 1 96.066100
162 1 97.789400
163 1 91.914000
164 1 97.073700
165 1 0.081997
166 1 0.131100
167 1 0.163485
168 1 0.259100
169 1 0.227009
170 1 0.335400
171 1 0.265932
172 1 0.811400
173 1 84.554800
174 1 87.528800
175 1 88.807000
176 1 86.692900
177 1 79.328600
178 1 84.393000
179 1 100.600000
180 1 106.501000
181 1 101.329000
182 1 0.097594
183 1 5.667900
184 1 0.109378
185 1 1.163300
186 1 0.138845
187 1 0.272600
188 1 0.174334
189 1 0.004200
190 1 0.184275
191 1 0.000000
192 1 0.177647
193 1 0.000000
194 1 98.670900
195 1 91.147900
196 1 79.545600
197 1 71.171500
198 1 0.190849
199 1 0.000000
200 1 0.252582
201 1 0.000000
202 1 0.249816
203 1 0.000000
204 1 0.195773
205 1 0.000000
206 1 0.171077
207 1 0.000000
208 1 0.563086
209 1 0.018976
210 1 11.801700
211 1 0.000000
212 1 0.017171
213 1 0.000000
214 1 0.388843
215 1 2.561620
216 1 0.551530
217 1 0.039429
218 1 2.412870
219 1 1.242960
220 1 2.934120
221 1 3.302910
222 1 0.267977
223 1 49.143900
224 1 0.000000
225 1 0.000000
226 1 3.563480
227 1 0.875179
228 1 0.509038
229 1 0.393662
230 1 0.494201
231 1 0.264426
1 2 89.904200
2 2 70.577600
3 2 60.870100
4 2 58.503000
5 2 58.847700
6 2 53.895500
7 2 70.458200
8 2 79.212900
9 2 95.140900
10 2 104.806000
11 2 108.371000
12 2 96.639000
13 2 90.518600
14 2 85.295000
15 2 62.702300
16 2 49.147300
17 2 42.982300
18 2 47.458700
19 2 81.233300
20 2 79.420900
21 2 76.736900
22 2 74.585800
23 2 82.777600
24 2 74.410800
25 2 26.764900
26 2 31.301300
27 2 35.449200
28 2 30.143400
29 2 28.541600
30 2 30.096300
31 2 29.345200
32 2 34.140200
33 2 22.631700
34 2 29.495300
35 2 19.856500
36 2 52.204300
37 2 52.077200
38 2 61.334900
39 2 53.761800
40 2 54.804900
41 2 40.598900
42 2 55.134100
43 2 58.654900
44 2 4.858750
45 2 12.927400
46 2 25.071500
47 2 30.633000
48 2 29.102500
49 2 84.150200
50 2 61.922700
51 2 54.935200
52 2 46.206900
53 2 45.510200
54 2 43.572600
55 2 66.325400
56 2 78.773500
57 2 98.413900
58 2 100.035000
59 2 74.166400
60 2 87.732500
61 2 71.465000
62 2 61.096500
63 2 42.748900
64 2 39.537500
65 2 38.011600
66 2 43.836100
67 2 84.213100
68 2 114.941000
69 2 92.611900
70 2 105.049000
71 2 88.808300
72 2 89.678700
73 2 87.700500
74 2 83.429600
75 2 84.758800
76 2 78.323300
77 2 70.286500
78 2 73.465400
79 2 85.842400
80 2 100.566000
81 2 111.514000
82 2 107.778000
83 2 109.826000
84 2 83.308900
85 2 82.193700
86 2 59.186500
87 2 47.444200
88 2 63.129300
89 2 79.867500
90 2 79.196100
91 2 99.523100
92 2 120.942000
93 2 117.198000
94 2 114.629000
95 2 103.433000
96 2 90.831000
97 2 0.061560
98 2 0.000000
99 2 0.041864
100 2 0.000000
101 2 65.420700
102 2 59.477300
103 2 54.714400
104 2 48.633900
105 2 40.921000
106 2 38.089700
107 2 65.910500
108 2 79.474800
109 2 89.805000
110 2 68.730300
111 2 95.414000
112 2 81.788800
113 2 75.124200
114 2 66.819600
115 2 55.676200
116 2 53.683600
117 2 57.392700
118 2 85.549100
119 2 92.141500
120 2 99.984600
121 2 0.115135
122 2 0.000000
123 2 0.088264
124 2 0.000000
125 2 0.116788
126 2 0.000000
127 2 40.589100
128 2 49.362600
129 2 61.025200
130 2 85.939100
131 2 89.785100
132 2 72.358200
133 2 79.581400
134 2 73.958500
135 2 72.523500
136 2 76.483300
137 2 74.496100
138 2 63.587100
139 2 68.257600
140 2 77.365200
141 2 81.990600
142 2 93.965400
143 2 84.156200
144 2 0.081167
145 2 0.000000
146 2 0.071917
147 2 0.000000
148 2 0.100194
149 2 0.052600
150 2 0.124947
151 2 0.425900
152 2 48.028900
153 2 75.877300
154 2 69.626000
155 2 78.579900
156 2 80.922900
157 2 74.046200
158 2 70.440800
159 2 68.078000
160 2 73.780600
161 2 68.555400
162 2 80.608400
163 2 72.519100
164 2 78.109600
165 2 0.170274
166 2 1.255500
167 2 0.199793
168 2 0.827200
169 2 0.205264
170 2 1.358200
171 2 0.194935
172 2 1.709500
173 2 66.708700
174 2 62.461500
175 2 63.585800
176 2 67.991300
177 2 59.119500
178 2 104.556000
179 2 114.278000
180 2 103.836000
181 2 135.997000
182 2 0.165770
183 2 0.354800
184 2 0.307813
185 2 0.648900
186 2 0.341961
187 2 0.408000
188 2 0.395258
189 2 0.018400
190 2 0.416372
191 2 0.000000
192 2 0.337893
193 2 0.000000
194 2 100.504000
195 2 89.574400
196 2 89.639600
197 2 81.004500
198 2 0.216435
199 2 0.000000
200 2 0.169787
201 2 0.000000
202 2 0.150679
203 2 0.000000
204 2 0.138948
205 2 0.000000
206 2 0.154772
207 2 0.000000
208 2 0.467579
209 2 0.749581
210 2 12.346000
211 2 0.497879
212 2 0.009974
213 2 0.000000
214 2 0.995453
215 2 2.991710
216 2 0.906637
217 2 0.589484
218 2 3.342140
219 2 3.077800
220 2 3.313280
221 2 2.489470
222 2 0.845289
223 2 12.423500
224 2 4.115950
225 2 0.000000
226 2 0.808817
227 2 0.831627
228 2 0.839357
229 2 0.737708
230 2 0.624800
231 2 0.402125
1 3 62.833100
2 3 62.549100
3 3 54.664400
4 3 48.254200
5 3 48.208200
6 3 67.643900
7 3 70.379800
8 3 82.388800
9 3 111.817000
10 3 120.025000
11 3 123.274000
12 3 102.703000
13 3 86.048200
14 3 85.436800
15 3 63.906800
16 3 39.559500
17 3 32.112600
18 3 60.125700
19 3 75.489400
20 3 86.869000
21 3 77.696600
22 3 87.696500
23 3 80.944300
24 3 66.023900
25 3 34.961500
26 3 26.861600
27 3 36.031000
28 3 36.378600
29 3 34.017300
30 3 22.450300
31 3 26.912000
32 3 5.154360
33 3 0.734958
34 3 0.000000
35 3 0.000000
36 3 39.929400
37 3 13.131100
38 3 41.893000
39 3 39.835800
40 3 25.998900
41 3 18.087000
42 3 49.191700
43 3 56.708600
44 3 31.152100
45 3 21.266700
46 3 13.742800
47 3 26.530800
48 3 27.319200
49 3 70.162000
50 3 55.424300
51 3 45.779700
52 3 31.079400
53 3 28.350800
54 3 46.707700
55 3 52.966600
56 3 61.189500
57 3 89.294100
58 3 100.506000
59 3 109.562000
60 3 92.001300
61 3 73.563400
62 3 70.109900
63 3 52.504300
64 3 35.596500
65 3 36.042800
66 3 54.694100
67 3 65.492100
68 3 89.670200
69 3 85.156000
70 3 85.774100
71 3 74.709300
72 3 64.128100
73 3 79.916900
74 3 80.824300
75 3 80.548000
76 3 67.727500
77 3 59.754900
78 3 69.968600
79 3 80.269700
80 3 90.797100
81 3 117.253000
82 3 121.413000
83 3 119.605000
84 3 104.176000
85 3 88.698100
86 3 78.350400
87 3 72.128100
88 3 67.946800
89 3 81.324000
90 3 96.836700
91 3 108.762000
92 3 109.898000
93 3 108.103000
94 3 110.004000
95 3 97.232400
96 3 87.004900
97 3 0.044352
98 3 0.000000
99 3 0.039438
100 3 0.000000
101 3 44.812100
102 3 49.396200
103 3 54.039300
104 3 38.461500
105 3 23.576100
106 3 43.168000
107 3 58.182000
108 3 69.169600
109 3 103.192000
110 3 109.119000
111 3 111.035000
112 3 94.660700
113 3 86.976300
114 3 69.874200
115 3 56.090500
116 3 51.917200
117 3 63.844600
118 3 74.322300
119 3 93.907700
120 3 102.908000
121 3 0.048457
122 3 0.000000
123 3 0.013826
124 3 0.000000
125 3 0.000000
126 3 0.000000
127 3 50.086000
128 3 66.845300
129 3 66.659200
130 3 68.226700
131 3 89.707300
132 3 93.383600
133 3 92.092100
134 3 79.756100
135 3 78.944800
136 3 73.462800
137 3 69.516600
138 3 72.583900
139 3 74.463400
140 3 78.570000
141 3 94.057300
142 3 104.000000
143 3 101.406000
144 3 0.058406
145 3 0.000000
146 3 0.054938
147 3 0.000000
148 3 0.087065
149 3 0.051400
150 3 0.085435
151 3 0.305500
152 3 91.027400
153 3 96.373500
154 3 45.796800
155 3 63.679200
156 3 68.501000
157 3 74.852200
158 3 77.676000
159 3 80.623900
160 3 78.420900
161 3 59.011400
162 3 60.609100
163 3 58.813400
164 3 60.931300
165 3 0.077824
166 3 0.765500
167 3 0.090762
168 3 1.171700
169 3 0.104115
170 3 0.858600
171 3 0.103454
172 3 0.532500
173 3 86.855000
174 3 92.195200
175 3 95.334200
176 3 103.763000
177 3 88.919300
178 3 123.771000
179 3 110.048000
180 3 117.723000
181 3 124.171000
182 3 0.099878
183 3 0.156600
184 3 0.121875
185 3 0.526500
186 3 0.188733
187 3 0.108000
188 3 0.260044
189 3 0.003900
190 3 0.270778
191 3 0.000000
192 3 0.236150
193 3 0.000000
194 3 121.243000
195 3 104.887000
196 3 106.086000
197 3 89.774800
198 3 0.178963
199 3 0.000000
200 3 0.152817
201 3 0.000000
202 3 0.143376
203 3 0.000000
204 3 0.142592
205 3 0.000000
206 3 0.172131
207 3 0.000000
208 3 0.186396
209 3 0.000000
210 3 2.017760
211 3 0.000000
212 3 0.000000
213 3 0.000000
214 3 0.761725
215 3 3.585650
216 3 0.735987
217 3 0.799815
218 3 3.784700
219 3 3.427500
220 3 4.981630
221 3 3.527920
222 3 0.269644
223 3 0.000000
224 3 4.320820
225 3 1.466440
226 3 0.427590
227 3 0.577780
228 3 0.545212
229 3 0.542976
230 3 0.418058
231 3 0.278476
1 4 89.904200
2 4 70.577600
3 4 60.870100
4 4 58.503000
5 4 58.847700
6 4 53.895500
7 4 70.458200
8 4 79.212900
9 4 95.140900
10 4 104.806000
11 4 108.371000
12 4 96.639000
13 4 90.518600
14 4 85.295000
15 4 62.702300
16 4 49.147300
17 4 42.982300
18 4 47.458700
19 4 81.233300
20 4 79.420900
21 4 76.736900
22 4 74.585800
23 4 82.777600
24 4 74.410800
25 4 26.764900
26 4 31.301300
27 4 35.449200
28 4 30.143400
29 4 28.541600
30 4 30.096300
31 4 29.345200
32 4 34.140200
33 4 22.631700
34 4 29.495300
35 4 19.856500
36 4 52.204300
37 4 52.077200
38 4 61.334900
39 4 53.761800
40 4 54.804900
41 4 40.598900
42 4 55.134100
43 4 58.654900
44 4 4.858750
45 4 12.927400
46 4 25.071500
47 4 30.633000
48 4 29.102500
49 4 84.150200
50 4 61.922700
51 4 54.935200
52 4 46.206900
53 4 45.510200
54 4 43.572600
55 4 66.325400
56 4 78.773500
57 4 98.413900
58 4 100.035000
59 4 74.166400
60 4 87.732500
61 4 71.465000
62 4 61.096500
63 4 42.748900
64 4 39.537500
65 4 38.011600
66 4 43.836100
67 4 84.213100
68 4 114.941000
69 4 92.611900
70 4 105.049000
71 4 88.808300
72 4 89.678700
73 4 87.700500
74 4 83.429600
75 4 84.758800
76 4 78.323300
77 4 70.286500
78 4 73.465400
79 4 85.842400
80 4 100.566000
81 4 111.514000
82 4 107.778000
83 4 109.826000
84 4 83.308900
85 4 82.193700
86 4 59.186500
87 4 47.444200
88 4 63.129300
89 4 79.867500
90 4 79.196100
91 4 99.523100
92 4 120.942000
93 4 117.198000
94 4 114.629000
95 4 103.433000
96 4 90.831000
97 4 0.061560
98 4 0.000000
99 4 0.041864
100 4 0.000000
101 4 65.420700
102 4 59.477300
103 4 54.714400
104 4 48.633900
105 4 40.921000
106 4 38.089700
107 4 65.910500
108 4 79.474800
109 4 89.805000
110 4 68.730300
111 4 95.414000
112 4 81.788800
113 4 75.124200
114 4 66.819600
115 4 55.676200
116 4 53.683600
117 4 57.392700
118 4 85.549100
119 4 92.141500
120 4 99.984600
121 4 0.115135
122 4 0.000000
123 4 0.088264
124 4 0.000000
125 4 0.116788
126 4 0.000000
127 4 40.589100
128 4 49.362600
129 4 61.025200
130 4 85.939100
131 4 89.785100
132 4 72.358200
133 4 79.581400
134 4 73.958500
135 4 72.523500
136 4 76.483300
137 4 74.496100
138 4 63.587100
139 4 68.257600
140 4 77.365200
141 4 81.990600
142 4 93.965400
143 4 84.156200
144 4 0.081167
145 4 0.000000
146 4 0.071917
147 4 0.000000
148 4 0.100194
149 4 0.052600
150 4 0.124947
151 4 0.425900
152 4 48.028900
153 4 75.877300
154 4 69.626000
155 4 78.579900
156 4 80.922900
157 4 74.046200
158 4 70.440800
159 4 68.078000
160 4 73.780600
161 4 68.555400
162 4 80.608400
163 4 72.519100
164 4 78.109600
165 4 0.170274
166 4 1.255500
167 4 0.199793
168 4 0.827200
169 4 0.205264
170 4 1.358200
171 4 0.194935
172 4 1.709500
173 4 66.708700
174 4 62.461500
175 4 63.585800
176 4 67.991300
177 4 59.119500
178 4 104.556000
179 4 114.278000
180 4 103.836000
181 4 135.997000
182 4 0.165770
183 4 0.354800
184 4 0.307813
185 4 0.648900
186 4 0.341961
187 4 0.408000
188 4 0.395258
189 4 0.018400
190 4 0.416372
191 4 0.000000
192 4 0.337893
193 4 0.000000
194 4 100.504000
195 4 89.574400
196 4 89.639600
197 4 81.004500
198 4 0.216435
199 4 0.000000
200 4 0.169787
201 4 0.000000
202 4 0.150679
203 4 0.000000
204 4 0.138948
205 4 0.000000
206 4 0.154772
207 4 0.000000
208 4 0.467579
209 4 0.749581
210 4 12.346000
211 4 0.497879
212 4 0.009974
213 4 0.000000
214 4 0.995453
215 4 2.991710
216 4 0.906637
217 4 0.589484
218 4 3.342140
219 4 3.077800
220 4 3.313280
221 4 2.489470
222 4 0.845289
223 4 12.423500
224 4 4.115950
225 4 0.000000
226 4 0.808817
227 4 0.831627
228 4 0.839357
229 4 0.737708
230 4 0.624800
231 4 0.402125
1 5 96.418000
2 5 76.808500
3 5 71.456700
4 5 65.222400
5 5 65.508600
6 5 67.645700
7 5 69.574000
8 5 77.751100
9 5 99.560100
10 5 106.083000
11 5 106.563000
12 5 84.575100
13 5 76.518000
14 5 68.807800
15 5 56.001400
16 5 42.206900
17 5 57.390900
18 5 70.137800
19 5 90.671200
20 5 94.484800
21 5 83.993200
22 5 86.414900
23 5 88.310800
24 5 73.343400
25 5 27.274300
26 5 25.932900
27 5 37.436600
28 5 38.148300
29 5 34.170700
30 5 34.251600
31 5 32.086100
32 5 31.013200
33 5 4.553690
34 5 0.000000
35 5 0.000000
36 5 33.753600
37 5 30.133400
38 5 36.894100
39 5 29.763300
40 5 26.061100
41 5 44.516600
42 5 44.732100
43 5 55.353700
44 5 13.372400
45 5 17.796000
46 5 31.895500
47 5 40.118800
48 5 33.670800
49 5 84.140800
50 5 75.490300
51 5 59.805900
52 5 45.535000
53 5 42.330900
54 5 43.781300
55 5 63.929800
56 5 71.641100
57 5 102.298000
58 5 100.167000
59 5 106.939000
60 5 103.405000
61 5 95.723800
62 5 78.159200
63 5 64.058400
64 5 54.108600
65 5 53.979100
66 5 72.298300
67 5 104.204000
68 5 108.189000
69 5 114.832000
70 5 97.422500
71 5 80.847500
72 5 66.504100
73 5 97.384100
74 5 99.357500
75 5 91.929500
76 5 89.140600
77 5 78.196700
78 5 81.100700
79 5 83.241500
80 5 93.407600
81 5 111.837000
82 5 110.415000
83 5 100.600000
84 5 110.141000
85 5 101.781000
86 5 79.569900
87 5 65.954100
88 5 82.666400
89 5 71.455800
90 5 93.337300
91 5 99.131100
92 5 86.977500
93 5 88.588300
94 5 77.776500
95 5 71.469500
96 5 59.059500
97 5 0.039859
98 5 0.000000
99 5 0.032925
100 5 0.000000
101 5 67.077700
102 5 58.231900
103 5 42.853200
104 5 41.035400
105 5 23.814300
106 5 22.888900
107 5 43.718900
108 5 61.011600
109 5 79.062400
110 5 83.646600
111 5 106.384000
112 5 107.971000
113 5 110.289000
114 5 96.962600
115 5 79.526700
116 5 88.631300
117 5 89.184100
118 5 92.798000
119 5 114.205000
120 5 108.402000
121 5 0.066174
122 5 0.000000
123 5 0.118916
124 5 0.000000
125 5 0.159247
126 5 0.000000
127 5 58.144000
128 5 46.519700
129 5 71.723200
130 5 92.014100
131 5 100.032000
132 5 96.351600
133 5 90.622700
134 5 80.192400
135 5 72.455500
136 5 68.079400
137 5 63.717000
138 5 68.244500
139 5 66.153000
140 5 67.727800
141 5 81.759700
142 5 89.542000
143 5 109.028000
144 5 0.184895
145 5 0.000000
146 5 0.171280
147 5 0.000000
148 5 0.163652
149 5 0.014300
150 5 0.129427
151 5 0.656500
152 5 85.434600
153 5 100.713000
154 5 71.328100
155 5 79.436900
156 5 90.375400
157 5 48.387200
158 5 52.752600
159 5 50.892500
160 5 51.827700
161 5 62.492100
162 5 63.220300
163 5 64.455300
164 5 69.098800
165 5 0.102596
166 5 0.630900
167 5 0.115150
168 5 0.247000
169 5 0.134621
170 5 0.204200
171 5 0.160160
172 5 0.955900
173 5 53.831200
174 5 62.362400
175 5 53.096600
176 5 57.069300
177 5 83.089400
178 5 74.515300
179 5 82.087500
180 5 121.118000
181 5 140.062000
182 5 0.168787
183 5 0.908500
184 5 0.209061
185 5 1.038300
186 5 0.297430
187 5 0.208300
188 5 0.393959
189 5 0.004700
190 5 0.440308
191 5 0.000000
192 5 0.403897
193 5 0.000000
194 5 87.860500
195 5 126.895000
196 5 120.168000
197 5 97.298100
198 5 0.321253
199 5 0.000000
200 5 0.282616
201 5 0.000000
202 5 0.278466
203 5 0.000000
204 5 0.261609
205 5 0.000000
206 5 0.210351
207 5 0.000000
208 5 0.193481
209 5 0.000000
210 5 0.000000
211 5 0.000000
212 5 3.319540
213 5 0.000000
214 5 0.881296
215 5 8.545160
216 5 0.903518
217 5 0.000000
218 5 1.976150
219 5 2.201170
220 5 2.816520
221 5 2.378610
222 5 0.224863
223 5 66.610700
224 5 8.556100
225 5 1.123640
226 5 0.492962
227 5 0.673685
228 5 0.837574
229 5 0.378826
230 5 0.472005
231 5 0.374523
1 6 84.497700
2 6 76.962800
3 6 67.300300
4 6 63.717700
5 6 64.936400
6 6 73.195800
7 6 84.237800
8 6 81.658600
9 6 111.165000
10 6 115.532000
11 6 117.133000
12 6 100.895000
13 6 93.158600
14 6 84.161700
15 6 68.302600
16 6 55.561600
17 6 51.211300
18 6 71.488300
19 6 95.186000
20 6 97.200100
21 6 87.111800
22 6 83.747100
23 6 88.332100
24 6 82.826800
25 6 26.282400
26 6 27.627100
27 6 41.958500
28 6 42.903900
29 6 42.636700
30 6 41.624200
31 6 34.500800
32 6 19.511100
33 6 14.327400
34 6 10.760100
35 6 25.863300
36 6 29.545300
37 6 71.743500
38 6 73.219400
39 6 70.324100
40 6 38.185600
41 6 37.197900
42 6 31.388000
43 6 56.846000
44 6 26.913800
45 6 24.749100
46 6 26.619400
47 6 35.269600
48 6 44.754700
49 6 89.277300
50 6 60.707900
51 6 46.089900
52 6 35.065900
53 6 29.657700
54 6 35.914300
55 6 56.665000
56 6 73.394800
57 6 89.646500
58 6 80.368700
59 6 95.706600
60 6 95.315000
61 6 83.212300
62 6 71.550200
63 6 57.408800
64 6 50.255600
65 6 56.487900
66 6 74.207900
67 6 78.269200
68 6 103.388000
69 6 91.196500
70 6 101.073000
71 6 88.722400
72 6 72.007000
73 6 97.101900
74 6 82.742500
75 6 83.867400
76 6 85.022600
77 6 79.512400
78 6 82.103100
79 6 91.158300
80 6 94.630200
81 6 106.518000
82 6 118.991000
83 6 123.874000
84 6 115.434000
85 6 107.063000
86 6 95.567100
87 6 84.343300
88 6 85.233300
89 6 90.468700
90 6 103.307000
91 6 108.386000
92 6 110.253000
93 6 123.735000
94 6 116.149000
95 6 109.473000
96 6 99.388900
97 6 0.050207
98 6 0.000000
99 6 0.045628
100 6 0.000000
101 6 58.235700
102 6 49.310300
103 6 47.752600
104 6 49.863200
105 6 27.958500
106 6 33.272100
107 6 60.850300
108 6 84.556000
109 6 104.016000
110 6 94.843200
111 6 119.022000
112 6 103.412000
113 6 100.332000
114 6 89.069900
115 6 81.569600
116 6 93.063100
117 6 99.343900
118 6 94.507900
119 6 106.034000
120 6 112.163000
121 6 0.061463
122 6 0.000000
123 6 0.059106
124 6 0.000000
125 6 0.032550
126 6 0.000000
127 6 53.004800
128 6 47.709800
129 6 53.424600
130 6 81.386200
131 6 92.972200
132 6 82.196200
133 6 81.999500
134 6 64.902000
135 6 55.963000
136 6 43.404400
137 6 41.774400
138 6 96.872800
139 6 88.274100
140 6 104.946000
141 6 123.178000
142 6 131.054000
143 6 128.770000
144 6 0.117963
145 6 0.000000
146 6 0.096307
147 6 0.000000
148 6 0.048860
149 6 0.007300
150 6 0.107176
151 6 0.231500
152 6 109.723000
153 6 72.229700
154 6 52.214700
155 6 75.135400
156 6 36.330200
157 6 32.587400
158 6 16.119400
159 6 9.364260
160 6 23.565300
161 6 24.576500
162 6 17.238300
163 6 31.719100
164 6 58.732600
165 6 0.000000
166 6 0.397700
167 6 0.000000
168 6 0.470600
169 6 0.000000
170 6 0.425700
171 6 0.000000
172 6 0.896500
173 6 108.218000
174 6 109.480000
175 6 111.413000
176 6 93.650300
177 6 110.262000
178 6 106.625000
179 6 120.277000
180 6 125.899000
181 6 125.444000
182 6 0.000000
183 6 0.642000
184 6 0.000000
185 6 1.587100
186 6 0.010118
187 6 0.217100
188 6 0.078138
189 6 0.002400
190 6 0.103111
191 6 0.000000
192 6 0.035466
193 6 0.000000
194 6 129.239000
195 6 122.978000
196 6 121.085000
197 6 76.784300
198 6 0.000000
199 6 0.000000
200 6 0.000000
201 6 0.000000
202 6 0.000000
203 6 0.000000
204 6 0.000000
205 6 0.000000
206 6 0.043783
207 6 0.000000
208 6 0.253550
209 6 0.000000
210 6 0.291164
211 6 0.000000
212 6 1.013030
213 6 0.000000
214 6 0.928853
215 6 4.334510
216 6 0.856280
217 6 0.740870
218 6 4.728630
219 6 4.449380
220 6 4.856380
221 6 1.376160
222 6 0.000000
223 6 40.431400
224 6 0.000000
225 6 0.000000
226 6 0.539306
227 6 0.592573
228 6 0.503442
229 6 0.555634
230 6 0.421349
231 6 0.331819
1 7 96.418000
2 7 76.808500
3 7 71.456700
4 7 65.222400
5 7 65.508600
6 7 67.645700
7 7 69.574000
8 7 77.751100
9 7 99.560100
10 7 106.083000
11 7 106.563000
12 7 84.575100
13 7 76.518000
14 7 68.807800
15 7 56.001400
16 7 42.206900
17 7 57.390900
18 7 70.137800
19 7 90.671200
20 7 94.484800
21 7 83.993200
22 7 86.414900
23 7 88.310800
24 7 73.343400
25 7 27.274300
26 7 25.932900
27 7 37.436600
28 7 38.148300
29 7 34.170700
30 7 34.251600
31 7 32.086100
32 7 31.013200
33 7 4.553690
34 7 0.000000
35 7 0.000000
36 7 33.753600
37 7 30.133400
38 7 36.894100
39 7 29.763300
40 7 26.061100
41 7 44.516600
42 7 44.732100
43 7 55.353700
44 7 13.372400
45 7 17.796000
46 7 31.895500
47 7 40.118800
48 7 33.670800
49 7 88.633600
50 7 52.953400
51 7 41.431500
52 7 28.850200
53 7 30.403300
54 7 35.122900
55 7 49.478900
56 7 53.277600
57 7 73.635000
58 7 83.420000
59 7 98.176900
60 7 80.263900
61 7 67.958500
62 7 58.194700
63 7 43.974100
64 7 31.157800
65 7 50.559100
66 7 59.618200
67 7 71.466000
68 7 90.957700
69 7 75.745200
70 7 76.885600
71 7 72.026800
72 7 59.126200
73 7 106.801000
74 7 83.450300
75 7 79.724400
76 7 75.085200
77 7 70.514300
78 7 74.683600
79 7 78.560500
80 7 77.714000
81 7 90.110000
82 7 91.171100
83 7 96.595500
84 7 81.132800
85 7 67.610900
86 7 57.805800
87 7 50.127300
88 7 50.088700
89 7 75.522100
90 7 89.717400
91 7 87.861900
92 7 96.063400
93 7 92.996200
94 7 90.819400
95 7 91.049700
96 7 73.904900
97 7 0.036676
98 7 0.000000
99 7 0.034324
100 7 0.000000
101 7 90.654900
102 7 61.105100
103 7 54.049000
104 7 51.089600
105 7 40.577500
106 7 36.737000
107 7 49.937900
108 7 62.839100
109 7 82.293300
110 7 83.155800
111 7 101.084000
112 7 83.972300
113 7 77.042700
114 7 66.984300
115 7 59.833800
116 7 62.122000
117 7 72.979900
118 7 83.266900
119 7 93.044900
120 7 99.656200
121 7 0.040475
122 7 0.000000
123 7 0.041065
124 7 0.000000
125 7 0.020238
126 7 0.000000
127 7 64.047000
128 7 60.805800
129 7 73.262400
130 7 98.090300
131 7 106.056000
132 7 103.767000
133 7 102.791000
134 7 58.898100
135 7 57.527300
136 7 49.326900
137 7 37.122700
138 7 39.944600
139 7 47.743900
140 7 56.970800
141 7 71.757000
142 7 88.757100
143 7 94.232500
144 7 0.002056
145 7 0.000000
146 7 0.000000
147 7 0.000000
148 7 0.027773
149 7 0.023700
150 7 0.052784
151 7 0.216700
152 7 74.966700
153 7 60.220800
154 7 65.931400
155 7 63.655100
156 7 62.202900
157 7 61.593100
158 7 48.995700
159 7 46.287800
160 7 50.052900
161 7 55.714700
162 7 68.202500
163 7 92.847400
164 7 91.477400
165 7 0.092951
166 7 0.088900
167 7 0.151118
168 7 0.253500
169 7 0.205079
170 7 1.310100
171 7 0.235777
172 7 0.979300
173 7 88.073000
174 7 52.231400
175 7 39.019400
176 7 53.693400
177 7 46.178500
178 7 48.135000
179 7 76.355900
180 7 108.139000
181 7 120.052000
182 7 0.237129
183 7 0.498000
184 7 0.245881
185 7 0.494700
186 7 0.272316
187 7 0.402500
188 7 0.200860
189 7 0.009500
190 7 0.255072
191 7 0.000000
192 7 0.251519
193 7 0.000000
194 7 93.330400
195 7 66.177000
196 7 139.825000
197 7 123.442000
198 7 0.234781
199 7 0.000000
200 7 0.230491
201 7 0.000000
202 7 0.208477
203 7 0.000000
204 7 0.183505
205 7 0.000000
206 7 0.196931
207 7 0.000000
208 7 0.293395
209 7 0.000000
210 7 1.060810
211 7 0.000000
212 7 1.235330
213 7 0.000000
214 7 0.281561
215 7 4.305460
216 7 1.346770
217 7 1.165890
218 7 2.542580
219 7 0.972752
220 7 1.734730
221 7 0.000000
222 7 0.000000
223 7 110.506000
224 7 5.435730
225 7 0.887135
226 7 1.053660
227 7 0.526778
228 7 0.731301
229 7 0.515935
230 7 0.470544
231 7 0.270804
1 8 84.497700
2 8 76.962800
3 8 67.300300
4 8 63.717700
5 8 64.936400
6 8 73.195800
7 8 84.237800
8 8 81.658600
9 8 111.165000
10 8 115.532000
11 8 117.133000
12 8 100.895000
13 8 93.158600
14 8 84.161700
15 8 68.302600
16 8 55.561600
17 8 51.211300
18 8 71.488300
19 8 95.186000
20 8 97.200100
21 8 87.111800
22 8 83.747100
23 8 88.332100
24 8 82.826800
25 8 26.282400
26 8 27.627100
27 8 41.958500
28 8 42.903900
29 8 42.636700
30 8 41.624200
31 8 34.500800
32 8 19.511100
33 8 14.327400
34 8 10.760100
35 8 25.863300
36 8 29.545300
37 8 71.743500
38 8 73.219400
39 8 70.324100
40 8 38.185600
41 8 37.197900
42 8 31.388000
43 8 56.846000
44 8 26.913800
45 8 24.749100
46 8 26.619400
47 8 35.269600
48 8 44.754700
49 8 89.277300
50 8 60.707900
51 8 46.089900
52 8 35.065900
53 8 29.657700
54 8 35.914300
55 8 56.665000
56 8 73.394800
57 8 89.646500
58 8 80.368700
59 8 95.706600
60 8 95.315000
61 8 83.212300
62 8 71.550200
63 8 57.408800
64 8 50.255600
65 8 56.487900
66 8 74.207900
67 8 78.269200
68 8 103.388000
69 8 91.196500
70 8 101.073000
71 8 88.722400
72 8 72.007000
73 8 97.101900
74 8 82.742500
75 8 83.867400
76 8 85.022600
77 8 79.512400
78 8 82.103100
79 8 91.158300
80 8 94.630200
81 8 106.518000
82 8 118.991000
83 8 123.874000
84 8 115.434000
85 8 107.063000
86 8 95.567100
87 8 84.343300
88 8 85.233300
89 8 90.468700
90 8 103.307000
91 8 108.386000
92 8 110.253000
93 8 123.735000
94 8 116.149000
95 8 109.473000
96 8 99.388900
97 8 0.050207
98 8 0.000000
99 8 0.045628
100 8 0.000000
101 8 58.235700
102 8 49.310300
103 8 47.752600
104 8 49.863200
105 8 27.958500
106 8 33.272100
107 8 60.850300
108 8 84.556000
109 8 104.016000
110 8 94.843200
111 8 119.022000
112 8 103.412000
113 8 100.332000
114 8 89.069900
115 8 81.569600
116 8 93.063100
117 8 99.343900
118 8 94.507900
119 8 106.034000
120 8 112.163000
121 8 0.061463
122 8 0.000000
123 8 0.059106
124 8 0.000000
125 8 0.032550
126 8 0.000000
127 8 53.004800
128 8 47.709800
129 8 53.424600
130 8 81.386200
131 8 92.972200
132 8 82.196200
133 8 81.999500
134 8 64.902000
135 8 55.963000
136 8 43.404400
137 8 41.774400
138 8 96.872800
139 8 88.274100
140 8 104.946000
141 8 123.178000
142 8 131.054000
143 8 128.770000
144 8 0.117963
145 8 0.000000
146 8 0.096307
147 8 0.000000
148 8 0.048860
149 8 0.007300
150 8 0.107176
151 8 0.231500
152 8 124.118000
153 8 128.788000
154 8 96.278300
155 8 92.631900
156 8 85.705700
157 8 95.406700
158 8 90.977900
159 8 91.410900
160 8 99.994600
161 8 102.407000
162 8 102.844000
163 8 119.652000
164 8 145.838000
165 8 0.150380
166 8 0.115900
167 8 0.162335
168 8 0.246600
169 8 0.166275
170 8 0.919400
171 8 0.194618
172 8 0.569800
173 8 71.874300
174 8 58.367100
175 8 54.149600
176 8 73.800100
177 8 70.462500
178 8 105.321000
179 8 123.911000
180 8 133.995000
181 8 121.658000
182 8 0.223010
183 8 0.500300
184 8 0.267099
185 8 1.102100
186 8 0.348073
187 8 0.265700
188 8 0.477140
189 8 0.012000
190 8 0.510694
191 8 0.000000
192 8 0.286865
193 8 0.000000
194 8 105.593000
195 8 98.753200
196 8 90.528500
197 8 77.469100
198 8 0.146035
199 8 0.000000
200 8 0.174181
201 8 0.000000
202 8 0.188098
203 8 0.000000
204 8 0.170110
205 8 0.000000
206 8 0.185140
207 8 0.000000
208 8 0.138969
209 8 0.000000
210 8 8.597150
211 8 0.000000
212 8 0.000000
213 8 0.000000
214 8 0.806909
215 8 4.682930
216 8 0.717173
217 8 0.163459
218 8 1.569280
219 8 1.040270
220 8 1.972300
221 8 2.922860
222 8 0.793591
223 8 85.270600
224 8 1.119200
225 8 2.031050
226 8 1.527830
227 8 0.103631
228 8 0.247155
229 8 0.487125
230 8 0.396634
231 8 0.423737
1 9 84.497700
2 9 76.962800
3 9 67.300300
4 9 63.717700
5 9 64.936400
6 9 73.195800
7 9 84.237800
8 9 81.658600
9 9 111.165000
10 9 115.532000
11 9 117.133000
12 9 100.895000
13 9 93.158600
14 9 84.161700
15 9 68.302600
16 9 55.561600
17 9 51.211300
18 9 71.488300
19 9 95.186000
20 9 97.200100
21 9 87.111800
22 9 83.747100
23 9 88.332100
24 9 82.826800
25 9 26.282400
26 9 27.627100
27 9 41.958500
28 9 42.903900
29 9 42.636700
30 9 41.624200
31 9 34.500800
32 9 19.511100
33 9 14.327400
34 9 10.760100
35 9 25.863300
36 9 29.545300
37 9 71.743500
38 9 73.219400
39 9 70.324100
40 9 38.185600
41 9 37.197900
42 9 31.388000
43 9 56.846000
44 9 26.913800
45 9 24.749100
46 9 26.619400
47 9 35.269600
48 9 44.754700
49 9 89.277300
50 9 60.707900
51 9 46.089900
52 9 35.065900
53 9 29.657700
54 9 35.914300
55 9 56.665000
56 9 73.394800
57 9 89.646500
58 9 80.368700
59 9 95.706600
60 9 95.315000
61 9 83.212300
62 9 71.550200
63 9 57.408800
64 9 50.255600
65 9 56.487900
66 9 74.207900
67 9 78.269200
68 9 103.388000
69 9 91.196500
70 9 101.073000
71 9 88.722400
72 9 72.007000
73 9 97.101900
74 9 82.742500
75 9 83.867400
76 9 85.022600
77 9 79.512400
78 9 82.103100
79 9 91.158300
80 9 94.630200
81 9 106.518000
82 9 118.991000
83 9 123.874000
84 9 115.434000
85 9 107.063000
86 9 95.567100
87 9 84.343300
88 9 85.233300
89 9 90.468700
90 9 103.307000
91 9 108.386000
92 9 110.253000
93 9 123.735000
94 9 116.149000
95 9 109.473000
96 9 99.388900
97 9 0.050207
98 9 0.000000
99 9 0.045628
100 9 0.000000
101 9 58.235700
102 9 49.310300
103 9 47.752600
104 9 49.863200
105 9 27.958500
106 9 33.272100
107 9 60.850300
108 9 84.556000
109 9 104.016000
110 9 94.843200
111 9 119.022000
112 9 103.412000
113 9 100.332000
114 9 89.069900
115 9 81.569600
116 9 93.063100
117 9 99.343900
118 9 94.507900
119 9 106.034000
120 9 112.163000
121 9 0.061463
122 9 0.000000
123 9 0.059106
124 9 0.000000
125 9 0.032550
126 9 0.000000
127 9 58.104700
128 9 49.835300
129 9 92.382600
130 9 103.414000
131 9 136.274000
132 9 134.209000
133 9 124.768000
134 9 117.718000
135 9 114.810000
136 9 112.617000
137 9 108.499000
138 9 106.836000
139 9 107.909000
140 9 115.860000
141 9 122.861000
142 9 138.842000
143 9 165.467000
144 9 0.033183
145 9 0.000000
146 9 0.049530
147 9 0.000000
148 9 0.196666
149 9 0.018800
150 9 0.246189
151 9 0.121000
152 9 72.533900
153 9 75.330800
154 9 64.452400
155 9 74.218000
156 9 64.910800
157 9 59.327100
158 9 60.316400
159 9 60.889800
160 9 64.416300
161 9 60.397800
162 9 51.760800
163 9 83.347300
164 9 90.087700
165 9 0.284851
166 9 0.202400
167 9 0.317459
168 9 1.343600
169 9 0.348748
170 9 1.341400
171 9 0.365677
172 9 1.073700
173 9 104.701000
174 9 95.893800
175 9 110.096000
176 9 112.992000
177 9 106.917000
178 9 114.234000
179 9 136.558000
180 9 193.587000
181 9 154.207000
182 9 0.311719
183 9 0.754500
184 9 0.314731
185 9 1.088000
186 9 0.323506
187 9 0.357500
188 9 0.420545
189 9 0.006000
190 9 0.503316
191 9 0.000000
192 9 0.456422
193 9 0.000000
194 9 126.362000
195 9 116.527000
196 9 117.189000
197 9 74.595100
198 9 0.373130
199 9 0.000000
200 9 0.341992
201 9 0.000000
202 9 0.294678
203 9 0.000000
204 9 0.263589
205 9 0.000000
206 9 0.290266
207 9 0.000000
208 9 0.325907
209 9 0.000000
210 9 0.336309
211 9 0.000000
212 9 1.426370
213 9 0.000000
214 9 0.661371
215 9 1.646120
216 9 0.767785
217 9 0.813236
218 9 2.866030
219 9 2.210180
220 9 2.389500
221 9 1.442480
222 9 0.522548
223 9 116.723000
224 9 0.510495
225 9 0.000000
226 9 0.695394
227 9 0.433019
228 9 0.587083
229 9 0.550309
230 9 0.449840
231 9 0.327803
1 10 89.904200
2 10 70.577600
3 10 60.870100
4 10 58.503000
5 10 58.847700
6 10 53.895500
7 10 70.458200
8 10 79.212900
9 10 95.140900
10 10 104.806000
11 10 108.371000
12 10 96.639000
13 10 90.518600
14 10 85.295000
15 10 62.702300
16 10 49.147300
17 10 42.982300
18 10 47.458700
19 10 81.233300
20 10 79.420900
21 10 76.736900
22 10 74.585800
23 10 82.777600
24 10 74.410800
25 10 26.764900
26 10 31.301300
27 10 35.449200
28 10 30.143400
29 10 28.541600
30 10 30.096300
31 10 29.345200
32 10 34.140200
33 10 22.631700
34 10 29.495300
35 10 19.856500
36 10 52.204300
37 10 52.077200
38 10 61.334900
39 10 53.761800
40 10 54.804900
41 10 40.598900
42 10 55.134100
43 10 58.654900
44 10 4.858750
45 10 12.927400
46 10 25.071500
47 10 30.633000
48 10 29.102500
49 10 84.150200
50 10 61.922700
51 10 54.935200
52 10 46.206900
53 10 45.510200
54 10 43.572600
55 10 66.325400
56 10 78.773500
57 10 98.413900
58 10 100.035000
59 10 74.166400
60 10 87.732500
61 10 71.465000
62 10 61.096500
63 10 42.748900
64 10 39.537500
65 10 38.011600
66 10 43.836100
67 10 84.213100
68 10 114.941000
69 10 92.611900
70 10 105.049000
71 10 88.808300
72 10 89.678700
73 10 87.700500
74 10 83.429600
75 10 84.758800
76 10 78.323300
77 10 70.286500
78 10 73.465400
79 10 85.842400
80 10 100.566000
81 10 111.514000
82 10 107.778000
83 10 109.826000
84 10 83.308900
85 10 82.193700
86 10 59.186500
87 10 47.444200
88 10 63.129300
89 10 79.867500
90 10 79.196100
91 10 99.523100
92 10 120.942000
93 10 117.198000
94 10 114.629000
95 10 103.433000
96 10 90.831000
97 10 0.061560
98 10 0.000000
99 10 0.041864
100 10 0.000000
101 10 65.420700
102 10 59.477300
103 10 54.714400
104 10 48.633900
105 10 40.921000
106 10 38.089700
107 10 65.910500
108 10 79.474800
109 10 89.805000
110 10 68.730300
111 10 95.414000
112 10 81.788800
113 10 75.124200
114 10 66.819600
115 10 55.676200
116 10 53.683600
117 10 57.392700
118 10 85.549100
119 10 92.141500
120 10 99.984600
121 10 0.115135
122 10 0.000000
123 10 0.088264
124 10 0.000000
125 10 0.116788
126 10 0.000000
127 10 40.589100
128 10 49.362600
129 10 61.025200
130 10 85.939100
131 10 89.785100
132 10 72.358200
133 10 79.581400
134 10 73.958500
135 10 72.523500
136 10 76.483300
137 10 74.496100
138 10 63.587100
139 10 68.257600
140 10 77.365200
141 10 81.990600
142 10 93.965400
143 10 84.156200
144 10 0.024092
145 10 0.000000
146 10 0.000600
147 10 0.000000
148 10 0.013850
149 10 0.041600
150 10 0.021106
151 10 0.392500
152 10 66.143200
153 10 63.861900
154 10 20.534400
155 10 15.464400
156 10 28.358900
157 10 23.227700
158 10 19.570400
159 10 83.181400
160 10 92.594800
161 10 96.066100
162 10 97.789400
163 10 91.914000
164 10 97.073700
165 10 0.081997
166 10 0.131100
167 10 0.163485
168 10 0.259100
169 10 0.227009
170 10 0.335400
171 10 0.265932
172 10 0.811400
173 10 84.554800
174 10 87.528800
175 10 88.807000
176 10 86.692900
177 10 79.328600
178 10 84.393000
179 10 100.600000
180 10 106.501000
181 10 101.329000
182 10 0.283061
183 10 0.646700
184 10 0.297467
185 10 0.370000
186 10 0.318483
187 10 0.161800
188 10 0.359593
189 10 0.006600
190 10 0.368135
191 10 0.000000
192 10 0.295840
193 10 0.000000
194 10 121.639000
195 10 103.226000
196 10 90.433500
197 10 72.591500
198 10 0.228079
199 10 0.000000
200 10 0.238204
201 10 0.000000
202 10 0.240408
203 10 0.000000
204 10 0.247677
205 10 0.000000
206 10 0.293352
207 10 0.000000
208 10 0.474724
209 10 0.000000
210 10 12.232500
211 10 0.000000
212 10 1.581480
213 10 0.000000
214 10 0.741824
215 10 2.625700
216 10 0.651641
217 10 0.000000
218 10 0.000000
219 10 0.000000
220 10 0.000000
221 10 0.686382
222 10 0.862559
223 10 0.000000
224 10 3.667170
225 10 0.000000
226 10 0.979225
227 10 0.456381
228 10 0.636209
229 10 0.318641
230 10 0.318130
231 10 0.259839
;

param Prob0 :=
1	0.100
2	0.200
3	0.100
4	0.000
5	0.100
6	0.100
7	0.100
8	0.100
9	0.100
10	0.100
;
set c[0,5] := 5 1 2 3 4 6 7 8 9 10;
set c[1,2] := 2 1 4 10;
set c[1,7] := 7 5;
set c[1,3] := 3;
set c[1,8] := 8 6 9;
set c[2,7] := 7 5;
set c[2,6] := 6 8 9;
set c[2,3] := 3;
set c[2,1] := 1 2 4 10;
set c[3,10] := 10 1 2 4;
set c[3,3] := 3;
set c[3,9] := 9 6 8;
set c[3,7] := 7;
set c[3,5] := 5;
set c[4,6] := 6 9 8;
set c[4,7] := 7;
set c[4,5] := 5;
set c[4,3] := 3;
set c[4,4] := 4 10 1 2;
set c[5,7] := 7;
set c[5,2] := 2 4 10 1;
set c[5,5] := 5;
set c[5,3] := 3;
set c[5,9] := 9 6 8;
set c[6,9] := 9 6 8;
set c[6,5] := 5;
set c[6,10] := 10 2 4 1;
set c[6,3] := 3;
set c[6,7] := 7;
set c[7,5] := 5;
set c[7,1] := 1 10 2 4;
set c[7,3] := 3;
set c[7,7] := 7;
set c[7,8] := 8 9 6;
set c[8,9] := 9 8 6;
set c[8,3] := 3;
set c[8,2] := 2 1 10 4;
set c[8,7] := 7;
set c[8,5] := 5;
set c[9,4] := 4 2 1 10;
set c[9,7] := 7;
set c[9,3] := 3;
set c[9,5] := 5;
set c[9,9] := 9 8 6;
set c[10,9] := 9 8 6;
set c[10,7] := 7;
set c[10,3] := 3;
set c[10,5] := 5;
set c[10,2] := 2 4 1 10;
set c[11,4] := 4 2 1 10;
set c[11,3] := 3;
set c[11,7] := 7;
set c[11,5] := 5;
set c[11,8] := 8 6;
set c[11,9] := 9;
set c[12,7] := 7;
set c[12,8] := 8 6;
set c[12,5] := 5;
set c[12,3] := 3;
set c[12,9] := 9;
set c[12,2] := 2 4;
set c[12,10] := 10 1;
set c[13,10] := 10 1;
set c[13,3] := 3;
set c[13,9] := 9;
set c[13,2] := 2 4;
set c[13,5] := 5;
set c[13,8] := 8 6;
set c[13,7] := 7;
set c[14,3] := 3;
set c[14,8] := 8 6;
set c[14,7] := 7;
set c[14,5] := 5;
set c[14,9] := 9;
set c[14,2] := 2 4;
set c[14,10] := 10 1;
set c[15,8] := 8 6;
set c[15,5] := 5;
set c[15,7] := 7;
set c[15,10] := 10 1;
set c[15,9] := 9;
set c[15,2] := 2 4;
set c[15,3] := 3;
set c[16,10] := 10 1;
set c[16,3] := 3;
set c[16,5] := 5;
set c[16,7] := 7;
set c[16,2] := 2 4;
set c[16,9] := 9;
set c[16,8] := 8;
set c[16,6] := 6;
set c[17,7] := 7;
set c[17,2] := 2 4;
set c[17,9] := 9;
set c[17,8] := 8;
set c[17,6] := 6;
set c[17,3] := 3;
set c[17,5] := 5;
set c[17,10] := 10 1;
set c[18,5] := 5;
set c[18,6] := 6;
set c[18,3] := 3;
set c[18,2] := 2 4;
set c[18,8] := 8;
set c[18,10] := 10 1;
set c[18,9] := 9;
set c[18,7] := 7;
set c[19,9] := 9;
set c[19,8] := 8;
set c[19,2] := 2 4;
set c[19,3] := 3;
set c[19,6] := 6;
set c[19,10] := 10 1;
set c[19,7] := 7;
set c[19,5] := 5;
set c[20,5] := 5;
set c[20,7] := 7;
set c[20,10] := 10 1;
set c[20,8] := 8;
set c[20,3] := 3;
set c[20,6] := 6;
set c[20,2] := 2 4;
set c[20,9] := 9;
set c[21,7] := 7;
set c[21,3] := 3;
set c[21,10] := 10 1;
set c[21,2] := 2 4;
set c[21,6] := 6;
set c[21,8] := 8;
set c[21,9] := 9;
set c[21,5] := 5;
set c[22,9] := 9;
set c[22,2] := 2 4;
set c[22,3] := 3;
set c[22,10] := 10;
set c[22,1] := 1;
set c[22,8] := 8;
set c[22,5] := 5;
set c[22,6] := 6;
set c[22,7] := 7;
set c[23,5] := 5;
set c[23,2] := 2 4;
set c[23,7] := 7;
set c[23,6] := 6;
set c[23,3] := 3;
set c[23,10] := 10;
set c[23,8] := 8;
set c[23,1] := 1;
set c[23,9] := 9;
set c[24,10] := 10;
set c[24,9] := 9;
set c[24,7] := 7;
set c[24,1] := 1;
set c[24,8] := 8;
set c[24,6] := 6;
set c[24,3] := 3;
set c[24,2] := 2 4;
set c[24,5] := 5;
set c[25,8] := 8;
set c[25,2] := 2 4;
set c[25,1] := 1;
set c[25,7] := 7;
set c[25,5] := 5;
set c[25,3] := 3;
set c[25,6] := 6;
set c[25,9] := 9;
set c[25,10] := 10;
set c[26,5] := 5;
set c[26,10] := 10;
set c[26,2] := 2 4;
set c[26,7] := 7;
set c[26,9] := 9;
set c[26,1] := 1;
set c[26,6] := 6;
set c[26,3] := 3;
set c[26,8] := 8;
set c[27,3] := 3;
set c[27,10] := 10;
set c[27,9] := 9;
set c[27,2] := 2 4;
set c[27,7] := 7;
set c[27,1] := 1;
set c[27,6] := 6;
set c[27,8] := 8;
set c[27,5] := 5;
set c[28,2] := 2 4;
set c[28,7] := 7;
set c[28,10] := 10;
set c[28,8] := 8;
set c[28,6] := 6;
set c[28,1] := 1;
set c[28,9] := 9;
set c[28,5] := 5;
set c[28,3] := 3;
set c[29,10] := 10;
set c[29,8] := 8;
set c[29,1] := 1;
set c[29,5] := 5;
set c[29,7] := 7;
set c[29,9] := 9;
set c[29,6] := 6;
set c[29,3] := 3;
set c[29,2] := 2 4;
set c[30,9] := 9;
set c[30,2] := 2 4;
set c[30,6] := 6;
set c[30,8] := 8;
set c[30,5] := 5;
set c[30,1] := 1;
set c[30,7] := 7;
set c[30,3] := 3;
set c[30,10] := 10;
set c[31,3] := 3;
set c[31,2] := 2 4;
set c[31,5] := 5;
set c[31,8] := 8;
set c[31,7] := 7;
set c[31,10] := 10;
set c[31,1] := 1;
set c[31,6] := 6;
set c[31,9] := 9;
set c[32,1] := 1;
set c[32,7] := 7;
set c[32,6] := 6;
set c[32,8] := 8;
set c[32,5] := 5;
set c[32,2] := 2 4;
set c[32,9] := 9;
set c[32,10] := 10;
set c[32,3] := 3;
set c[33,10] := 10;
set c[33,5] := 5;
set c[33,3] := 3;
set c[33,8] := 8;
set c[33,2] := 2 4;
set c[33,9] := 9;
set c[33,6] := 6;
set c[33,7] := 7;
set c[33,1] := 1;
set c[34,9] := 9;
set c[34,2] := 2 4;
set c[34,8] := 8;
set c[34,5] := 5;
set c[34,3] := 3;
set c[34,7] := 7;
set c[34,1] := 1;
set c[34,6] := 6;
set c[34,10] := 10;

