#erel:= 0.850;
#emax:= 2566.514;
#q:= 0.000;
#nesce:=    10;
#etime:= 0.048;
#snodes:=   273;
param nS:=    10;
param nSG:=    34;
param nRVSG :=
1 24
5 2
9 2
13 2
17 2
21 9
25 2
29 2
33 2
2 24
6 2
10 2
14 2
18 2
22 2
26 2
30 2
34 24
3 24
7 20
11 17
15 2
19 2
23 2
27 2
31 2
4 24
8 2
12 2
16 13
20 2
24 2
28 4
32 2
;


param ScenF :=
1 64.0179
59 34.4368
117 48.2104
175 19.7069
2 77.2596
60 30.9259
118 51.2838
176 15.4178
3 64.7034
61 24.0029
119 68.2662
177 22.3312
4 56.8723
62 26.9517
120 64.0035
178 50.4274
5 55.3394
63 26.7955
121 0.15788
179 75.351
6 53.8543
64 26.6449
122 0
180 89.1141
7 53.6402
65 26.3897
123 0.162446
181 61.4077
8 45.6959
66 23.837
124 0
182 0
9 49.0781
67 50.0589
125 0.174367
183 0.6074
10 47.6717
68 79.1001
126 0
184 0
11 45.2593
69 88.1793
127 34.4997
185 0.4684
12 38.5637
70 76.6846
128 55.5721
186 0.00366548
13 35.8177
71 81.7998
129 55.98
187 0.2587
14 37.7878
72 82.8391
130 47.5013
188 0.0630998
15 33.64
73 56.667
131 60.7697
189 0.005
16 23.5406
74 87.0505
132 63.6278
190 0.0990759
17 22.1817
75 83.1007
133 57.5402
191 0
18 27.8829
76 78.8664
134 49.8972
192 0.120923
19 46.3208
77 73.6092
135 53.1825
193 0
20 70.8769
78 75.2756
136 56.3034
194 100.802
21 75.8517
79 75.663
137 61.9533
195 93.0024
22 80.7477
80 68.3426
138 59.4975
196 85.9645
23 89.7108
81 63.788
139 55.1538
197 77.0589
24 68.1309
82 59.0527
140 60.6035
198 0.138897
25 17.0428
83 69.2469
141 90.2579
199 0
26 23.9193
84 76.5062
142 107.984
200 0.165122
27 27.519
85 73.1869
143 88.7079
201 0
28 28.8687
86 71.2034
144 0.177742
202 0.17953
29 31.6961
87 70.0007
145 0
203 0
30 30.1421
88 64.7079
146 0.156472
204 0.204065
31 28.3935
89 66.6526
147 0
205 0
32 20.3274
90 71.1351
148 0.122499
206 0.251898
33 24.6018
91 83.4292
149 0.0504
207 0
34 53.9635
92 95.9714
150 0.0571976
208 0
35 75.8248
93 110.93
151 0.3182
209 0
36 65.719
94 104.946
152 35.3114
210 0
37 66.5785
95 104.366
153 43.97
211 0
38 58.5347
96 99.4335
154 47.0299
212 0
39 61.0362
97 0.158027
155 42.1231
213 0
40 73.5648
98 0
156 36.1342
214 0
41 98.1021
99 0.16082
157 36.8399
215 0
42 84.7404
100 0
158 37.0193
216 0.0947942
43 57.7154
101 40.8709
159 37.3076
217 5.28471
44 19.6056
102 60.8574
160 34.9941
218 18.6601
45 16.1252
103 61.1371
161 39.3737
219 17.1798
46 18.4702
104 57.9082
162 55.999
220 26.9458
47 17.7579
105 54.5327
163 65.8361
221 22.2984
48 20.0757
106 52.0092
164 58.8078
222 0
49 39.469
107 49.5453
165 3.4448e-05
223 0
50 65.4397
108 48.7412
166 0.518
224 137.066
51 52.3971
109 59.5582
167 0
225 30.2974
52 48.4854
110 65.0669
168 0.6372
226 0
53 43.6031
111 59.4468
169 0
227 1.05803
54 39.8583
112 51.6611
170 0.687
228 1.22109
55 32.9352
113 46.4299
171 0
229 2.48119
56 23.2443
114 52.7863
172 0.6777
230 2.51719
57 31.2638
115 52.789
173 19.1626
231 4.03079
58 38.4689
116 48.8405
174 19.0148
;


param ScenO :=
1 76.71
59 83.5
117 77.35
175 55.52
2 67.2
60 79.43
118 84
176 49.62
3 63.21
61 76
119 93.39
177 69.07
4 60.37
62 73.92
120 98
178 86
5 58
63 72.79
121 0.526
179 101.98
6 54.1
64 75.74
122 0
180 100.74
7 55.64
65 80.5
123 0.628
181 105
8 59.34
66 84.33
124 0
182 0.929
9 65.1
67 94.48
125 0.755
183 0.61
10 79.89
68 101.98
126 0
184 0.903
11 85.5
69 104.34
127 81.61
185 0.471
12 82.43
70 105
128 52
186 0.853
13 76.37
71 104.81
129 52
187 0.241
14 71.92
72 101.62
130 59.34
188 0.738
15 70.8
73 80.63
131 66
189 0.003
16 75.74
74 64.99
132 80.8
190 0.61
17 80.5
75 62
133 85.5
191 0
18 84.33
76 56.46
134 67.01
192 0.53
19 93.38
77 56
135 65.97
193 0
20 101.98
78 50.1
136 65.45
194 103.89
21 104.34
79 53
137 65.25
195 101
22 105
80 55.34
138 72.45
196 82.95
23 104.81
81 63.1
139 76.55
197 62.16
24 101.62
82 77.89
140 82
198 0.471
25 24.44
83 82.15
141 93.38
199 0
26 43.12
84 77.43
142 101.98
200 0.472
27 42.72
85 71.37
143 104.34
201 0
28 45.52
86 69.92
144 0.821
202 0.573
29 48.6
87 67.79
145 0
203 0
30 49.6
88 71.74
146 0.814
204 0.733
31 54.8
89 77
147 0
205 0
32 70
90 84.18
148 0.839
206 0.885
33 54.44
91 97.09
149 0.048
207 0
34 28.76
92 101.98
150 0.881
208 0.056446
35 33.76
93 104.34
151 0.32
209 0.200893
36 66
94 105.04
152 61.51
210 0.260402
37 47.44
95 104.81
153 75
211 0.563525
38 52.68
96 101.62
154 80.5
212 0.297241
39 52.88
97 0.225
155 43.35
213 0.661368
40 49.88
98 0
156 53.72
214 0.331237
41 64.8
99 0.381
157 64
215 0.496293
42 34.8
100 0
158 64
216 0.406759
43 22.76
101 82.21
159 69.25
217 0.222431
44 9.52
102 64
160 75.52
218 0.164795
45 10
103 59.57
161 82
219 -0.07655
46 9.12
104 56.56
162 93.38
220 -0.131334
47 9.12
105 53.08
163 101.98
221 0.078142
48 10
106 52.59
164 104.35
222 0.17952
49 85.99
107 54.8
165 0.928
223 0.169263
50 65.05
108 63
166 0.518
224 0.053913
51 63.2
109 69.51
167 0.94
225 -0.154986
52 60.37
110 79.92
168 0.637
226 0.301242
53 55.5
111 84
169 0.942
227 0.408806
54 50.1
112 77
170 0.689
228 0.631972
55 53.81
113 70.37
171 0.939
229 0.709238
56 54.34
114 68
172 0.681
230 0.114684
57 65.05
115 68
173 47.96
231 0.354064
58 77.39
116 72.45
174 51
;


param Scen0 :=
1 1 109.489000
2 1 83.984200
3 1 60.642500
4 1 49.060100
5 1 51.550400
6 1 47.767900
7 1 51.152400
8 1 37.422800
9 1 49.726300
10 1 55.718900
11 1 35.344100
12 1 36.412200
13 1 40.925200
14 1 31.516600
15 1 29.364400
16 1 22.178400
17 1 32.637900
18 1 30.236000
19 1 54.466800
20 1 63.152300
21 1 80.087100
22 1 82.691100
23 1 76.576600
24 1 54.965400
25 1 21.276900
26 1 23.577800
27 1 25.583000
28 1 24.025100
29 1 25.910100
30 1 28.469000
31 1 29.019500
32 1 35.015400
33 1 37.358500
34 1 70.720900
35 1 69.437600
36 1 73.006500
37 1 67.651900
38 1 67.816900
39 1 68.115700
40 1 80.509400
41 1 94.944600
42 1 95.668400
43 1 57.235400
44 1 0.000000
45 1 1.214490
46 1 15.638500
47 1 15.737300
48 1 18.525400
49 1 59.799900
50 1 53.415900
51 1 50.376300
52 1 45.158300
53 1 43.014500
54 1 35.012700
55 1 34.403900
56 1 30.508500
57 1 38.717100
58 1 21.735600
59 1 31.876000
60 1 33.290100
61 1 29.938900
62 1 35.670800
63 1 36.158600
64 1 28.634300
65 1 25.533600
66 1 17.975300
67 1 44.107600
68 1 58.825900
69 1 67.381100
70 1 58.784300
71 1 68.301600
72 1 69.467800
73 1 72.471300
74 1 80.036400
75 1 76.131400
76 1 68.317000
77 1 63.025000
78 1 66.283500
79 1 72.514600
80 1 70.561000
81 1 66.309700
82 1 36.264800
83 1 60.652100
84 1 66.576100
85 1 64.190900
86 1 60.055200
87 1 60.788300
88 1 56.563800
89 1 63.715600
90 1 51.827300
91 1 70.419700
92 1 78.807100
93 1 87.167500
94 1 82.387200
95 1 87.829400
96 1 79.441100
97 1 0.166833
98 1 0.000000
99 1 0.188389
100 1 0.000000
101 1 68.496200
102 1 59.227300
103 1 58.112800
104 1 50.587000
105 1 50.509400
106 1 45.428300
107 1 60.635700
108 1 65.381600
109 1 46.009500
110 1 21.230800
111 1 37.693500
112 1 32.226900
113 1 25.374000
114 1 32.182400
115 1 38.131500
116 1 32.810100
117 1 22.027400
118 1 56.599500
119 1 64.595300
120 1 68.411700
121 1 0.220101
122 1 0.000000
123 1 0.193637
124 1 0.000000
125 1 0.150450
126 1 0.000000
127 1 46.970000
128 1 36.640200
129 1 37.956100
130 1 56.821100
131 1 60.304500
132 1 62.153000
133 1 63.969600
134 1 64.125200
135 1 63.337300
136 1 67.429800
137 1 70.271200
138 1 66.421200
139 1 60.949000
140 1 69.444200
141 1 81.497200
142 1 88.220200
143 1 93.340200
144 1 0.112743
145 1 0.000000
146 1 0.042493
147 1 0.000000
148 1 0.000000
149 1 2.750100
150 1 0.000000
151 1 2.634600
152 1 50.144800
153 1 50.636800
154 1 67.644200
155 1 46.099800
156 1 4.887130
157 1 23.381100
158 1 43.512000
159 1 22.016800
160 1 8.401360
161 1 17.610500
162 1 74.171200
163 1 85.399900
164 1 94.597900
165 1 0.000000
166 1 0.404200
167 1 0.000000
168 1 0.173200
169 1 0.000000
170 1 0.248200
171 1 0.000000
172 1 0.350400
173 1 44.155000
174 1 27.459400
175 1 26.157000
176 1 21.617900
177 1 29.130400
178 1 43.112900
179 1 60.468300
180 1 62.691800
181 1 64.995400
182 1 0.000000
183 1 0.614900
184 1 0.000000
185 1 0.191600
186 1 0.000000
187 1 0.122600
188 1 0.000000
189 1 0.004400
190 1 0.000000
191 1 0.000000
192 1 0.000000
193 1 0.000000
194 1 87.353600
195 1 87.197500
196 1 78.119900
197 1 74.185500
198 1 0.000000
199 1 0.000000
200 1 0.052935
201 1 0.000000
202 1 0.121450
203 1 0.000000
204 1 0.175483
205 1 0.000000
206 1 0.254956
207 1 0.000000
208 1 0.538112
209 1 0.000000
210 1 11.188900
211 1 0.000000
212 1 1.323420
213 1 0.000000
214 1 0.492243
215 1 0.000000
216 1 0.161491
217 1 4.745940
218 1 20.073800
219 1 17.606800
220 1 28.055800
221 1 18.288000
222 1 0.063497
223 1 185.951000
224 1 19.912900
225 1 0.000000
226 1 2.808940
227 1 1.692730
228 1 1.460800
229 1 2.480190
230 1 2.619530
231 1 3.928940
1 2 108.211000
2 2 89.325700
3 2 75.242100
4 2 71.106200
5 2 70.243500
6 2 61.265500
7 2 70.427200
8 2 59.992400
9 2 56.690800
10 2 54.876400
11 2 59.680100
12 2 51.926300
13 2 55.545500
14 2 57.201800
15 2 43.136000
16 2 34.051000
17 2 28.484900
18 2 24.959300
19 2 51.816100
20 2 54.945700
21 2 72.498300
22 2 73.765600
23 2 85.130800
24 2 73.084500
25 2 20.717400
26 2 23.671300
27 2 19.248800
28 2 24.967900
29 2 28.583100
30 2 25.407000
31 2 23.725700
32 2 20.151700
33 2 27.385300
34 2 57.016100
35 2 75.240200
36 2 56.239000
37 2 59.794700
38 2 53.246600
39 2 62.674600
40 2 69.314000
41 2 90.472100
42 2 88.164500
43 2 69.125300
44 2 29.531400
45 2 25.688300
46 2 28.220000
47 2 26.098200
48 2 29.126900
49 2 84.089700
50 2 61.718300
51 2 54.449000
52 2 52.265500
53 2 50.609200
54 2 31.303500
55 2 37.207600
56 2 33.673800
57 2 27.286700
58 2 33.426400
59 2 37.913800
60 2 34.862000
61 2 29.274700
62 2 32.471500
63 2 43.322500
64 2 38.352000
65 2 36.725400
66 2 25.020500
67 2 71.662800
68 2 75.344600
69 2 94.855000
70 2 77.322600
71 2 96.667500
72 2 97.220900
73 2 92.181700
74 2 92.602400
75 2 84.948200
76 2 86.520400
77 2 79.896000
78 2 88.767600
79 2 90.561100
80 2 63.437400
81 2 61.908000
82 2 55.586900
83 2 65.556000
84 2 74.901000
85 2 74.627300
86 2 74.226700
87 2 74.904200
88 2 72.520700
89 2 71.608000
90 2 75.978400
91 2 83.598800
92 2 90.382100
93 2 101.649000
94 2 108.514000
95 2 115.274000
96 2 100.707000
97 2 0.169312
98 2 0.000000
99 2 0.191665
100 2 0.000000
101 2 82.274800
102 2 63.342500
103 2 64.376100
104 2 64.245000
105 2 54.198500
106 2 52.719600
107 2 62.927300
108 2 67.255600
109 2 49.349300
110 2 49.474500
111 2 59.270400
112 2 53.169600
113 2 46.412400
114 2 51.580300
115 2 57.725200
116 2 57.405500
117 2 52.789800
118 2 46.464400
119 2 75.721900
120 2 81.083300
121 2 0.188827
122 2 0.000000
123 2 0.192332
124 2 0.000000
125 2 0.214604
126 2 0.000000
127 2 54.432300
128 2 39.704600
129 2 49.659700
130 2 58.870100
131 2 61.055200
132 2 52.775300
133 2 49.718600
134 2 47.911200
135 2 42.860400
136 2 48.163800
137 2 45.046700
138 2 25.981000
139 2 40.393600
140 2 45.636600
141 2 75.700400
142 2 106.209000
143 2 137.805000
144 2 0.237264
145 2 0.000000
146 2 0.201034
147 2 0.000000
148 2 0.080057
149 2 0.019500
150 2 0.000000
151 2 0.085300
152 2 12.640500
153 2 22.729000
154 2 33.588700
155 2 44.667900
156 2 45.831900
157 2 42.890600
158 2 41.574200
159 2 35.792700
160 2 34.235600
161 2 33.075200
162 2 59.872400
163 2 54.847100
164 2 71.403200
165 2 0.165859
166 2 0.754200
167 2 0.056039
168 2 0.719700
169 2 0.115389
170 2 0.182600
171 2 0.007461
172 2 27.274000
173 2 12.467000
174 2 10.343400
175 2 4.050400
176 2 0.000000
177 2 0.000000
178 2 6.730550
179 2 48.109600
180 2 76.399500
181 2 93.033100
182 2 0.000000
183 2 2.390900
184 2 0.000000
185 2 0.259000
186 2 0.025650
187 2 0.131000
188 2 0.103504
189 2 0.009200
190 2 0.201068
191 2 0.000000
192 2 0.276866
193 2 0.000000
194 2 86.703900
195 2 81.032700
196 2 86.298700
197 2 81.879200
198 2 0.298031
199 2 0.000000
200 2 0.311947
201 2 0.000000
202 2 0.295138
203 2 0.000000
204 2 0.271681
205 2 0.000000
206 2 0.295697
207 2 0.000000
208 2 0.653364
209 2 0.000000
210 2 19.567000
211 2 0.441097
212 2 0.000000
213 2 0.000000
214 2 0.105090
215 2 0.000000
216 2 0.105645
217 2 5.215940
218 2 19.580000
219 2 18.852200
220 2 27.671200
221 2 19.843900
222 2 2.052600
223 2 220.590000
224 2 0.000000
225 2 30.758700
226 2 0.982485
227 2 1.873840
228 2 1.788420
229 2 2.661760
230 2 2.799050
231 2 3.922440
1 3 108.211000
2 3 89.325700
3 3 75.242100
4 3 71.106200
5 3 70.243500
6 3 61.265500
7 3 70.427200
8 3 59.992400
9 3 56.690800
10 3 54.876400
11 3 59.680100
12 3 51.926300
13 3 55.545500
14 3 57.201800
15 3 43.136000
16 3 34.051000
17 3 28.484900
18 3 24.959300
19 3 51.816100
20 3 54.945700
21 3 72.498300
22 3 73.765600
23 3 85.130800
24 3 73.084500
25 3 20.717400
26 3 23.671300
27 3 19.248800
28 3 24.967900
29 3 28.583100
30 3 25.407000
31 3 23.725700
32 3 20.151700
33 3 27.385300
34 3 57.016100
35 3 75.240200
36 3 56.239000
37 3 59.794700
38 3 53.246600
39 3 62.674600
40 3 69.314000
41 3 90.472100
42 3 88.164500
43 3 69.125300
44 3 29.531400
45 3 25.688300
46 3 28.220000
47 3 26.098200
48 3 29.126900
49 3 84.089700
50 3 61.718300
51 3 54.449000
52 3 52.265500
53 3 50.609200
54 3 31.303500
55 3 37.207600
56 3 33.673800
57 3 27.286700
58 3 33.426400
59 3 37.913800
60 3 34.862000
61 3 29.274700
62 3 32.471500
63 3 43.322500
64 3 38.352000
65 3 36.725400
66 3 25.020500
67 3 71.662800
68 3 75.344600
69 3 94.855000
70 3 77.322600
71 3 96.667500
72 3 97.220900
73 3 77.120000
74 3 79.460600
75 3 82.793300
76 3 71.919000
77 3 66.027400
78 3 80.846400
79 3 80.157700
80 3 75.964800
81 3 74.530200
82 3 77.333700
83 3 86.985500
84 3 81.186500
85 3 70.748400
86 3 70.658600
87 3 70.477800
88 3 58.737200
89 3 61.603500
90 3 71.252300
91 3 84.589600
92 3 86.373100
93 3 102.732000
94 3 106.109000
95 3 105.238000
96 3 101.352000
97 3 0.152589
98 3 0.000000
99 3 0.140320
100 3 0.000000
101 3 50.065400
102 3 50.776600
103 3 59.639900
104 3 46.645800
105 3 41.493400
106 3 61.267000
107 3 64.110100
108 3 67.663800
109 3 79.543700
110 3 83.460200
111 3 73.384800
112 3 61.176400
113 3 49.551200
114 3 48.182700
115 3 50.934100
116 3 43.447200
117 3 40.681100
118 3 47.817200
119 3 70.218400
120 3 77.865200
121 3 0.121611
122 3 0.000000
123 3 0.073297
124 3 0.000000
125 3 0.034739
126 3 0.000000
127 3 28.459500
128 3 22.725300
129 3 30.807800
130 3 45.632600
131 3 50.958600
132 3 60.033100
133 3 51.912400
134 3 41.212900
135 3 39.355100
136 3 46.912600
137 3 46.630100
138 3 44.944900
139 3 52.031700
140 3 71.579900
141 3 83.467500
142 3 100.301000
143 3 121.014000
144 3 0.112916
145 3 0.000000
146 3 0.074315
147 3 0.000000
148 3 0.026221
149 3 0.014300
150 3 0.000000
151 3 0.171900
152 3 52.708900
153 3 40.652400
154 3 4.130570
155 3 23.047200
156 3 27.235200
157 3 36.816900
158 3 41.088300
159 3 41.920100
160 3 33.710800
161 3 18.231700
162 3 34.455500
163 3 53.448600
164 3 57.592700
165 3 0.000000
166 3 0.251900
167 3 0.025458
168 3 0.412500
169 3 0.083121
170 3 0.061600
171 3 0.139925
172 3 1.433800
173 3 13.829000
174 3 5.170300
175 3 3.548030
176 3 6.082910
177 3 30.709800
178 3 56.913500
179 3 78.596800
180 3 60.432600
181 3 98.108400
182 3 0.174966
183 3 0.166500
184 3 0.192152
185 3 0.420900
186 3 0.192716
187 3 0.029000
188 3 0.235855
189 3 0.003300
190 3 0.267103
191 3 0.000000
192 3 0.287832
193 3 0.000000
194 3 112.568000
195 3 100.522000
196 3 105.182000
197 3 81.899500
198 3 0.288078
199 3 0.000000
200 3 0.306074
201 3 0.000000
202 3 0.303340
203 3 0.000000
204 3 0.302271
205 3 0.000000
206 3 0.342931
207 3 0.000000
208 3 0.000000
209 3 0.000000
210 3 0.000000
211 3 0.000000
212 3 0.000000
213 3 0.000000
214 3 0.309020
215 3 0.000000
216 3 0.026378
217 3 5.301530
218 3 19.659600
219 3 18.346600
220 3 27.865100
221 3 21.081600
222 3 0.871815
223 3 71.002300
224 3 15.618700
225 3 28.401200
226 3 0.122151
227 3 1.487980
228 3 1.487820
229 3 2.425180
230 3 2.547040
231 3 3.838460
1 4 109.489000
2 4 83.984200
3 4 60.642500
4 4 49.060100
5 4 51.550400
6 4 47.767900
7 4 51.152400
8 4 37.422800
9 4 49.726300
10 4 55.718900
11 4 35.344100
12 4 36.412200
13 4 40.925200
14 4 31.516600
15 4 29.364400
16 4 22.178400
17 4 32.637900
18 4 30.236000
19 4 54.466800
20 4 63.152300
21 4 80.087100
22 4 82.691100
23 4 76.576600
24 4 54.965400
25 4 18.504900
26 4 16.163300
27 4 19.243300
28 4 20.644300
29 4 20.647300
30 4 25.770600
31 4 24.920800
32 4 24.468400
33 4 8.976730
34 4 70.021200
35 4 90.448300
36 4 75.060000
37 4 73.145400
38 4 68.244200
39 4 74.031800
40 4 83.031900
41 4 105.675000
42 4 87.163600
43 4 58.584200
44 4 18.757700
45 4 6.786950
46 4 10.184100
47 4 17.539000
48 4 25.536800
49 4 93.223500
50 4 57.528600
51 4 62.548400
52 4 43.739900
53 4 42.110800
54 4 35.149300
55 4 41.513700
56 4 18.227900
57 4 37.253400
58 4 60.207600
59 4 31.727200
60 4 36.891500
61 4 33.525300
62 4 26.476000
63 4 26.940600
64 4 21.949100
65 4 16.686100
66 4 18.060600
67 4 63.571600
68 4 75.066900
69 4 97.185300
70 4 76.365100
71 4 79.928000
72 4 80.257300
73 4 94.932200
74 4 83.749400
75 4 87.317200
76 4 77.364000
77 4 63.237000
78 4 76.683000
79 4 75.595700
80 4 54.101100
81 4 65.128600
82 4 86.499900
83 4 66.494100
84 4 78.534200
85 4 80.074100
86 4 70.832800
87 4 62.416600
88 4 67.551900
89 4 51.704300
90 4 65.046600
91 4 90.950600
92 4 88.308100
93 4 107.361000
94 4 95.580600
95 4 95.225800
96 4 87.897500
97 4 0.185505
98 4 0.000000
99 4 0.144705
100 4 0.000000
101 4 55.458800
102 4 48.071700
103 4 45.885900
104 4 48.263700
105 4 45.875100
106 4 40.671800
107 4 36.826400
108 4 32.228100
109 4 26.693200
110 4 41.113700
111 4 37.666300
112 4 39.537100
113 4 28.165000
114 4 23.724500
115 4 20.763300
116 4 20.009800
117 4 25.770000
118 4 29.290600
119 4 22.560300
120 4 34.129900
121 4 0.156375
122 4 0.000000
123 4 0.169288
124 4 0.000000
125 4 0.188430
126 4 0.000000
127 4 44.881800
128 4 60.000000
129 4 54.766400
130 4 41.443300
131 4 43.951600
132 4 48.806000
133 4 52.986100
134 4 51.561900
135 4 54.403700
136 4 60.169000
137 4 63.428000
138 4 57.905200
139 4 57.412900
140 4 63.633400
141 4 97.119500
142 4 114.651000
143 4 117.082000
144 4 0.193736
145 4 0.000000
146 4 0.194270
147 4 0.000000
148 4 0.199550
149 4 0.006500
150 4 0.159827
151 4 3.717000
152 4 61.524400
153 4 46.694700
154 4 52.681000
155 4 43.969600
156 4 45.989700
157 4 40.104100
158 4 43.209000
159 4 35.662500
160 4 35.990200
161 4 42.310000
162 4 46.845300
163 4 57.731100
164 4 65.036200
165 4 0.260089
166 4 0.756000
167 4 0.393867
168 4 0.285300
169 4 0.422538
170 4 0.172700
171 4 0.390543
172 4 0.332700
173 4 32.022500
174 4 32.525800
175 4 33.296800
176 4 20.768100
177 4 30.963500
178 4 42.454000
179 4 72.440800
180 4 76.803900
181 4 89.312100
182 4 0.332535
183 4 0.630200
184 4 0.273222
185 4 0.795900
186 4 0.222262
187 4 0.113200
188 4 0.251148
189 4 0.001000
190 4 0.295518
191 4 0.000000
192 4 0.316959
193 4 0.000000
194 4 109.595000
195 4 65.776900
196 4 69.893800
197 4 63.764800
198 4 0.272121
199 4 0.000000
200 4 0.303480
201 4 0.000000
202 4 0.337924
203 4 0.000000
204 4 0.397017
205 4 0.000000
206 4 0.501927
207 4 0.000000
208 4 0.254872
209 4 0.000000
210 4 0.796826
211 4 0.866755
212 4 0.145313
213 4 0.000000
214 4 0.754726
215 4 0.693203
216 4 0.163045
217 4 4.793950
218 4 18.078700
219 4 17.393900
220 4 26.728200
221 4 19.746100
222 4 1.938010
223 4 199.983000
224 4 14.174700
225 4 26.326500
226 4 0.841710
227 4 1.570230
228 4 1.552290
229 4 2.473690
230 4 2.622820
231 4 3.888940
1 5 109.489000
2 5 83.984200
3 5 60.642500
4 5 49.060100
5 5 51.550400
6 5 47.767900
7 5 51.152400
8 5 37.422800
9 5 49.726300
10 5 55.718900
11 5 35.344100
12 5 36.412200
13 5 40.925200
14 5 31.516600
15 5 29.364400
16 5 22.178400
17 5 32.637900
18 5 30.236000
19 5 54.466800
20 5 63.152300
21 5 80.087100
22 5 82.691100
23 5 76.576600
24 5 54.965400
25 5 31.821800
26 5 28.877500
27 5 65.405300
28 5 65.845200
29 5 62.099200
30 5 65.106700
31 5 45.139900
32 5 27.831400
33 5 27.553500
34 5 62.831700
35 5 83.948900
36 5 57.790100
37 5 50.297100
38 5 56.314500
39 5 44.892900
40 5 62.535600
41 5 85.544400
42 5 68.706200
43 5 61.901300
44 5 51.820200
45 5 47.968900
46 5 17.234500
47 5 16.112600
48 5 25.730500
49 5 84.744700
50 5 75.771000
51 5 64.427500
52 5 56.725000
53 5 52.337800
54 5 39.419000
55 5 37.208200
56 5 26.029300
57 5 40.385700
58 5 45.912900
59 5 41.190800
60 5 14.657600
61 5 9.687700
62 5 4.938060
63 5 1.278300
64 5 4.200980
65 5 4.016260
66 5 0.000000
67 5 38.497600
68 5 83.923900
69 5 87.856700
70 5 90.567100
71 5 98.984000
72 5 93.037800
73 5 86.569800
74 5 100.682000
75 5 94.905300
76 5 92.612100
77 5 83.529200
78 5 81.571600
79 5 75.152100
80 5 76.862200
81 5 78.836800
82 5 79.098600
83 5 76.845100
84 5 62.347100
85 5 68.117600
86 5 53.756800
87 5 46.025300
88 5 54.623500
89 5 58.965000
90 5 54.618500
91 5 85.618000
92 5 112.599000
93 5 125.902000
94 5 121.367000
95 5 117.089000
96 5 105.240000
97 5 0.150196
98 5 0.000000
99 5 0.138618
100 5 0.000000
101 5 73.562800
102 5 59.931900
103 5 50.692700
104 5 50.603500
105 5 41.124800
106 5 38.864300
107 5 47.392000
108 5 57.416000
109 5 48.665900
110 5 49.969100
111 5 60.280700
112 5 44.253900
113 5 41.902000
114 5 35.612600
115 5 31.677500
116 5 37.408200
117 5 35.534700
118 5 24.521300
119 5 57.840200
120 5 79.572700
121 5 0.148244
122 5 0.000000
123 5 0.187480
124 5 0.000000
125 5 0.245043
126 5 0.000000
127 5 35.183500
128 5 37.561400
129 5 43.504400
130 5 54.786200
131 5 39.615700
132 5 22.041000
133 5 38.286100
134 5 44.126100
135 5 46.358300
136 5 61.253900
137 5 66.909000
138 5 52.632500
139 5 49.925700
140 5 59.150700
141 5 81.550000
142 5 101.046000
143 5 94.942100
144 5 0.285008
145 5 0.000000
146 5 0.251953
147 5 0.000000
148 5 0.181448
149 5 0.137200
150 5 0.071987
151 5 0.575300
152 5 50.017000
153 5 47.038000
154 5 34.283100
155 5 43.849300
156 5 54.463700
157 5 21.632100
158 5 28.294300
159 5 24.320500
160 5 18.629300
161 5 33.861400
162 5 49.070500
163 5 53.739300
164 5 62.479700
165 5 0.000000
166 5 0.201500
167 5 0.000000
168 5 0.537900
169 5 0.000000
170 5 2.310200
171 5 0.000000
172 5 1.114900
173 5 26.041200
174 5 26.582100
175 5 22.807000
176 5 7.216080
177 5 36.725200
178 5 61.877400
179 5 70.302900
180 5 72.986700
181 5 53.180200
182 5 0.000000
183 5 1.311500
184 5 0.000000
185 5 0.182400
186 5 0.000000
187 5 0.260300
188 5 0.000000
189 5 0.047200
190 5 0.000000
191 5 0.000000
192 5 0.000000
193 5 0.000000
194 5 80.183900
195 5 96.983600
196 5 85.527600
197 5 64.357200
198 5 0.030113
199 5 0.000000
200 5 0.073037
201 5 0.000000
202 5 0.091496
203 5 0.000000
204 5 0.113297
205 5 0.000000
206 5 0.176740
207 5 0.000000
208 5 0.255676
209 5 0.000000
210 5 6.175560
211 5 0.000000
212 5 0.648417
213 5 0.000000
214 5 0.180201
215 5 0.000000
216 5 0.000000
217 5 4.461160
218 5 18.940400
219 5 17.069800
220 5 26.735200
221 5 19.939800
222 5 0.153815
223 5 137.047000
224 5 0.000000
225 5 27.110900
226 5 0.000000
227 5 1.302730
228 5 1.135950
229 5 2.626380
230 5 2.658120
231 5 3.766700
1 6 109.489000
2 6 83.984200
3 6 60.642500
4 6 49.060100
5 6 51.550400
6 6 47.767900
7 6 51.152400
8 6 37.422800
9 6 49.726300
10 6 55.718900
11 6 35.344100
12 6 36.412200
13 6 40.925200
14 6 31.516600
15 6 29.364400
16 6 22.178400
17 6 32.637900
18 6 30.236000
19 6 54.466800
20 6 63.152300
21 6 80.087100
22 6 82.691100
23 6 76.576600
24 6 54.965400
25 6 18.504900
26 6 16.163300
27 6 19.243300
28 6 20.644300
29 6 20.647300
30 6 25.770600
31 6 24.920800
32 6 24.468400
33 6 8.976730
34 6 70.021200
35 6 90.448300
36 6 75.060000
37 6 73.145400
38 6 68.244200
39 6 74.031800
40 6 83.031900
41 6 105.675000
42 6 87.163600
43 6 58.584200
44 6 18.757700
45 6 6.786950
46 6 10.184100
47 6 17.539000
48 6 25.536800
49 6 93.223500
50 6 57.528600
51 6 62.548400
52 6 43.739900
53 6 42.110800
54 6 35.149300
55 6 41.513700
56 6 18.227900
57 6 37.253400
58 6 60.207600
59 6 31.727200
60 6 36.891500
61 6 33.525300
62 6 26.476000
63 6 26.940600
64 6 21.949100
65 6 16.686100
66 6 18.060600
67 6 63.571600
68 6 75.066900
69 6 97.185300
70 6 76.365100
71 6 79.928000
72 6 80.257300
73 6 94.932200
74 6 83.749400
75 6 87.317200
76 6 77.364000
77 6 63.237000
78 6 76.683000
79 6 75.595700
80 6 54.101100
81 6 65.128600
82 6 86.499900
83 6 66.494100
84 6 78.534200
85 6 80.074100
86 6 70.832800
87 6 62.416600
88 6 67.551900
89 6 51.704300
90 6 65.046600
91 6 90.950600
92 6 88.308100
93 6 107.361000
94 6 95.580600
95 6 95.225800
96 6 87.897500
97 6 0.135381
98 6 0.000000
99 6 0.102851
100 6 0.000000
101 6 78.782400
102 6 63.980200
103 6 89.565700
104 6 77.524800
105 6 74.167500
106 6 69.958500
107 6 62.498300
108 6 50.971800
109 6 77.448500
110 6 105.538000
111 6 79.218600
112 6 72.987800
113 6 73.849600
114 6 75.293300
115 6 72.919300
116 6 77.223700
117 6 63.565500
118 6 68.688300
119 6 91.871100
120 6 84.714900
121 6 0.105551
122 6 0.000000
123 6 0.095201
124 6 0.000000
125 6 0.093331
126 6 0.000000
127 6 52.888300
128 6 35.655700
129 6 55.384100
130 6 63.519600
131 6 54.473300
132 6 53.915700
133 6 43.481400
134 6 46.529700
135 6 42.797900
136 6 56.046300
137 6 56.397900
138 6 51.252200
139 6 49.511200
140 6 50.472500
141 6 80.725300
142 6 95.164500
143 6 121.281000
144 6 0.096734
145 6 0.000000
146 6 0.092104
147 6 0.000000
148 6 0.062831
149 6 0.334200
150 6 0.000000
151 6 2.231700
152 6 82.213500
153 6 24.199000
154 6 19.176200
155 6 21.940400
156 6 12.560100
157 6 4.329270
158 6 0.000000
159 6 0.000000
160 6 0.000000
161 6 4.465670
162 6 3.641330
163 6 14.350100
164 6 20.508200
165 6 0.000000
166 6 0.179500
167 6 0.000000
168 6 0.613100
169 6 0.000000
170 6 0.981700
171 6 0.000000
172 6 3.493000
173 6 1.728210
174 6 4.782010
175 6 0.000000
176 6 0.000000
177 6 8.272770
178 6 35.491400
179 6 43.480600
180 6 77.317000
181 6 102.639000
182 6 0.000000
183 6 7.668800
184 6 0.000000
185 6 1.632500
186 6 0.000000
187 6 0.241500
188 6 0.000000
189 6 0.000600
190 6 0.020404
191 6 0.000000
192 6 0.035635
193 6 0.000000
194 6 119.002000
195 6 115.418000
196 6 115.690000
197 6 98.320900
198 6 0.061247
199 6 0.000000
200 6 0.101161
201 6 0.000000
202 6 0.145505
203 6 0.000000
204 6 0.184473
205 6 0.000000
206 6 0.221873
207 6 0.000000
208 6 0.500372
209 6 0.000000
210 6 1.335060
211 6 0.045933
212 6 0.446796
213 6 0.000000
214 6 0.000000
215 6 0.084269
216 6 0.099554
217 6 4.919530
218 6 18.653900
219 6 17.595100
220 6 27.054800
221 6 20.765100
222 6 0.166944
223 6 123.267000
224 6 89.572600
225 6 27.008600
226 6 0.304062
227 6 1.626290
228 6 1.908890
229 6 2.477030
230 6 2.644280
231 6 3.897140
1 7 109.489000
2 7 83.984200
3 7 60.642500
4 7 49.060100
5 7 51.550400
6 7 47.767900
7 7 51.152400
8 7 37.422800
9 7 49.726300
10 7 55.718900
11 7 35.344100
12 7 36.412200
13 7 40.925200
14 7 31.516600
15 7 29.364400
16 7 22.178400
17 7 32.637900
18 7 30.236000
19 7 54.466800
20 7 63.152300
21 7 80.087100
22 7 82.691100
23 7 76.576600
24 7 54.965400
25 7 20.321300
26 7 15.193800
27 7 22.227700
28 7 27.276300
29 7 26.542300
30 7 29.067500
31 7 30.288200
32 7 30.715000
33 7 18.108400
34 7 30.516200
35 7 30.000800
36 7 51.416300
37 7 40.969000
38 7 38.255600
39 7 39.743600
40 7 49.088200
41 7 98.047900
42 7 79.236400
43 7 56.913200
44 7 24.665600
45 7 16.482900
46 7 18.106700
47 7 17.133700
48 7 29.943900
49 7 96.374200
50 7 67.483500
51 7 59.736200
52 7 54.241700
53 7 53.820200
54 7 44.011000
55 7 35.813300
56 7 22.277300
57 7 22.246900
58 7 30.598000
59 7 40.522400
60 7 25.154300
61 7 19.211100
62 7 20.545600
63 7 21.458900
64 7 19.254600
65 7 12.530200
66 7 17.125100
67 7 39.561800
68 7 65.621500
69 7 105.524000
70 7 86.820300
71 7 97.061100
72 7 93.086400
73 7 101.584000
74 7 82.527000
75 7 80.883400
76 7 77.366600
77 7 74.307100
78 7 71.814500
79 7 64.878100
80 7 53.322700
81 7 43.161500
82 7 43.687300
83 7 54.073300
84 7 50.651500
85 7 47.081200
86 7 50.067700
87 7 50.246200
88 7 41.542800
89 7 76.695900
90 7 83.959200
91 7 98.806400
92 7 114.331000
93 7 152.512000
94 7 136.392000
95 7 133.482000
96 7 127.385000
97 7 0.143959
98 7 0.000000
99 7 0.135239
100 7 0.000000
101 7 89.944500
102 7 57.707700
103 7 53.608200
104 7 50.562900
105 7 48.589400
106 7 44.195800
107 7 46.853400
108 7 53.026600
109 7 49.437100
110 7 47.980600
111 7 54.083800
112 7 43.601800
113 7 35.618400
114 7 39.571800
115 7 47.335700
116 7 45.817700
117 7 72.327000
118 7 83.702500
119 7 93.870200
120 7 109.860000
121 7 0.119143
122 7 0.000000
123 7 0.111239
124 7 0.000000
125 7 0.114865
126 7 0.000000
127 7 37.921600
128 7 34.946000
129 7 52.208800
130 7 52.750000
131 7 63.615700
132 7 67.930300
133 7 66.527800
134 7 63.602600
135 7 55.348200
136 7 53.732300
137 7 57.178700
138 7 49.834900
139 7 42.676200
140 7 50.264700
141 7 70.594300
142 7 85.568800
143 7 96.403500
144 7 0.116350
145 7 0.000000
146 7 0.092020
147 7 0.000000
148 7 0.058132
149 7 0.034300
150 7 0.001356
151 7 0.069400
152 7 47.145400
153 7 19.920300
154 7 37.282800
155 7 34.810000
156 7 34.007400
157 7 36.501500
158 7 25.708600
159 7 20.178700
160 7 15.949900
161 7 25.868300
162 7 52.911700
163 7 22.337000
164 7 52.972300
165 7 0.000000
166 7 0.101300
167 7 0.000000
168 7 0.410200
169 7 0.000755
170 7 0.247100
171 7 0.017377
172 7 2.482700
173 7 52.114300
174 7 9.976440
175 7 8.073200
176 7 8.139300
177 7 12.420200
178 7 70.080800
179 7 86.273000
180 7 88.617600
181 7 92.571200
182 7 0.022663
183 7 0.737500
184 7 0.030994
185 7 0.463400
186 7 0.027709
187 7 0.117100
188 7 0.000000
189 7 0.001700
190 7 0.000000
191 7 0.000000
192 7 0.000000
193 7 0.000000
194 7 80.942300
195 7 58.647400
196 7 90.708300
197 7 73.861100
198 7 0.000000
199 7 0.000000
200 7 0.019746
201 7 0.000000
202 7 0.062290
203 7 0.000000
204 7 0.096936
205 7 0.000000
206 7 0.162348
207 7 0.000000
208 7 0.150023
209 7 0.000000
210 7 13.884600
211 7 0.000000
212 7 0.000000
213 7 0.000000
214 7 0.000000
215 7 0.000000
216 7 0.000000
217 7 5.156460
218 7 18.342900
219 7 17.696500
220 7 26.454600
221 7 19.249100
222 7 0.229151
223 7 157.282000
224 7 2.120080
225 7 23.346300
226 7 0.000000
227 7 1.552150
228 7 1.506340
229 7 2.530280
230 7 2.673420
231 7 3.925850
1 8 108.211000
2 8 89.325700
3 8 75.242100
4 8 71.106200
5 8 70.243500
6 8 61.265500
7 8 70.427200
8 8 59.992400
9 8 56.690800
10 8 54.876400
11 8 59.680100
12 8 51.926300
13 8 55.545500
14 8 57.201800
15 8 43.136000
16 8 34.051000
17 8 28.484900
18 8 24.959300
19 8 51.816100
20 8 54.945700
21 8 72.498300
22 8 73.765600
23 8 85.130800
24 8 73.084500
25 8 20.717400
26 8 23.671300
27 8 19.248800
28 8 24.967900
29 8 28.583100
30 8 25.407000
31 8 23.725700
32 8 20.151700
33 8 27.385300
34 8 57.016100
35 8 75.240200
36 8 56.239000
37 8 59.794700
38 8 53.246600
39 8 62.674600
40 8 69.314000
41 8 90.472100
42 8 88.164500
43 8 69.125300
44 8 29.531400
45 8 25.688300
46 8 28.220000
47 8 26.098200
48 8 29.126900
49 8 84.089700
50 8 61.718300
51 8 54.449000
52 8 52.265500
53 8 50.609200
54 8 31.303500
55 8 37.207600
56 8 33.673800
57 8 27.286700
58 8 33.426400
59 8 37.913800
60 8 34.862000
61 8 29.274700
62 8 32.471500
63 8 43.322500
64 8 38.352000
65 8 36.725400
66 8 25.020500
67 8 71.662800
68 8 75.344600
69 8 94.855000
70 8 77.322600
71 8 96.667500
72 8 97.220900
73 8 92.181700
74 8 92.602400
75 8 84.948200
76 8 86.520400
77 8 79.896000
78 8 88.767600
79 8 90.561100
80 8 63.437400
81 8 61.908000
82 8 55.586900
83 8 65.556000
84 8 74.901000
85 8 74.627300
86 8 74.226700
87 8 74.904200
88 8 72.520700
89 8 71.608000
90 8 75.978400
91 8 83.598800
92 8 90.382100
93 8 101.649000
94 8 108.514000
95 8 115.274000
96 8 100.707000
97 8 0.169312
98 8 0.000000
99 8 0.191665
100 8 0.000000
101 8 82.274800
102 8 63.342500
103 8 64.376100
104 8 64.245000
105 8 54.198500
106 8 52.719600
107 8 62.927300
108 8 67.255600
109 8 49.349300
110 8 49.474500
111 8 59.270400
112 8 53.169600
113 8 46.412400
114 8 51.580300
115 8 57.725200
116 8 57.405500
117 8 52.789800
118 8 46.464400
119 8 75.721900
120 8 81.083300
121 8 0.188827
122 8 0.000000
123 8 0.192332
124 8 0.000000
125 8 0.214604
126 8 0.000000
127 8 54.432300
128 8 39.704600
129 8 49.659700
130 8 58.870100
131 8 61.055200
132 8 52.775300
133 8 49.718600
134 8 47.911200
135 8 42.860400
136 8 48.163800
137 8 45.046700
138 8 25.981000
139 8 40.393600
140 8 45.636600
141 8 75.700400
142 8 106.209000
143 8 137.805000
144 8 0.237264
145 8 0.000000
146 8 0.201034
147 8 0.000000
148 8 0.080057
149 8 0.019500
150 8 0.000000
151 8 0.085300
152 8 12.640500
153 8 22.729000
154 8 33.588700
155 8 44.667900
156 8 45.831900
157 8 42.890600
158 8 41.574200
159 8 35.792700
160 8 34.235600
161 8 33.075200
162 8 59.872400
163 8 54.847100
164 8 71.403200
165 8 0.165859
166 8 0.754200
167 8 0.056039
168 8 0.719700
169 8 0.115389
170 8 0.182600
171 8 0.087506
172 8 0.252700
173 8 35.632000
174 8 35.022800
175 8 38.237800
176 8 10.850700
177 8 16.712100
178 8 30.606400
179 8 52.167600
180 8 60.909900
181 8 69.864400
182 8 0.068585
183 8 1.889100
184 8 0.063490
185 8 7.605700
186 8 0.084203
187 8 2.562900
188 8 0.146518
189 8 0.001500
190 8 0.159504
191 8 0.000000
192 8 0.205655
193 8 0.000000
194 8 95.749600
195 8 92.913900
196 8 85.447500
197 8 121.227000
198 8 0.229989
199 8 0.000000
200 8 0.302024
201 8 0.000000
202 8 0.387496
203 8 0.000000
204 8 0.478672
205 8 0.000000
206 8 0.513211
207 8 0.000000
208 8 0.601930
209 8 0.000000
210 8 11.904600
211 8 0.735747
212 8 0.000000
213 8 0.000000
214 8 0.716362
215 8 0.000000
216 8 0.095970
217 8 4.916880
218 8 18.603500
219 8 17.422300
220 8 27.267700
221 8 22.814900
222 8 0.450274
223 8 0.000000
224 8 109.220000
225 8 30.090900
226 8 0.564161
227 8 1.403880
228 8 1.543230
229 8 2.480700
230 8 2.681180
231 8 3.857890
1 9 109.489000
2 9 83.984200
3 9 60.642500
4 9 49.060100
5 9 51.550400
6 9 47.767900
7 9 51.152400
8 9 37.422800
9 9 49.726300
10 9 55.718900
11 9 35.344100
12 9 36.412200
13 9 40.925200
14 9 31.516600
15 9 29.364400
16 9 22.178400
17 9 32.637900
18 9 30.236000
19 9 54.466800
20 9 63.152300
21 9 80.087100
22 9 82.691100
23 9 76.576600
24 9 54.965400
25 9 20.321300
26 9 15.193800
27 9 22.227700
28 9 27.276300
29 9 26.542300
30 9 29.067500
31 9 30.288200
32 9 30.715000
33 9 18.108400
34 9 30.516200
35 9 30.000800
36 9 51.416300
37 9 40.969000
38 9 38.255600
39 9 39.743600
40 9 49.088200
41 9 98.047900
42 9 79.236400
43 9 56.913200
44 9 24.665600
45 9 16.482900
46 9 18.106700
47 9 17.133700
48 9 29.943900
49 9 96.374200
50 9 67.483500
51 9 59.736200
52 9 54.241700
53 9 53.820200
54 9 44.011000
55 9 35.813300
56 9 22.277300
57 9 22.246900
58 9 30.598000
59 9 40.522400
60 9 25.154300
61 9 19.211100
62 9 20.545600
63 9 21.458900
64 9 19.254600
65 9 12.530200
66 9 17.125100
67 9 39.561800
68 9 65.621500
69 9 105.524000
70 9 86.820300
71 9 97.061100
72 9 93.086400
73 9 101.584000
74 9 82.527000
75 9 80.883400
76 9 77.366600
77 9 74.307100
78 9 71.814500
79 9 64.878100
80 9 53.322700
81 9 43.161500
82 9 43.687300
83 9 54.073300
84 9 50.651500
85 9 47.081200
86 9 50.067700
87 9 50.246200
88 9 41.542800
89 9 76.695900
90 9 83.959200
91 9 98.806400
92 9 114.331000
93 9 152.512000
94 9 136.392000
95 9 133.482000
96 9 127.385000
97 9 0.143959
98 9 0.000000
99 9 0.135239
100 9 0.000000
101 9 89.944500
102 9 57.707700
103 9 53.608200
104 9 50.562900
105 9 48.589400
106 9 44.195800
107 9 46.853400
108 9 53.026600
109 9 49.437100
110 9 47.980600
111 9 54.083800
112 9 43.601800
113 9 35.618400
114 9 39.571800
115 9 47.335700
116 9 45.817700
117 9 72.327000
118 9 83.702500
119 9 93.870200
120 9 109.860000
121 9 0.119143
122 9 0.000000
123 9 0.111239
124 9 0.000000
125 9 0.114865
126 9 0.000000
127 9 37.921600
128 9 34.946000
129 9 52.208800
130 9 52.750000
131 9 63.615700
132 9 67.930300
133 9 66.527800
134 9 63.602600
135 9 55.348200
136 9 53.732300
137 9 57.178700
138 9 49.834900
139 9 42.676200
140 9 50.264700
141 9 70.594300
142 9 85.568800
143 9 96.403500
144 9 0.116350
145 9 0.000000
146 9 0.092020
147 9 0.000000
148 9 0.058132
149 9 0.034300
150 9 0.001356
151 9 0.069400
152 9 47.145400
153 9 19.920300
154 9 37.282800
155 9 34.810000
156 9 34.007400
157 9 36.501500
158 9 25.708600
159 9 20.178700
160 9 15.949900
161 9 25.868300
162 9 52.911700
163 9 22.337000
164 9 52.972300
165 9 0.081770
166 9 5.697700
167 9 0.092229
168 9 0.167500
169 9 0.109241
170 9 0.380900
171 9 0.110178
172 9 0.792000
173 9 19.987200
174 9 1.747180
175 9 0.000000
176 9 0.000000
177 9 1.106310
178 9 11.075000
179 9 38.423900
180 9 65.636700
181 9 84.615100
182 9 0.097091
183 9 0.839200
184 9 0.072329
185 9 0.135800
186 9 0.067184
187 9 0.151600
188 9 0.109166
189 9 0.002300
190 9 0.113816
191 9 0.000000
192 9 0.117342
193 9 0.000000
194 9 117.123000
195 9 112.192000
196 9 112.525000
197 9 80.377800
198 9 0.116322
199 9 0.000000
200 9 0.109733
201 9 0.000000
202 9 0.120236
203 9 0.000000
204 9 0.157879
205 9 0.000000
206 9 0.226264
207 9 0.000000
208 9 0.338417
209 9 0.000000
210 9 0.000000
211 9 0.000000
212 9 0.000000
213 9 0.000000
214 9 0.463052
215 9 1.991590
216 9 0.000000
217 9 4.395860
218 9 18.758700
219 9 17.476900
220 9 26.271400
221 9 18.954400
222 9 0.429003
223 9 216.800000
224 9 0.000000
225 9 25.251500
226 9 0.915305
227 9 1.124560
228 9 1.248210
229 9 2.395580
230 9 2.602670
231 9 3.887240
1 10 108.211000
2 10 89.325700
3 10 75.242100
4 10 71.106200
5 10 70.243500
6 10 61.265500
7 10 70.427200
8 10 59.992400
9 10 56.690800
10 10 54.876400
11 10 59.680100
12 10 51.926300
13 10 55.545500
14 10 57.201800
15 10 43.136000
16 10 34.051000
17 10 28.484900
18 10 24.959300
19 10 51.816100
20 10 54.945700
21 10 72.498300
22 10 73.765600
23 10 85.130800
24 10 73.084500
25 10 20.717400
26 10 23.671300
27 10 19.248800
28 10 24.967900
29 10 28.583100
30 10 25.407000
31 10 23.725700
32 10 20.151700
33 10 27.385300
34 10 57.016100
35 10 75.240200
36 10 56.239000
37 10 59.794700
38 10 53.246600
39 10 62.674600
40 10 69.314000
41 10 90.472100
42 10 88.164500
43 10 69.125300
44 10 29.531400
45 10 25.688300
46 10 28.220000
47 10 26.098200
48 10 29.126900
49 10 84.089700
50 10 61.718300
51 10 54.449000
52 10 52.265500
53 10 50.609200
54 10 31.303500
55 10 37.207600
56 10 33.673800
57 10 27.286700
58 10 33.426400
59 10 37.913800
60 10 34.862000
61 10 29.274700
62 10 32.471500
63 10 43.322500
64 10 38.352000
65 10 36.725400
66 10 25.020500
67 10 71.662800
68 10 75.344600
69 10 94.855000
70 10 77.322600
71 10 96.667500
72 10 97.220900
73 10 92.181700
74 10 92.602400
75 10 84.948200
76 10 86.520400
77 10 79.896000
78 10 88.767600
79 10 90.561100
80 10 63.437400
81 10 61.908000
82 10 55.586900
83 10 65.556000
84 10 74.901000
85 10 74.627300
86 10 74.226700
87 10 74.904200
88 10 72.520700
89 10 71.608000
90 10 75.978400
91 10 83.598800
92 10 90.382100
93 10 101.649000
94 10 108.514000
95 10 115.274000
96 10 100.707000
97 10 0.169312
98 10 0.000000
99 10 0.191665
100 10 0.000000
101 10 82.274800
102 10 63.342500
103 10 64.376100
104 10 64.245000
105 10 54.198500
106 10 52.719600
107 10 62.927300
108 10 67.255600
109 10 49.349300
110 10 49.474500
111 10 59.270400
112 10 53.169600
113 10 46.412400
114 10 51.580300
115 10 57.725200
116 10 57.405500
117 10 52.789800
118 10 46.464400
119 10 75.721900
120 10 81.083300
121 10 0.188827
122 10 0.000000
123 10 0.192332
124 10 0.000000
125 10 0.214604
126 10 0.000000
127 10 54.432300
128 10 39.704600
129 10 49.659700
130 10 58.870100
131 10 61.055200
132 10 52.775300
133 10 49.718600
134 10 47.911200
135 10 42.860400
136 10 48.163800
137 10 45.046700
138 10 25.981000
139 10 40.393600
140 10 45.636600
141 10 75.700400
142 10 106.209000
143 10 137.805000
144 10 0.237264
145 10 0.000000
146 10 0.201034
147 10 0.000000
148 10 0.080057
149 10 0.019500
150 10 0.000000
151 10 0.085300
152 10 12.640500
153 10 22.729000
154 10 33.588700
155 10 44.667900
156 10 45.831900
157 10 42.890600
158 10 41.574200
159 10 35.792700
160 10 34.235600
161 10 33.075200
162 10 59.872400
163 10 54.847100
164 10 71.403200
165 10 0.165859
166 10 0.754200
167 10 0.056039
168 10 0.719700
169 10 0.115389
170 10 0.182600
171 10 0.087506
172 10 0.252700
173 10 35.632000
174 10 35.022800
175 10 38.237800
176 10 10.850700
177 10 16.712100
178 10 30.606400
179 10 52.167600
180 10 60.909900
181 10 69.864400
182 10 0.068585
183 10 1.889100
184 10 0.000000
185 10 1.149200
186 10 0.000000
187 10 1.233500
188 10 0.012264
189 10 0.008100
190 10 0.065507
191 10 0.000000
192 10 0.120792
193 10 0.000000
194 10 110.491000
195 10 98.000600
196 10 87.932700
197 10 81.925100
198 10 0.146900
199 10 0.000000
200 10 0.184840
201 10 0.000000
202 10 0.235635
203 10 0.000000
204 10 0.289882
205 10 0.000000
206 10 0.357488
207 10 0.000000
208 10 0.481996
209 10 0.000000
210 10 3.214450
211 10 0.000000
212 10 0.873552
213 10 0.000000
214 10 0.270191
215 10 0.237084
216 10 0.016924
217 10 4.930180
218 10 18.967200
219 10 17.578800
220 10 27.205700
221 10 19.304700
222 10 0.360648
223 10 226.253000
224 10 3.386240
225 10 23.742900
226 10 0.405418
227 10 1.469760
228 10 1.674010
229 10 2.491420
230 10 2.646220
231 10 3.781190
;

param Prob0 :=
1	0.100
2	0.100
3	0.100
4	0.100
5	0.100
6	0.100
7	0.100
8	0.100
9	0.100
10	0.100
;
set c[0,5] := 5 1 2 3 4 6 7 8 9 10;
set c[1,6] := 6 5 1 4 7 9;
set c[1,2] := 2 3 8 10;
set c[2,10] := 10 2 3 8;
set c[2,1] := 1;
set c[2,7] := 7 9;
set c[2,6] := 6 4;
set c[2,5] := 5;
set c[3,5] := 5;
set c[3,1] := 1;
set c[3,6] := 6 4;
set c[3,7] := 7 9;
set c[3,2] := 2 10 3 8;
set c[4,6] := 6 4;
set c[4,7] := 7 9;
set c[4,8] := 8 2 10;
set c[4,3] := 3;
set c[4,1] := 1;
set c[4,5] := 5;
set c[5,2] := 2 8 10;
set c[5,7] := 7 9;
set c[5,5] := 5;
set c[5,3] := 3;
set c[5,1] := 1;
set c[5,6] := 6;
set c[5,4] := 4;
set c[6,4] := 4;
set c[6,3] := 3;
set c[6,7] := 7 9;
set c[6,5] := 5;
set c[6,6] := 6;
set c[6,1] := 1;
set c[6,8] := 8 2 10;
set c[7,7] := 7 9;
set c[7,2] := 2 8 10;
set c[7,6] := 6;
set c[7,1] := 1;
set c[7,3] := 3;
set c[7,5] := 5;
set c[7,4] := 4;
set c[8,1] := 1;
set c[8,6] := 6;
set c[8,5] := 5;
set c[8,3] := 3;
set c[8,4] := 4;
set c[8,2] := 2 8 10;
set c[8,7] := 7 9;
set c[9,6] := 6;
set c[9,3] := 3;
set c[9,5] := 5;
set c[9,4] := 4;
set c[9,7] := 7 9;
set c[9,2] := 2 8 10;
set c[9,1] := 1;
set c[10,10] := 10 2 8;
set c[10,7] := 7 9;
set c[10,5] := 5;
set c[10,4] := 4;
set c[10,3] := 3;
set c[10,1] := 1;
set c[10,6] := 6;
set c[11,1] := 1;
set c[11,6] := 6;
set c[11,5] := 5;
set c[11,4] := 4;
set c[11,3] := 3;
set c[11,7] := 7 9;
set c[11,10] := 10 2 8;
set c[12,6] := 6;
set c[12,5] := 5;
set c[12,7] := 7 9;
set c[12,8] := 8 10 2;
set c[12,3] := 3;
set c[12,4] := 4;
set c[12,1] := 1;
set c[13,10] := 10 8 2;
set c[13,5] := 5;
set c[13,3] := 3;
set c[13,7] := 7 9;
set c[13,1] := 1;
set c[13,4] := 4;
set c[13,6] := 6;
set c[14,4] := 4;
set c[14,7] := 7 9;
set c[14,6] := 6;
set c[14,5] := 5;
set c[14,3] := 3;
set c[14,1] := 1;
set c[14,10] := 10 8 2;
set c[15,5] := 5;
set c[15,6] := 6;
set c[15,3] := 3;
set c[15,1] := 1;
set c[15,10] := 10 8 2;
set c[15,7] := 7 9;
set c[15,4] := 4;
set c[16,2] := 2 10 8;
set c[16,7] := 7 9;
set c[16,1] := 1;
set c[16,3] := 3;
set c[16,4] := 4;
set c[16,6] := 6;
set c[16,5] := 5;
set c[17,6] := 6;
set c[17,7] := 7;
set c[17,9] := 9;
set c[17,5] := 5;
set c[17,4] := 4;
set c[17,3] := 3;
set c[17,1] := 1;
set c[17,8] := 8 2 10;
set c[18,7] := 7;
set c[18,9] := 9;
set c[18,4] := 4;
set c[18,3] := 3;
set c[18,2] := 2 8 10;
set c[18,1] := 1;
set c[18,5] := 5;
set c[18,6] := 6;
set c[19,8] := 8 2 10;
set c[19,5] := 5;
set c[19,6] := 6;
set c[19,3] := 3;
set c[19,9] := 9;
set c[19,4] := 4;
set c[19,1] := 1;
set c[19,7] := 7;
set c[20,9] := 9;
set c[20,5] := 5;
set c[20,1] := 1;
set c[20,4] := 4;
set c[20,7] := 7;
set c[20,6] := 6;
set c[20,3] := 3;
set c[20,8] := 8 10;
set c[20,2] := 2;
set c[21,6] := 6;
set c[21,7] := 7;
set c[21,1] := 1;
set c[21,3] := 3;
set c[21,8] := 8 10;
set c[21,5] := 5;
set c[21,2] := 2;
set c[21,4] := 4;
set c[21,9] := 9;
set c[22,1] := 1;
set c[22,2] := 2;
set c[22,4] := 4;
set c[22,5] := 5;
set c[22,8] := 8 10;
set c[22,9] := 9;
set c[22,7] := 7;
set c[22,3] := 3;
set c[22,6] := 6;
set c[23,9] := 9;
set c[23,6] := 6;
set c[23,7] := 7;
set c[23,3] := 3;
set c[23,4] := 4;
set c[23,8] := 8;
set c[23,10] := 10;
set c[23,2] := 2;
set c[23,5] := 5;
set c[23,1] := 1;
set c[24,1] := 1;
set c[24,5] := 5;
set c[24,2] := 2;
set c[24,6] := 6;
set c[24,4] := 4;
set c[24,10] := 10;
set c[24,7] := 7;
set c[24,3] := 3;
set c[24,8] := 8;
set c[24,9] := 9;
set c[25,3] := 3;
set c[25,10] := 10;
set c[25,6] := 6;
set c[25,9] := 9;
set c[25,5] := 5;
set c[25,4] := 4;
set c[25,2] := 2;
set c[25,7] := 7;
set c[25,8] := 8;
set c[25,1] := 1;
set c[26,5] := 5;
set c[26,6] := 6;
set c[26,4] := 4;
set c[26,2] := 2;
set c[26,10] := 10;
set c[26,8] := 8;
set c[26,7] := 7;
set c[26,1] := 1;
set c[26,9] := 9;
set c[26,3] := 3;
set c[27,2] := 2;
set c[27,4] := 4;
set c[27,10] := 10;
set c[27,7] := 7;
set c[27,9] := 9;
set c[27,6] := 6;
set c[27,1] := 1;
set c[27,8] := 8;
set c[27,3] := 3;
set c[27,5] := 5;
set c[28,1] := 1;
set c[28,5] := 5;
set c[28,6] := 6;
set c[28,4] := 4;
set c[28,7] := 7;
set c[28,10] := 10;
set c[28,9] := 9;
set c[28,8] := 8;
set c[28,3] := 3;
set c[28,2] := 2;
set c[29,5] := 5;
set c[29,10] := 10;
set c[29,4] := 4;
set c[29,8] := 8;
set c[29,2] := 2;
set c[29,3] := 3;
set c[29,7] := 7;
set c[29,9] := 9;
set c[29,6] := 6;
set c[29,1] := 1;
set c[30,9] := 9;
set c[30,2] := 2;
set c[30,8] := 8;
set c[30,4] := 4;
set c[30,6] := 6;
set c[30,10] := 10;
set c[30,3] := 3;
set c[30,1] := 1;
set c[30,7] := 7;
set c[30,5] := 5;
set c[31,10] := 10;
set c[31,3] := 3;
set c[31,7] := 7;
set c[31,5] := 5;
set c[31,4] := 4;
set c[31,1] := 1;
set c[31,8] := 8;
set c[31,2] := 2;
set c[31,6] := 6;
set c[31,9] := 9;
set c[32,5] := 5;
set c[32,8] := 8;
set c[32,9] := 9;
set c[32,6] := 6;
set c[32,1] := 1;
set c[32,7] := 7;
set c[32,2] := 2;
set c[32,4] := 4;
set c[32,3] := 3;
set c[32,10] := 10;
set c[33,8] := 8;
set c[33,1] := 1;
set c[33,4] := 4;
set c[33,2] := 2;
set c[33,3] := 3;
set c[33,9] := 9;
set c[33,6] := 6;
set c[33,7] := 7;
set c[33,10] := 10;
set c[33,5] := 5;
set c[34,4] := 4;
set c[34,10] := 10;
set c[34,3] := 3;
set c[34,2] := 2;
set c[34,7] := 7;
set c[34,5] := 5;
set c[34,9] := 9;
set c[34,6] := 6;
set c[34,1] := 1;
set c[34,8] := 8;

