#erel:= 0.850;
#emax:= 2495.845;
#q:= 0.000;
#nesce:=     9;
#etime:= 0.038;
#snodes:=   192;
param nS:=    10;
param nSG:=    34;
param nRVSG :=
1 24
5 2
9 2
13 2
17 2
21 9
25 2
29 2
33 2
2 24
6 2
10 2
14 2
18 2
22 2
26 2
30 2
34 24
3 24
7 20
11 17
15 2
19 2
23 2
27 2
31 2
4 24
8 2
12 2
16 13
20 2
24 2
28 4
32 2
;


param ScenF :=
1 26.362
59 41.9437
117 68.4022
175 32.6161
2 32.2622
60 43.166
118 72.6169
176 28.1679
3 21.3083
61 35.507
119 85.7072
177 32.4149
4 14.2912
62 36.3639
120 83.2083
178 53.1261
5 13.6106
63 32.2624
121 0.391956
179 70.4532
6 13.3751
64 30.0032
122 0
180 81.8592
7 16.5635
65 21.8522
123 0.330355
181 56.469
8 13.691
66 14.043
124 0
182 0.280864
9 33.3565
67 15.9594
125 0.294834
183 0.3987
10 46.1685
68 27.645
126 0
184 0.273404
11 49.9986
69 29.8457
127 32.0302
185 0.3676
12 43.4149
70 26.4664
128 50.4843
186 0.280332
13 37.4576
71 25.5318
129 52.8413
187 0.2102
14 31.8823
72 26.6012
130 52.3033
188 0.262334
15 24.2701
73 18.9046
131 73.3789
189 0.003
16 23.7919
74 28.9752
132 77.6321
190 0.18086
17 25.13
75 26.7109
133 70.9632
191 0
18 29.2114
76 24.9818
134 60.4094
192 0.0668327
19 36.5886
77 25.3431
135 61.0528
193 0
20 40.0071
78 31.3202
136 56.4166
194 94.6415
21 34.1958
79 41.7821
137 54.9677
195 75.1294
22 26.7225
80 44.5997
138 55.745
196 56.314
23 22.0229
81 43.5515
139 56.2358
197 48.7223
24 12.5706
82 39.2566
140 61.5723
198 0.0341889
25 30.7524
83 50.3918
141 75.9881
199 0
26 52.402
84 61.8983
142 85.6338
200 0.11269
27 60.9231
85 61.9325
143 65.0949
201 0
28 66.6313
86 64.598
144 0.258129
202 0.136668
29 68.0599
87 60.425
145 0
203 0
30 56.1082
88 53.1311
146 0.167485
204 0.112488
31 39.8465
89 55.6447
147 0
205 0
32 19.2833
90 59.4547
148 0.0858425
206 0.126019
33 0
91 52.9603
149 0.03
207 0
34 3.90847
92 49.1434
150 0.0880331
208 0
35 38.2115
93 56.6748
151 0.2407
209 0.112923
36 52.7565
94 58.124
152 43.8858
210 0
37 61.7569
95 53.5437
153 55.3348
211 0
38 57.8535
96 52.1393
154 51.5702
212 0.370423
39 54.6787
97 0.496572
155 44.6037
213 0
40 55.1383
98 0
156 38.0013
214 0
41 64.8975
99 0.463319
157 37.6742
215 1.58196
42 59.0177
100 0
158 36.8089
216 0.645991
43 54.6328
101 44.8418
159 37.7263
217 0.943904
44 0
102 65.1322
160 37.0756
218 0
45 6.50872
103 62.5416
161 42.3804
219 0
46 13.6927
104 59.8823
162 56.9946
220 0
47 18.0765
105 57.8898
163 62.9142
221 3.20136
48 22.1755
106 58.2019
164 55.3383
222 1.16517
49 6.39358
107 60.3198
165 0.122518
223 0
50 7.67324
108 64.7165
166 0.3878
224 134.422
51 1.91707
109 87.7136
167 0.187254
225 10.8851
52 2.69755
110 93.7176
168 0.3176
226 0.912085
53 7.02407
111 88.5651
169 0.248893
227 0.336913
54 8.0882
112 75.303
170 0.2537
228 0.402649
55 11.9356
113 69.2722
171 0.281854
229 0.885593
56 12.7068
114 70.6609
172 0.2698
230 0.774935
57 26.3528
115 64.78
173 31.8586
231 1.11235
58 36.5508
116 62.9056
174 33.1578
;


param ScenO :=
1 49.1
48 19.56
95 66.76
142 63.11
189 0.003
2 44
49 60.21
96 62
143 64.44
190 0.781
3 42.6
50 55.11
97 0.457
144 0.502
191 0
4 40.28
51 46.59
98 0
145 0
192 0.809
5 40
52 43.25
99 0.414
146 0.567
193 0
6 37.48
53 43.55
100 0
147 0
194 82.7
7 40.28
54 40.13
101 69.1
148 0.625
195 79.94
8 43.5
55 44.31
102 56
149 0.045
196 67.2
9 55.55
56 51.5
103 43.5
150 0.618
197 68.3
10 69.95
57 65.49
104 41.18
151 0.317
198 0.833
11 65
58 69.95
105 46.85
152 68.1
199 0
12 51.83
59 65
106 40
153 59.94
200 0.821
13 44.8
60 63.19
107 47.13
154 53.5
201 0
14 42.18
61 54.8
108 59.1
155 45.32
202 0.731
15 40
62 53.29
109 65
156 44.76
203 0
16 40
63 51.36
110 69.95
157 62.17
204 0.6
17 40.28
64 54.9
111 62
158 55.1
205 0
18 45.1
65 46.78
112 53.63
159 45
206 0.491
19 68
66 56.21
113 65.9
160 44.68
207 0
20 71.83
67 68
114 65.9
161 49.5
208 1.60855
21 74.34
68 71.83
115 61
162 61.99
209 1.84568
22 74.61
69 74.34
116 59.95
163 63.11
210 1.9885
23 71.71
70 74.61
117 65.9
164 69.34
211 1.9064
24 68
71 71.71
118 57.1
165 0.653
212 1.80025
25 38.32
72 68
119 61.8
166 0.51
213 2.17369
26 50.8
73 68.49
120 66.4
167 0.651
214 1.91956
27 37.92
74 59.1
121 0.4
168 0.62
215 2.00414
28 45.12
75 46.39
122 0
169 0.613
216 0.477768
29 46.92
76 41.97
123 0.407
170 0.668
217 0.714796
30 48.12
77 43
124 0
171 0.606
218 0.392462
31 46
78 37.48
125 0.442
172 0.654
219 0.181748
32 32.76
79 43.32
126 0
173 68.77
220 0.934821
33 26.32
80 56.5
127 70.1
174 68.77
221 1.61309
34 29.2
81 58.92
128 43.81
175 66.66
222 1.69075
35 29.76
82 65.1
129 55
176 62.45
223 1.66575
36 42.4
83 54
130 63.51
177 49.1
224 0.880586
37 52.84
84 51.83
131 61.55
178 65
225 0.533259
38 48.32
85 61
132 61.72
179 65
226 0.227206
39 50
86 62.17
133 56
180 67.4
227 0.706808
40 45.76
87 61
134 51.81
181 74.71
228 0.707022
41 68.64
88 59.1
135 49.8
182 0.621
229 0.670151
42 63.36
89 61
136 62.17
183 0.581
230 0.61428
43 31.8
90 65.9
137 55
184 0.645
231 0.665
44 15.64
91 63.01
138 55.57
185 0.442
45 12.4
92 63.5
139 50
186 0.672
46 18.4
93 67.89
140 45.1
187 0.223
47 11.4
94 68.49
141 57.7
188 0.725
;


param Scen0 :=
1 1 67.497100
2 1 38.856500
3 1 26.702600
4 1 22.999900
5 1 21.109000
6 1 12.575200
7 1 26.312300
8 1 23.580500
9 1 38.790100
10 1 53.154800
11 1 57.446000
12 1 49.236900
13 1 48.432100
14 1 41.388300
15 1 27.418400
16 1 30.949700
17 1 29.733900
18 1 25.289400
19 1 41.434800
20 1 27.560500
21 1 40.345500
22 1 31.923500
23 1 36.194800
24 1 20.903400
25 1 35.775700
26 1 52.304600
27 1 62.498000
28 1 65.391900
29 1 64.934300
30 1 56.218200
31 1 39.061400
32 1 34.389900
33 1 12.086100
34 1 21.098000
35 1 28.770100
36 1 60.528300
37 1 61.643200
38 1 65.978600
39 1 59.892400
40 1 61.312700
41 1 62.948200
42 1 80.470300
43 1 61.864600
44 1 0.000000
45 1 0.000000
46 1 9.895700
47 1 16.056900
48 1 23.086200
49 1 26.344000
50 1 0.000000
51 1 0.000000
52 1 0.000000
53 1 6.854830
54 1 3.787540
55 1 14.615800
56 1 20.584400
57 1 33.582700
58 1 19.247900
59 1 39.013400
60 1 44.824500
61 1 40.244000
62 1 45.234000
63 1 42.490500
64 1 33.346700
65 1 20.226200
66 1 0.000000
67 1 0.938467
68 1 1.838380
69 1 8.687550
70 1 9.718540
71 1 10.504800
72 1 7.669090
73 1 37.138400
74 1 24.274900
75 1 21.863600
76 1 16.304900
77 1 16.754100
78 1 23.072300
79 1 40.834100
80 1 48.494000
81 1 47.300100
82 1 16.316700
83 1 43.387900
84 1 53.545900
85 1 55.428100
86 1 56.036700
87 1 54.150500
88 1 49.389000
89 1 55.269400
90 1 39.504100
91 1 39.090900
92 1 31.570800
93 1 34.562200
94 1 37.871600
95 1 38.965600
96 1 33.270800
97 1 0.507041
98 1 0.000000
99 1 0.516909
100 1 0.000000
101 1 76.440600
102 1 68.770600
103 1 66.426500
104 1 65.180400
105 1 54.901700
106 1 57.108100
107 1 79.897500
108 1 59.377000
109 1 89.859900
110 1 91.510600
111 1 86.676500
112 1 70.187000
113 1 58.816100
114 1 58.551300
115 1 54.896000
116 1 55.432500
117 1 64.465900
118 1 76.004300
119 1 85.206200
120 1 91.451400
121 1 0.486665
122 1 0.000000
123 1 0.428099
124 1 0.000000
125 1 0.363315
126 1 0.000000
127 1 40.744800
128 1 28.241600
129 1 47.776000
130 1 73.027900
131 1 68.300400
132 1 76.451600
133 1 69.931300
134 1 72.604200
135 1 69.223300
136 1 62.730100
137 1 61.350400
138 1 62.743300
139 1 59.757100
140 1 68.900000
141 1 81.662200
142 1 93.286800
143 1 90.739200
144 1 0.185404
145 1 0.000000
146 1 0.000213
147 1 0.000000
148 1 0.000000
149 1 0.007400
150 1 0.000000
151 1 0.981500
152 1 61.080200
153 1 63.273600
154 1 72.461900
155 1 47.745600
156 1 6.625580
157 1 23.740000
158 1 42.547200
159 1 21.252400
160 1 9.897000
161 1 20.698500
162 1 74.228700
163 1 79.768000
164 1 86.340500
165 1 0.000000
166 1 1.765800
167 1 0.000000
168 1 0.208200
169 1 0.051752
170 1 8.269900
171 1 0.096510
172 1 0.267500
173 1 58.340500
174 1 38.588700
175 1 36.868800
176 1 31.415300
177 1 35.251200
178 1 45.247700
179 1 56.223200
180 1 53.036200
181 1 60.147700
182 1 0.100339
183 1 0.068500
184 1 0.106418
185 1 0.444500
186 1 0.114058
187 1 0.273200
188 1 0.086266
189 1 0.016800
190 1 0.308473
191 1 0.000000
192 1 0.141841
193 1 0.000000
194 1 70.838500
195 1 71.716700
196 1 48.150000
197 1 47.548700
198 1 0.056463
199 1 0.000000
200 1 0.073625
201 1 0.000000
202 1 0.066052
203 1 0.000000
204 1 0.031757
205 1 0.000000
206 1 0.044482
207 1 0.000000
208 1 0.462603
209 1 0.000000
210 1 11.918100
211 1 0.000000
212 1 1.944430
213 1 0.000000
214 1 0.365839
215 1 0.309752
216 1 0.709205
217 1 0.462523
218 1 1.599830
219 1 0.346780
220 1 1.330430
221 1 0.000000
222 1 1.070600
223 1 161.297000
224 1 27.048900
225 1 0.000000
226 1 3.791040
227 1 0.998283
228 1 0.650255
229 1 0.887478
230 1 0.852833
231 1 0.934091
1 2 67.497100
2 2 38.856500
3 2 26.702600
4 2 22.999900
5 2 21.109000
6 2 12.575200
7 2 26.312300
8 2 23.580500
9 2 38.790100
10 2 53.154800
11 2 57.446000
12 2 49.236900
13 2 48.432100
14 2 41.388300
15 2 27.418400
16 2 30.949700
17 2 29.733900
18 2 25.289400
19 2 41.434800
20 2 27.560500
21 2 40.345500
22 2 31.923500
23 2 36.194800
24 2 20.903400
25 2 34.035400
26 2 42.135200
27 2 54.163700
28 2 58.540200
29 2 61.041800
30 2 48.800800
31 2 35.606000
32 2 21.478000
33 2 3.187350
34 2 4.146250
35 2 34.314600
36 2 32.584100
37 2 76.455800
38 2 76.767700
39 2 73.234300
40 2 41.559700
41 2 58.082300
42 2 51.930900
43 2 47.704600
44 2 9.396890
45 2 11.768100
46 2 14.214400
47 2 19.420500
48 2 35.796300
49 2 51.233300
50 2 4.876540
51 2 4.546540
52 2 7.170700
53 2 13.974600
54 2 0.000000
55 2 16.953800
56 2 23.785700
57 2 22.394700
58 2 31.709600
59 2 46.085500
60 2 48.011000
61 2 41.641300
62 2 42.511600
63 2 42.105400
64 2 36.087200
65 2 25.838200
66 2 10.504900
67 2 31.700100
68 2 24.430900
69 2 39.129100
70 2 29.080200
71 2 41.572400
72 2 38.397400
73 2 58.927100
74 2 26.874000
75 2 30.703500
76 2 27.662700
77 2 25.931800
78 2 28.739600
79 2 44.122000
80 2 57.911600
81 2 52.251600
82 2 48.921400
83 2 59.797500
84 2 47.197800
85 2 56.617100
86 2 47.064100
87 2 35.330800
88 2 41.322600
89 2 46.295800
90 2 41.199200
91 2 53.049800
92 2 64.014400
93 2 69.976200
94 2 73.564600
95 2 66.295800
96 2 57.255300
97 2 0.490021
98 2 0.000000
99 2 0.448898
100 2 0.000000
101 2 87.876200
102 2 68.823200
103 2 66.911900
104 2 67.538100
105 2 58.107000
106 2 59.145500
107 2 74.436800
108 2 83.585500
109 2 78.354600
110 2 77.859500
111 2 88.941000
112 2 77.381200
113 2 69.543500
114 2 69.641500
115 2 68.746900
116 2 70.033200
117 2 71.834700
118 2 67.060300
119 2 91.923900
120 2 100.817000
121 2 0.416806
122 2 0.000000
123 2 0.352548
124 2 0.000000
125 2 0.311284
126 2 0.000000
127 2 50.713200
128 2 31.418700
129 2 53.924000
130 2 71.129500
131 2 69.158500
132 2 66.771000
133 2 53.974300
134 2 54.399000
135 2 48.741700
136 2 54.276100
137 2 47.887300
138 2 46.786800
139 2 49.745500
140 2 49.661300
141 2 65.284000
142 2 72.514500
143 2 98.732900
144 2 0.255391
145 2 0.000000
146 2 0.172837
147 2 0.000000
148 2 0.093878
149 2 0.055900
150 2 0.106955
151 2 0.124100
152 2 56.116400
153 2 30.650900
154 2 41.673900
155 2 36.489300
156 2 35.722700
157 2 36.968200
158 2 25.285300
159 2 20.063800
160 2 17.937000
161 2 29.391600
162 2 53.851100
163 2 51.346000
164 2 57.129900
165 2 0.125359
166 2 0.196000
167 2 0.209696
168 2 0.475700
169 2 0.216400
170 2 1.399400
171 2 0.259814
172 2 0.906000
173 2 12.448600
174 2 17.657600
175 2 5.157110
176 2 5.995870
177 2 15.135700
178 2 41.443400
179 2 44.593300
180 2 74.417500
181 2 103.141000
182 2 0.229506
183 2 0.347100
184 2 0.001196
185 2 0.483200
186 2 0.299111
187 2 0.168500
188 2 0.257247
189 2 0.000300
190 2 0.164368
191 2 0.000000
192 2 0.040685
193 2 0.000000
194 2 111.938000
195 2 97.046900
196 2 85.811000
197 2 37.258100
198 2 0.012360
199 2 0.000000
200 2 0.104296
201 2 0.000000
202 2 0.152858
203 2 0.000000
204 2 0.143373
205 2 0.000000
206 2 0.155093
207 2 0.000000
208 2 0.489036
209 2 0.000000
210 2 0.000000
211 2 0.000000
212 2 0.139114
213 2 0.000000
214 2 0.624131
215 2 3.105350
216 2 0.691290
217 2 0.821187
218 2 0.000000
219 2 0.000000
220 2 0.000000
221 2 0.506515
222 2 1.043360
223 2 141.786000
224 2 0.000000
225 2 6.767860
226 2 0.848776
227 2 0.534309
228 2 0.287806
229 2 1.036620
230 2 0.840123
231 2 0.752238
1 3 67.497100
2 3 38.856500
3 3 26.702600
4 3 22.999900
5 3 21.109000
6 3 12.575200
7 3 26.312300
8 3 23.580500
9 3 38.790100
10 3 53.154800
11 3 57.446000
12 3 49.236900
13 3 48.432100
14 3 41.388300
15 3 27.418400
16 3 30.949700
17 3 29.733900
18 3 25.289400
19 3 41.434800
20 3 27.560500
21 3 40.345500
22 3 31.923500
23 3 36.194800
24 3 20.903400
25 3 35.775700
26 3 52.304600
27 3 62.498000
28 3 65.391900
29 3 64.934300
30 3 56.218200
31 3 39.061400
32 3 34.389900
33 3 12.086100
34 3 21.098000
35 3 28.770100
36 3 60.528300
37 3 61.643200
38 3 65.978600
39 3 59.892400
40 3 61.312700
41 3 62.948200
42 3 80.470300
43 3 61.864600
44 3 0.000000
45 3 0.000000
46 3 9.895700
47 3 16.056900
48 3 23.086200
49 3 26.344000
50 3 0.000000
51 3 0.000000
52 3 0.000000
53 3 6.854830
54 3 3.787540
55 3 14.615800
56 3 20.584400
57 3 33.582700
58 3 19.247900
59 3 39.013400
60 3 44.824500
61 3 40.244000
62 3 45.234000
63 3 42.490500
64 3 33.346700
65 3 20.226200
66 3 0.000000
67 3 0.938467
68 3 1.838380
69 3 8.687550
70 3 9.718540
71 3 10.504800
72 3 7.669090
73 3 37.138400
74 3 24.274900
75 3 21.863600
76 3 16.304900
77 3 16.754100
78 3 23.072300
79 3 40.834100
80 3 48.494000
81 3 47.300100
82 3 16.316700
83 3 43.387900
84 3 53.545900
85 3 55.428100
86 3 56.036700
87 3 54.150500
88 3 49.389000
89 3 55.269400
90 3 39.504100
91 3 39.090900
92 3 31.570800
93 3 34.562200
94 3 37.871600
95 3 38.965600
96 3 33.270800
97 3 0.507041
98 3 0.000000
99 3 0.516909
100 3 0.000000
101 3 76.440600
102 3 68.770600
103 3 66.426500
104 3 65.180400
105 3 54.901700
106 3 57.108100
107 3 79.897500
108 3 59.377000
109 3 89.859900
110 3 91.510600
111 3 86.676500
112 3 70.187000
113 3 58.816100
114 3 58.551300
115 3 54.896000
116 3 55.432500
117 3 64.465900
118 3 76.004300
119 3 85.206200
120 3 91.451400
121 3 0.486665
122 3 0.000000
123 3 0.428099
124 3 0.000000
125 3 0.363315
126 3 0.000000
127 3 40.744800
128 3 28.241600
129 3 47.776000
130 3 73.027900
131 3 68.300400
132 3 76.451600
133 3 69.931300
134 3 72.604200
135 3 69.223300
136 3 62.730100
137 3 61.350400
138 3 62.743300
139 3 59.757100
140 3 68.900000
141 3 81.662200
142 3 93.286800
143 3 90.739200
144 3 0.280776
145 3 0.000000
146 3 0.200223
147 3 0.000000
148 3 0.218980
149 3 0.062500
150 3 0.271565
151 3 0.350700
152 3 59.929500
153 3 50.063900
154 3 8.645140
155 3 25.063800
156 3 28.792100
157 3 36.923300
158 3 39.806900
159 3 40.708800
160 3 34.136700
161 3 20.402500
162 3 34.441500
163 3 49.655400
164 3 52.233700
165 3 0.345789
166 3 0.461800
167 3 0.477963
168 3 0.121200
169 3 0.532688
170 3 0.019400
171 3 0.579297
172 3 2.904700
173 3 26.318300
174 3 20.380400
175 3 18.363200
176 3 19.607200
177 3 38.870000
178 3 59.507800
179 3 77.736000
180 3 58.179900
181 3 99.227800
182 3 0.584340
183 3 21.369000
184 3 0.545590
185 3 9.848400
186 3 0.490424
187 3 1.046800
188 3 0.450977
189 3 0.000800
190 3 0.325933
191 3 0.000000
192 3 0.155030
193 3 0.000000
194 3 102.648000
195 3 81.087900
196 3 73.645600
197 3 53.330100
198 3 0.086709
199 3 0.000000
200 3 0.153408
201 3 0.000000
202 3 0.174716
203 3 0.000000
204 3 0.117825
205 3 0.000000
206 3 0.123096
207 3 0.000000
208 3 0.000000
209 3 0.000000
210 3 0.000000
211 3 0.000000
212 3 0.000000
213 3 0.000000
214 3 0.328441
215 3 1.638820
216 3 0.516547
217 3 0.660522
218 3 0.561961
219 3 0.558003
220 3 0.000000
221 3 0.000000
222 3 1.580330
223 3 147.130000
224 3 15.971600
225 3 5.369900
226 3 0.968320
227 3 0.687242
228 3 0.574926
229 3 0.700277
230 3 0.619306
231 3 0.622328
1 4 67.497100
2 4 38.856500
3 4 26.702600
4 4 22.999900
5 4 21.109000
6 4 12.575200
7 4 26.312300
8 4 23.580500
9 4 38.790100
10 4 53.154800
11 4 57.446000
12 4 49.236900
13 4 48.432100
14 4 41.388300
15 4 27.418400
16 4 30.949700
17 4 29.733900
18 4 25.289400
19 4 41.434800
20 4 27.560500
21 4 40.345500
22 4 31.923500
23 4 36.194800
24 4 20.903400
25 4 35.775700
26 4 52.304600
27 4 62.498000
28 4 65.391900
29 4 64.934300
30 4 56.218200
31 4 39.061400
32 4 34.389900
33 4 12.086100
34 4 21.098000
35 4 28.770100
36 4 60.528300
37 4 61.643200
38 4 65.978600
39 4 59.892400
40 4 61.312700
41 4 62.948200
42 4 80.470300
43 4 61.864600
44 4 0.000000
45 4 0.000000
46 4 9.895700
47 4 16.056900
48 4 23.086200
49 4 26.344000
50 4 0.000000
51 4 0.000000
52 4 0.000000
53 4 6.854830
54 4 3.787540
55 4 14.615800
56 4 20.584400
57 4 33.582700
58 4 19.247900
59 4 39.013400
60 4 44.824500
61 4 40.244000
62 4 45.234000
63 4 42.490500
64 4 33.346700
65 4 20.226200
66 4 0.000000
67 4 0.938467
68 4 1.838380
69 4 8.687550
70 4 9.718540
71 4 10.504800
72 4 7.669090
73 4 37.138400
74 4 24.274900
75 4 21.863600
76 4 16.304900
77 4 16.754100
78 4 23.072300
79 4 40.834100
80 4 48.494000
81 4 47.300100
82 4 16.316700
83 4 43.387900
84 4 53.545900
85 4 55.428100
86 4 56.036700
87 4 54.150500
88 4 49.389000
89 4 55.269400
90 4 39.504100
91 4 39.090900
92 4 31.570800
93 4 34.562200
94 4 37.871600
95 4 38.965600
96 4 33.270800
97 4 0.507041
98 4 0.000000
99 4 0.516909
100 4 0.000000
101 4 76.440600
102 4 68.770600
103 4 66.426500
104 4 65.180400
105 4 54.901700
106 4 57.108100
107 4 79.897500
108 4 59.377000
109 4 89.859900
110 4 91.510600
111 4 86.676500
112 4 70.187000
113 4 58.816100
114 4 58.551300
115 4 54.896000
116 4 55.432500
117 4 64.465900
118 4 76.004300
119 4 85.206200
120 4 91.451400
121 4 0.486665
122 4 0.000000
123 4 0.428099
124 4 0.000000
125 4 0.363315
126 4 0.000000
127 4 40.744800
128 4 28.241600
129 4 47.776000
130 4 73.027900
131 4 68.300400
132 4 76.451600
133 4 69.931300
134 4 72.604200
135 4 69.223300
136 4 62.730100
137 4 61.350400
138 4 62.743300
139 4 59.757100
140 4 68.900000
141 4 81.662200
142 4 93.286800
143 4 90.739200
144 4 0.185404
145 4 0.000000
146 4 0.000213
147 4 0.000000
148 4 0.000000
149 4 0.007400
150 4 0.000000
151 4 0.056300
152 4 69.317200
153 4 56.198400
154 4 56.289500
155 4 44.567900
156 4 46.562500
157 4 39.795000
158 4 41.726100
159 4 34.712500
160 4 37.512700
161 4 45.103300
162 4 47.426800
163 4 54.130500
164 4 57.884000
165 4 0.000000
166 4 0.174800
167 4 0.000000
168 4 1.134900
169 4 0.085325
170 4 0.811900
171 4 0.187271
172 4 0.458500
173 4 42.911300
174 4 45.143300
175 4 45.306100
176 4 36.047200
177 4 41.216400
178 4 47.458500
179 4 72.542500
180 4 73.553700
181 4 89.133500
182 4 0.202219
183 4 0.887800
184 4 0.151162
185 4 0.158400
186 4 0.129462
187 4 0.052400
188 4 0.115453
189 4 0.009200
190 4 0.024524
191 4 0.000000
192 4 0.000000
193 4 0.000000
194 4 100.629000
195 4 47.272800
196 4 38.891100
197 4 35.693600
198 4 0.000000
199 4 0.000000
200 4 0.000000
201 4 0.000000
202 4 0.000000
203 4 0.000000
204 4 0.000000
205 4 0.000000
206 4 0.000000
207 4 0.000000
208 4 0.254715
209 4 0.107449
210 4 0.364978
211 4 0.913035
212 4 1.039100
213 4 0.000000
214 4 0.777226
215 4 2.493630
216 4 0.769837
217 4 0.474503
218 4 0.000000
219 4 0.000000
220 4 0.000000
221 4 0.486797
222 4 2.888610
223 4 200.331000
224 4 19.628100
225 4 6.583040
226 4 1.755790
227 4 0.792340
228 4 0.699451
229 4 0.854889
230 4 0.794125
231 4 0.883613
1 5 67.497100
2 5 38.856500
3 5 26.702600
4 5 22.999900
5 5 21.109000
6 5 12.575200
7 5 26.312300
8 5 23.580500
9 5 38.790100
10 5 53.154800
11 5 57.446000
12 5 49.236900
13 5 48.432100
14 5 41.388300
15 5 27.418400
16 5 30.949700
17 5 29.733900
18 5 25.289400
19 5 41.434800
20 5 27.560500
21 5 40.345500
22 5 31.923500
23 5 36.194800
24 5 20.903400
25 5 35.775700
26 5 52.304600
27 5 62.498000
28 5 65.391900
29 5 64.934300
30 5 56.218200
31 5 39.061400
32 5 34.389900
33 5 12.086100
34 5 21.098000
35 5 28.770100
36 5 60.528300
37 5 61.643200
38 5 65.978600
39 5 59.892400
40 5 61.312700
41 5 62.948200
42 5 80.470300
43 5 61.864600
44 5 0.000000
45 5 0.000000
46 5 9.895700
47 5 16.056900
48 5 23.086200
49 5 26.344000
50 5 0.000000
51 5 0.000000
52 5 0.000000
53 5 6.854830
54 5 3.787540
55 5 14.615800
56 5 20.584400
57 5 33.582700
58 5 19.247900
59 5 39.013400
60 5 44.824500
61 5 40.244000
62 5 45.234000
63 5 42.490500
64 5 33.346700
65 5 20.226200
66 5 0.000000
67 5 0.938467
68 5 1.838380
69 5 8.687550
70 5 9.718540
71 5 10.504800
72 5 7.669090
73 5 37.138400
74 5 24.274900
75 5 21.863600
76 5 16.304900
77 5 16.754100
78 5 23.072300
79 5 40.834100
80 5 48.494000
81 5 47.300100
82 5 16.316700
83 5 43.387900
84 5 53.545900
85 5 55.428100
86 5 56.036700
87 5 54.150500
88 5 49.389000
89 5 55.269400
90 5 39.504100
91 5 39.090900
92 5 31.570800
93 5 34.562200
94 5 37.871600
95 5 38.965600
96 5 33.270800
97 5 0.507041
98 5 0.000000
99 5 0.516909
100 5 0.000000
101 5 76.440600
102 5 68.770600
103 5 66.426500
104 5 65.180400
105 5 54.901700
106 5 57.108100
107 5 79.897500
108 5 59.377000
109 5 89.859900
110 5 91.510600
111 5 86.676500
112 5 70.187000
113 5 58.816100
114 5 58.551300
115 5 54.896000
116 5 55.432500
117 5 64.465900
118 5 76.004300
119 5 85.206200
120 5 91.451400
121 5 0.486665
122 5 0.000000
123 5 0.428099
124 5 0.000000
125 5 0.363315
126 5 0.000000
127 5 40.744800
128 5 28.241600
129 5 47.776000
130 5 73.027900
131 5 68.300400
132 5 76.451600
133 5 69.931300
134 5 72.604200
135 5 69.223300
136 5 62.730100
137 5 61.350400
138 5 62.743300
139 5 59.757100
140 5 68.900000
141 5 81.662200
142 5 93.286800
143 5 90.739200
144 5 0.275960
145 5 0.000000
146 5 0.163835
147 5 0.000000
148 5 0.082462
149 5 0.029000
150 5 0.087613
151 5 0.183100
152 5 57.669700
153 5 55.691100
154 5 37.500200
155 5 44.204800
156 5 54.297800
157 5 22.841000
158 5 28.426900
159 5 24.805900
160 5 21.296800
161 5 38.241100
162 5 52.031400
163 5 51.261400
164 5 56.871500
165 5 0.117870
166 5 2.471100
167 5 0.184648
168 5 0.235700
169 5 0.233030
170 5 0.256600
171 5 0.242053
172 5 0.072300
173 5 35.423000
174 5 38.018900
175 5 33.922700
176 5 16.697300
177 5 43.646300
178 5 62.918500
179 5 65.866900
180 5 67.501500
181 5 51.051500
182 5 0.240676
183 5 0.108900
184 5 0.249838
185 5 3.254600
186 5 0.272362
187 5 1.162800
188 5 0.247817
189 5 0.005000
190 5 0.151524
191 5 0.000000
192 5 0.041673
193 5 0.000000
194 5 74.376400
195 5 57.331600
196 5 40.714800
197 5 40.757500
198 5 0.024113
199 5 0.000000
200 5 0.114950
201 5 0.000000
202 5 0.162922
203 5 0.000000
204 5 0.165481
205 5 0.000000
206 5 0.197347
207 5 0.000000
208 5 0.300728
209 5 0.000000
210 5 4.205280
211 5 0.000000
212 5 1.749370
213 5 0.000000
214 5 0.354526
215 5 1.134270
216 5 0.033285
217 5 0.019338
218 5 0.000000
219 5 0.000000
220 5 0.000000
221 5 0.123939
222 5 2.710950
223 5 242.597000
224 5 67.872500
225 5 4.908250
226 5 1.835460
227 5 0.837643
228 5 1.033800
229 5 1.007350
230 5 0.973317
231 5 0.920549
1 6 67.497100
2 6 38.856500
3 6 26.702600
4 6 22.999900
5 6 21.109000
6 6 12.575200
7 6 26.312300
8 6 23.580500
9 6 38.790100
10 6 53.154800
11 6 57.446000
12 6 49.236900
13 6 48.432100
14 6 41.388300
15 6 27.418400
16 6 30.949700
17 6 29.733900
18 6 25.289400
19 6 41.434800
20 6 27.560500
21 6 40.345500
22 6 31.923500
23 6 36.194800
24 6 20.903400
25 6 34.035400
26 6 42.135200
27 6 54.163700
28 6 58.540200
29 6 61.041800
30 6 48.800800
31 6 35.606000
32 6 21.478000
33 6 3.187350
34 6 4.146250
35 6 34.314600
36 6 32.584100
37 6 76.455800
38 6 76.767700
39 6 73.234300
40 6 41.559700
41 6 58.082300
42 6 51.930900
43 6 47.704600
44 6 9.396890
45 6 11.768100
46 6 14.214400
47 6 19.420500
48 6 35.796300
49 6 51.233300
50 6 4.876540
51 6 4.546540
52 6 7.170700
53 6 13.974600
54 6 0.000000
55 6 16.953800
56 6 23.785700
57 6 22.394700
58 6 31.709600
59 6 46.085500
60 6 48.011000
61 6 41.641300
62 6 42.511600
63 6 42.105400
64 6 36.087200
65 6 25.838200
66 6 10.504900
67 6 31.700100
68 6 24.430900
69 6 39.129100
70 6 29.080200
71 6 41.572400
72 6 38.397400
73 6 58.927100
74 6 26.874000
75 6 30.703500
76 6 27.662700
77 6 25.931800
78 6 28.739600
79 6 44.122000
80 6 57.911600
81 6 52.251600
82 6 48.921400
83 6 59.797500
84 6 47.197800
85 6 56.617100
86 6 47.064100
87 6 35.330800
88 6 41.322600
89 6 46.295800
90 6 41.199200
91 6 53.049800
92 6 64.014400
93 6 69.976200
94 6 73.564600
95 6 66.295800
96 6 57.255300
97 6 0.490021
98 6 0.000000
99 6 0.448898
100 6 0.000000
101 6 87.876200
102 6 68.823200
103 6 66.911900
104 6 67.538100
105 6 58.107000
106 6 59.145500
107 6 74.436800
108 6 83.585500
109 6 78.354600
110 6 77.859500
111 6 88.941000
112 6 77.381200
113 6 69.543500
114 6 69.641500
115 6 68.746900
116 6 70.033200
117 6 71.834700
118 6 67.060300
119 6 91.923900
120 6 100.817000
121 6 0.416806
122 6 0.000000
123 6 0.352548
124 6 0.000000
125 6 0.311284
126 6 0.000000
127 6 50.713200
128 6 31.418700
129 6 53.924000
130 6 71.129500
131 6 69.158500
132 6 66.771000
133 6 53.974300
134 6 54.399000
135 6 48.741700
136 6 54.276100
137 6 47.887300
138 6 46.786800
139 6 49.745500
140 6 49.661300
141 6 65.284000
142 6 72.514500
143 6 98.732900
144 6 0.255391
145 6 0.000000
146 6 0.172837
147 6 0.000000
148 6 0.093878
149 6 0.055900
150 6 0.106955
151 6 0.124100
152 6 56.116400
153 6 30.650900
154 6 41.673900
155 6 36.489300
156 6 35.722700
157 6 36.968200
158 6 25.285300
159 6 20.063800
160 6 17.937000
161 6 29.391600
162 6 53.851100
163 6 51.346000
164 6 57.129900
165 6 0.125359
166 6 0.196000
167 6 0.209696
168 6 0.475700
169 6 0.216400
170 6 1.399400
171 6 0.259814
172 6 0.906000
173 6 12.448600
174 6 17.657600
175 6 5.157110
176 6 5.995870
177 6 15.135700
178 6 41.443400
179 6 44.593300
180 6 74.417500
181 6 103.141000
182 6 0.229506
183 6 0.347100
184 6 0.001196
185 6 0.483200
186 6 0.299111
187 6 0.168500
188 6 0.257247
189 6 0.000300
190 6 0.164368
191 6 0.000000
192 6 0.040685
193 6 0.000000
194 6 111.938000
195 6 97.046900
196 6 85.811000
197 6 37.258100
198 6 0.012360
199 6 0.000000
200 6 0.104296
201 6 0.000000
202 6 0.152858
203 6 0.000000
204 6 0.143373
205 6 0.000000
206 6 0.155093
207 6 0.000000
208 6 0.489036
209 6 0.000000
210 6 0.000000
211 6 0.000000
212 6 0.139114
213 6 0.000000
214 6 0.624131
215 6 3.105350
216 6 0.691290
217 6 0.821187
218 6 0.000000
219 6 0.000000
220 6 0.000000
221 6 0.506515
222 6 1.043360
223 6 141.786000
224 6 0.000000
225 6 6.767860
226 6 0.848776
227 6 0.534309
228 6 0.287806
229 6 1.036620
230 6 0.840123
231 6 0.752238
1 7 67.497100
2 7 38.856500
3 7 26.702600
4 7 22.999900
5 7 21.109000
6 7 12.575200
7 7 26.312300
8 7 23.580500
9 7 38.790100
10 7 53.154800
11 7 57.446000
12 7 49.236900
13 7 48.432100
14 7 41.388300
15 7 27.418400
16 7 30.949700
17 7 29.733900
18 7 25.289400
19 7 41.434800
20 7 27.560500
21 7 40.345500
22 7 31.923500
23 7 36.194800
24 7 20.903400
25 7 34.035400
26 7 42.135200
27 7 54.163700
28 7 58.540200
29 7 61.041800
30 7 48.800800
31 7 35.606000
32 7 21.478000
33 7 3.187350
34 7 4.146250
35 7 34.314600
36 7 32.584100
37 7 76.455800
38 7 76.767700
39 7 73.234300
40 7 41.559700
41 7 58.082300
42 7 51.930900
43 7 47.704600
44 7 9.396890
45 7 11.768100
46 7 14.214400
47 7 19.420500
48 7 35.796300
49 7 51.233300
50 7 4.876540
51 7 4.546540
52 7 7.170700
53 7 13.974600
54 7 0.000000
55 7 16.953800
56 7 23.785700
57 7 22.394700
58 7 31.709600
59 7 46.085500
60 7 48.011000
61 7 41.641300
62 7 42.511600
63 7 42.105400
64 7 36.087200
65 7 25.838200
66 7 10.504900
67 7 31.700100
68 7 24.430900
69 7 39.129100
70 7 29.080200
71 7 41.572400
72 7 38.397400
73 7 58.927100
74 7 26.874000
75 7 30.703500
76 7 27.662700
77 7 25.931800
78 7 28.739600
79 7 44.122000
80 7 57.911600
81 7 52.251600
82 7 48.921400
83 7 59.797500
84 7 47.197800
85 7 56.617100
86 7 47.064100
87 7 35.330800
88 7 41.322600
89 7 46.295800
90 7 41.199200
91 7 53.049800
92 7 64.014400
93 7 69.976200
94 7 73.564600
95 7 66.295800
96 7 57.255300
97 7 0.490021
98 7 0.000000
99 7 0.448898
100 7 0.000000
101 7 87.876200
102 7 68.823200
103 7 66.911900
104 7 67.538100
105 7 58.107000
106 7 59.145500
107 7 74.436800
108 7 83.585500
109 7 78.354600
110 7 77.859500
111 7 88.941000
112 7 77.381200
113 7 69.543500
114 7 69.641500
115 7 68.746900
116 7 70.033200
117 7 71.834700
118 7 67.060300
119 7 91.923900
120 7 100.817000
121 7 0.416806
122 7 0.000000
123 7 0.352548
124 7 0.000000
125 7 0.311284
126 7 0.000000
127 7 50.713200
128 7 31.418700
129 7 53.924000
130 7 71.129500
131 7 69.158500
132 7 66.771000
133 7 53.974300
134 7 54.399000
135 7 48.741700
136 7 54.276100
137 7 47.887300
138 7 46.786800
139 7 49.745500
140 7 49.661300
141 7 65.284000
142 7 72.514500
143 7 98.732900
144 7 0.255391
145 7 0.000000
146 7 0.172837
147 7 0.000000
148 7 0.093878
149 7 0.055900
150 7 0.106955
151 7 0.124100
152 7 56.116400
153 7 30.650900
154 7 41.673900
155 7 36.489300
156 7 35.722700
157 7 36.968200
158 7 25.285300
159 7 20.063800
160 7 17.937000
161 7 29.391600
162 7 53.851100
163 7 51.346000
164 7 57.129900
165 7 0.125359
166 7 0.196000
167 7 0.209696
168 7 0.475700
169 7 0.216400
170 7 1.399400
171 7 0.259814
172 7 0.906000
173 7 12.448600
174 7 17.657600
175 7 5.157110
176 7 5.995870
177 7 15.135700
178 7 41.443400
179 7 44.593300
180 7 74.417500
181 7 103.141000
182 7 0.229506
183 7 0.347100
184 7 0.001196
185 7 0.483200
186 7 0.299111
187 7 0.168500
188 7 0.257247
189 7 0.000300
190 7 0.164368
191 7 0.000000
192 7 0.268955
193 7 0.000000
194 7 68.564100
195 7 38.140800
196 7 89.628100
197 7 69.217700
198 7 0.230452
199 7 0.000000
200 7 0.278830
201 7 0.000000
202 7 0.268392
203 7 0.000000
204 7 0.221925
205 7 0.000000
206 7 0.221748
207 7 0.000000
208 7 0.143511
209 7 0.000000
210 7 12.673800
211 7 0.000000
212 7 0.000000
213 7 0.000000
214 7 0.000000
215 7 0.000000
216 7 0.511655
217 7 0.939917
218 7 0.000000
219 7 0.470138
220 7 0.000000
221 7 0.913073
222 7 1.464080
223 7 116.061000
224 7 95.362600
225 7 7.457040
226 7 1.200210
227 7 0.869123
228 7 1.069150
229 7 0.882876
230 7 0.850066
231 7 0.934879
1 8 67.497100
2 8 38.856500
3 8 26.702600
4 8 22.999900
5 8 21.109000
6 8 12.575200
7 8 26.312300
8 8 23.580500
9 8 38.790100
10 8 53.154800
11 8 57.446000
12 8 49.236900
13 8 48.432100
14 8 41.388300
15 8 27.418400
16 8 30.949700
17 8 29.733900
18 8 25.289400
19 8 41.434800
20 8 27.560500
21 8 40.345500
22 8 31.923500
23 8 36.194800
24 8 20.903400
25 8 34.035400
26 8 42.135200
27 8 54.163700
28 8 58.540200
29 8 61.041800
30 8 48.800800
31 8 35.606000
32 8 21.478000
33 8 3.187350
34 8 4.146250
35 8 34.314600
36 8 32.584100
37 8 76.455800
38 8 76.767700
39 8 73.234300
40 8 41.559700
41 8 58.082300
42 8 51.930900
43 8 47.704600
44 8 9.396890
45 8 11.768100
46 8 14.214400
47 8 19.420500
48 8 35.796300
49 8 51.233300
50 8 4.876540
51 8 4.546540
52 8 7.170700
53 8 13.974600
54 8 0.000000
55 8 16.953800
56 8 23.785700
57 8 22.394700
58 8 31.709600
59 8 46.085500
60 8 48.011000
61 8 41.641300
62 8 42.511600
63 8 42.105400
64 8 36.087200
65 8 25.838200
66 8 10.504900
67 8 31.700100
68 8 24.430900
69 8 39.129100
70 8 29.080200
71 8 41.572400
72 8 38.397400
73 8 62.217300
74 8 26.429100
75 8 33.190100
76 8 33.326600
77 8 31.485200
78 8 29.556100
79 8 48.565300
80 8 56.964300
81 8 58.001400
82 8 50.951800
83 8 67.916700
84 8 76.294400
85 8 84.400700
86 8 84.874400
87 8 79.119700
88 8 80.016800
89 8 80.039900
90 8 83.207300
91 8 69.562500
92 8 52.717800
93 8 63.466200
94 8 66.076000
95 8 58.042500
96 8 57.095400
97 8 0.497871
98 8 0.000000
99 8 0.598005
100 8 0.000000
101 8 96.507900
102 8 68.512000
103 8 68.497000
104 8 62.837800
105 8 65.020500
106 8 67.257600
107 8 89.251700
108 8 98.149600
109 8 106.962000
110 8 94.701700
111 8 111.880000
112 8 95.622700
113 8 89.673000
114 8 87.051100
115 8 87.824800
116 8 97.330400
117 8 95.605400
118 8 88.658300
119 8 95.081900
120 8 101.274000
121 8 0.592773
122 8 0.000000
123 8 0.524886
124 8 0.000000
125 8 0.415496
126 8 0.000000
127 8 51.973400
128 8 35.203200
129 8 47.349100
130 8 65.050700
131 8 73.978000
132 8 66.353200
133 8 63.535600
134 8 58.343100
135 8 50.762100
136 8 48.201000
137 8 38.115600
138 8 22.980200
139 8 42.397000
140 8 46.404700
141 8 61.080300
142 8 82.718700
143 8 81.079900
144 8 0.295238
145 8 0.000000
146 8 0.178600
147 8 0.000000
148 8 0.070401
149 8 0.233300
150 8 0.049085
151 8 0.294000
152 8 97.849300
153 8 89.834800
154 8 25.945300
155 8 46.032100
156 8 7.332140
157 8 6.862060
158 8 0.000000
159 8 0.000000
160 8 0.000000
161 8 0.000000
162 8 4.872420
163 8 18.551300
164 8 46.650500
165 8 0.062880
166 8 0.250000
167 8 0.127398
168 8 0.131900
169 8 0.212280
170 8 0.218000
171 8 0.274896
172 8 0.324400
173 8 47.717400
174 8 49.203200
175 8 52.231400
176 8 21.292200
177 8 22.988200
178 8 29.540400
179 8 45.558800
180 8 51.094400
181 8 64.087900
182 8 0.292425
183 8 0.131100
184 8 0.304709
185 8 0.261000
186 8 0.317978
187 8 0.225700
188 8 0.297034
189 8 0.000200
190 8 0.210915
191 8 0.000000
192 8 0.092469
193 8 0.000000
194 8 84.571200
195 8 72.754900
196 8 54.723800
197 8 44.467200
198 8 0.025825
199 8 0.000000
200 8 0.074381
201 8 0.000000
202 8 0.091055
203 8 0.000000
204 8 0.061836
205 8 0.000000
206 8 0.074273
207 8 0.000000
208 8 0.607713
209 8 0.000000
210 8 11.333700
211 8 1.019600
212 8 0.760890
213 8 0.000000
214 8 0.821558
215 8 0.757759
216 8 0.752158
217 8 1.259020
218 8 2.653960
219 8 2.668920
220 8 2.863430
221 8 0.545076
222 8 0.793487
223 8 124.672000
224 8 6.131660
225 8 3.089200
226 8 0.542580
227 8 0.780849
228 8 0.655242
229 8 0.916883
230 8 0.878385
231 8 0.966077
1 9 67.497100
2 9 38.856500
3 9 26.702600
4 9 22.999900
5 9 21.109000
6 9 12.575200
7 9 26.312300
8 9 23.580500
9 9 38.790100
10 9 53.154800
11 9 57.446000
12 9 49.236900
13 9 48.432100
14 9 41.388300
15 9 27.418400
16 9 30.949700
17 9 29.733900
18 9 25.289400
19 9 41.434800
20 9 27.560500
21 9 40.345500
22 9 31.923500
23 9 36.194800
24 9 20.903400
25 9 35.775700
26 9 52.304600
27 9 62.498000
28 9 65.391900
29 9 64.934300
30 9 56.218200
31 9 39.061400
32 9 34.389900
33 9 12.086100
34 9 21.098000
35 9 28.770100
36 9 60.528300
37 9 61.643200
38 9 65.978600
39 9 59.892400
40 9 61.312700
41 9 62.948200
42 9 80.470300
43 9 61.864600
44 9 0.000000
45 9 0.000000
46 9 9.895700
47 9 16.056900
48 9 23.086200
49 9 26.344000
50 9 0.000000
51 9 0.000000
52 9 0.000000
53 9 6.854830
54 9 3.787540
55 9 14.615800
56 9 20.584400
57 9 33.582700
58 9 19.247900
59 9 39.013400
60 9 44.824500
61 9 40.244000
62 9 45.234000
63 9 42.490500
64 9 33.346700
65 9 20.226200
66 9 0.000000
67 9 0.938467
68 9 1.838380
69 9 8.687550
70 9 9.718540
71 9 10.504800
72 9 7.669090
73 9 37.138400
74 9 24.274900
75 9 21.863600
76 9 16.304900
77 9 16.754100
78 9 23.072300
79 9 40.834100
80 9 48.494000
81 9 47.300100
82 9 16.316700
83 9 43.387900
84 9 53.545900
85 9 55.428100
86 9 56.036700
87 9 54.150500
88 9 49.389000
89 9 55.269400
90 9 39.504100
91 9 39.090900
92 9 31.570800
93 9 34.562200
94 9 37.871600
95 9 38.965600
96 9 33.270800
97 9 0.507041
98 9 0.000000
99 9 0.516909
100 9 0.000000
101 9 76.440600
102 9 68.770600
103 9 66.426500
104 9 65.180400
105 9 54.901700
106 9 57.108100
107 9 79.897500
108 9 59.377000
109 9 89.859900
110 9 91.510600
111 9 86.676500
112 9 70.187000
113 9 58.816100
114 9 58.551300
115 9 54.896000
116 9 55.432500
117 9 64.465900
118 9 76.004300
119 9 85.206200
120 9 91.451400
121 9 0.486665
122 9 0.000000
123 9 0.428099
124 9 0.000000
125 9 0.363315
126 9 0.000000
127 9 40.744800
128 9 28.241600
129 9 47.776000
130 9 73.027900
131 9 68.300400
132 9 76.451600
133 9 69.931300
134 9 72.604200
135 9 69.223300
136 9 62.730100
137 9 61.350400
138 9 62.743300
139 9 59.757100
140 9 68.900000
141 9 81.662200
142 9 93.286800
143 9 90.739200
144 9 0.280776
145 9 0.000000
146 9 0.200223
147 9 0.000000
148 9 0.218980
149 9 0.062500
150 9 0.271565
151 9 0.350700
152 9 59.929500
153 9 50.063900
154 9 8.645140
155 9 25.063800
156 9 28.792100
157 9 36.923300
158 9 39.806900
159 9 40.708800
160 9 34.136700
161 9 20.402500
162 9 34.441500
163 9 49.655400
164 9 52.233700
165 9 0.345789
166 9 0.461800
167 9 0.477963
168 9 0.121200
169 9 0.532688
170 9 0.019400
171 9 0.579297
172 9 2.904700
173 9 26.318300
174 9 20.380400
175 9 18.363200
176 9 19.607200
177 9 38.870000
178 9 59.507800
179 9 77.736000
180 9 58.179900
181 9 99.227800
182 9 0.584340
183 9 21.369000
184 9 0.545590
185 9 9.848400
186 9 0.490424
187 9 1.046800
188 9 0.450977
189 9 0.000800
190 9 0.325933
191 9 0.000000
192 9 0.155030
193 9 0.000000
194 9 102.648000
195 9 81.087900
196 9 73.645600
197 9 53.330100
198 9 0.086709
199 9 0.000000
200 9 0.153408
201 9 0.000000
202 9 0.174716
203 9 0.000000
204 9 0.117825
205 9 0.000000
206 9 0.123096
207 9 0.000000
208 9 0.332094
209 9 0.000000
210 9 0.000000
211 9 0.042653
212 9 0.000000
213 9 0.000000
214 9 0.459190
215 9 1.411110
216 9 0.646520
217 9 0.571791
218 9 0.000000
219 9 0.055956
220 9 0.303072
221 9 3.709350
222 9 1.412610
223 9 0.000000
224 9 119.388000
225 9 10.269300
226 9 1.446410
227 9 0.642405
228 9 0.702384
229 9 0.885535
230 9 0.886148
231 9 0.886289
1 10 67.497100
2 10 38.856500
3 10 26.702600
4 10 22.999900
5 10 21.109000
6 10 12.575200
7 10 26.312300
8 10 23.580500
9 10 38.790100
10 10 53.154800
11 10 57.446000
12 10 49.236900
13 10 48.432100
14 10 41.388300
15 10 27.418400
16 10 30.949700
17 10 29.733900
18 10 25.289400
19 10 41.434800
20 10 27.560500
21 10 40.345500
22 10 31.923500
23 10 36.194800
24 10 20.903400
25 10 34.035400
26 10 42.135200
27 10 54.163700
28 10 58.540200
29 10 61.041800
30 10 48.800800
31 10 35.606000
32 10 21.478000
33 10 3.187350
34 10 4.146250
35 10 34.314600
36 10 32.584100
37 10 76.455800
38 10 76.767700
39 10 73.234300
40 10 41.559700
41 10 58.082300
42 10 51.930900
43 10 47.704600
44 10 9.396890
45 10 11.768100
46 10 14.214400
47 10 19.420500
48 10 35.796300
49 10 51.233300
50 10 4.876540
51 10 4.546540
52 10 7.170700
53 10 13.974600
54 10 0.000000
55 10 16.953800
56 10 23.785700
57 10 22.394700
58 10 31.709600
59 10 46.085500
60 10 48.011000
61 10 41.641300
62 10 42.511600
63 10 42.105400
64 10 36.087200
65 10 25.838200
66 10 10.504900
67 10 31.700100
68 10 24.430900
69 10 39.129100
70 10 29.080200
71 10 41.572400
72 10 38.397400
73 10 62.217300
74 10 26.429100
75 10 33.190100
76 10 33.326600
77 10 31.485200
78 10 29.556100
79 10 48.565300
80 10 56.964300
81 10 58.001400
82 10 50.951800
83 10 67.916700
84 10 76.294400
85 10 84.400700
86 10 84.874400
87 10 79.119700
88 10 80.016800
89 10 80.039900
90 10 83.207300
91 10 69.562500
92 10 52.717800
93 10 63.466200
94 10 66.076000
95 10 58.042500
96 10 57.095400
97 10 0.497871
98 10 0.000000
99 10 0.598005
100 10 0.000000
101 10 96.507900
102 10 68.512000
103 10 68.497000
104 10 62.837800
105 10 65.020500
106 10 67.257600
107 10 89.251700
108 10 98.149600
109 10 106.962000
110 10 94.701700
111 10 111.880000
112 10 95.622700
113 10 89.673000
114 10 87.051100
115 10 87.824800
116 10 97.330400
117 10 95.605400
118 10 88.658300
119 10 95.081900
120 10 101.274000
121 10 0.592773
122 10 0.000000
123 10 0.524886
124 10 0.000000
125 10 0.415496
126 10 0.000000
127 10 51.973400
128 10 35.203200
129 10 47.349100
130 10 65.050700
131 10 73.978000
132 10 66.353200
133 10 63.535600
134 10 58.343100
135 10 50.762100
136 10 48.201000
137 10 38.115600
138 10 22.980200
139 10 42.397000
140 10 46.404700
141 10 61.080300
142 10 82.718700
143 10 81.079900
144 10 0.295238
145 10 0.000000
146 10 0.178600
147 10 0.000000
148 10 0.070401
149 10 0.233300
150 10 0.049085
151 10 0.294000
152 10 45.503800
153 10 29.721100
154 10 0.000000
155 10 0.000000
156 10 0.000000
157 10 0.000000
158 10 0.000000
159 10 60.893000
160 10 63.679800
161 10 71.748800
162 10 85.491000
163 10 101.524000
164 10 129.854000
165 10 0.062880
166 10 0.085600
167 10 0.127398
168 10 0.013000
169 10 0.212280
170 10 0.072200
171 10 0.274896
172 10 0.444500
173 10 66.365100
174 10 55.233100
175 10 47.310700
176 10 22.856400
177 10 58.412300
178 10 66.700000
179 10 66.472500
180 10 94.180100
181 10 81.433200
182 10 0.292425
183 10 5.039100
184 10 0.304709
185 10 0.574600
186 10 0.317978
187 10 0.202400
188 10 0.297034
189 10 0.001500
190 10 0.210915
191 10 0.000000
192 10 0.092469
193 10 0.000000
194 10 107.934000
195 10 81.214400
196 10 58.826100
197 10 52.245600
198 10 0.025825
199 10 0.000000
200 10 0.074381
201 10 0.000000
202 10 0.091055
203 10 0.000000
204 10 0.061836
205 10 0.000000
206 10 0.074273
207 10 0.000000
208 10 0.481847
209 10 0.000000
210 10 0.000000
211 10 0.322404
212 10 0.164481
213 10 0.182644
214 10 0.586771
215 10 3.413050
216 10 0.390108
217 10 0.005795
218 10 0.000000
219 10 0.000000
220 10 0.000000
221 10 0.000000
222 10 1.275040
223 10 207.276000
224 10 0.000000
225 10 4.377020
226 10 1.599470
227 10 0.319520
228 10 0.382384
229 10 0.759525
230 10 0.794097
231 10 0.920916
;

param Prob0 :=
1	0.100
2	0.000
3	0.100
4	0.100
5	0.100
6	0.200
7	0.100
8	0.100
9	0.100
10	0.100
;
set c[0,5] := 5 1 2 3 4 6 7 8 9 10;
set c[1,2] := 2 5 1 3 4 6 7 8 9 10;
set c[2,1] := 1 5 3 4 9;
set c[2,8] := 8 2 6 7 10;
set c[3,2] := 2 8 6 7 10;
set c[3,1] := 1 5 3 4 9;
set c[4,1] := 1 5 3 4 9;
set c[4,6] := 6 2 7;
set c[4,10] := 10 8;
set c[5,10] := 10 8;
set c[5,6] := 6 2 7;
set c[5,9] := 9 1 5 3 4;
set c[6,6] := 6 2 7;
set c[6,5] := 5 9 1 3 4;
set c[6,10] := 10 8;
set c[7,10] := 10 8;
set c[7,9] := 9 5 1 3 4;
set c[7,2] := 2 6 7;
set c[8,6] := 6 2 7;
set c[8,5] := 5 9 1 3 4;
set c[8,10] := 10 8;
set c[9,10] := 10 8;
set c[9,4] := 4 5 9 1 3;
set c[9,6] := 6 2 7;
set c[10,9] := 9 4 5 1 3;
set c[10,6] := 6 2 7;
set c[10,10] := 10 8;
set c[11,6] := 6 2 7;
set c[11,10] := 10 8;
set c[11,9] := 9 4 5 1 3;
set c[12,5] := 5;
set c[12,3] := 3 9;
set c[12,4] := 4 1;
set c[12,10] := 10 8;
set c[12,7] := 7 6 2;
set c[13,4] := 4 1;
set c[13,3] := 3 9;
set c[13,6] := 6 7 2;
set c[13,10] := 10 8;
set c[13,5] := 5;
set c[14,10] := 10 8;
set c[14,6] := 6 7 2;
set c[14,5] := 5;
set c[14,3] := 3 9;
set c[14,4] := 4 1;
set c[15,6] := 6 7 2;
set c[15,5] := 5;
set c[15,3] := 3 9;
set c[15,4] := 4;
set c[15,1] := 1;
set c[15,10] := 10 8;
set c[16,4] := 4;
set c[16,3] := 3 9;
set c[16,10] := 10;
set c[16,8] := 8;
set c[16,1] := 1;
set c[16,5] := 5;
set c[16,7] := 7 6 2;
set c[17,8] := 8;
set c[17,3] := 3 9;
set c[17,7] := 7 6 2;
set c[17,5] := 5;
set c[17,1] := 1;
set c[17,10] := 10;
set c[17,4] := 4;
set c[18,4] := 4;
set c[18,10] := 10;
set c[18,2] := 2 7 6;
set c[18,3] := 3 9;
set c[18,5] := 5;
set c[18,1] := 1;
set c[18,8] := 8;
set c[19,1] := 1;
set c[19,6] := 6 2 7;
set c[19,8] := 8;
set c[19,3] := 3 9;
set c[19,10] := 10;
set c[19,5] := 5;
set c[19,4] := 4;
set c[20,5] := 5;
set c[20,8] := 8;
set c[20,7] := 7 6 2;
set c[20,4] := 4;
set c[20,3] := 3 9;
set c[20,10] := 10;
set c[20,1] := 1;
set c[21,6] := 6 7 2;
set c[21,1] := 1;
set c[21,3] := 3 9;
set c[21,4] := 4;
set c[21,8] := 8;
set c[21,10] := 10;
set c[21,5] := 5;
set c[22,10] := 10;
set c[22,5] := 5;
set c[22,3] := 3 9;
set c[22,4] := 4;
set c[22,8] := 8;
set c[22,1] := 1;
set c[22,2] := 2 6 7;
set c[23,8] := 8;
set c[23,3] := 3 9;
set c[23,4] := 4;
set c[23,2] := 2 6 7;
set c[23,5] := 5;
set c[23,1] := 1;
set c[23,10] := 10;
set c[24,5] := 5;
set c[24,7] := 7 2 6;
set c[24,4] := 4;
set c[24,3] := 3 9;
set c[24,1] := 1;
set c[24,10] := 10;
set c[24,8] := 8;
set c[25,8] := 8;
set c[25,10] := 10;
set c[25,1] := 1;
set c[25,6] := 6 7 2;
set c[25,4] := 4;
set c[25,3] := 3 9;
set c[25,5] := 5;
set c[26,3] := 3 9;
set c[26,10] := 10;
set c[26,6] := 6 7 2;
set c[26,1] := 1;
set c[26,5] := 5;
set c[26,4] := 4;
set c[26,8] := 8;
set c[27,4] := 4;
set c[27,5] := 5;
set c[27,8] := 8;
set c[27,6] := 6 2;
set c[27,7] := 7;
set c[27,10] := 10;
set c[27,1] := 1;
set c[27,3] := 3 9;
set c[28,7] := 7;
set c[28,8] := 8;
set c[28,10] := 10;
set c[28,1] := 1;
set c[28,5] := 5;
set c[28,3] := 3 9;
set c[28,6] := 6 2;
set c[28,4] := 4;
set c[29,10] := 10;
set c[29,3] := 3 9;
set c[29,6] := 6 2;
set c[29,5] := 5;
set c[29,1] := 1;
set c[29,4] := 4;
set c[29,8] := 8;
set c[29,7] := 7;
set c[30,8] := 8;
set c[30,1] := 1;
set c[30,7] := 7;
set c[30,4] := 4;
set c[30,5] := 5;
set c[30,3] := 3 9;
set c[30,6] := 6 2;
set c[30,10] := 10;
set c[31,4] := 4;
set c[31,10] := 10;
set c[31,6] := 6 2;
set c[31,3] := 3 9;
set c[31,5] := 5;
set c[31,1] := 1;
set c[31,7] := 7;
set c[31,8] := 8;
set c[32,10] := 10;
set c[32,5] := 5;
set c[32,8] := 8;
set c[32,6] := 6 2;
set c[32,7] := 7;
set c[32,1] := 1;
set c[32,3] := 3 9;
set c[32,4] := 4;
set c[33,5] := 5;
set c[33,7] := 7;
set c[33,8] := 8;
set c[33,6] := 6 2;
set c[33,1] := 1;
set c[33,3] := 3 9;
set c[33,4] := 4;
set c[33,10] := 10;
set c[34,6] := 6 2;
set c[34,1] := 1;
set c[34,7] := 7;
set c[34,4] := 4;
set c[34,3] := 3;
set c[34,9] := 9;
set c[34,10] := 10;
set c[34,8] := 8;
set c[34,5] := 5;

