1 0.2 1 0.0
1 0.2 2 0.0
1 0.2 3 0.0
1 0.2 4 0.0
1 0.2 5 0.0
1 0.2 6 0.9167019999999901
1 0.2 7 0.0
1 0.2 8 0.0
1 0.2 9 0.0
1 0.2 10 3.934999999999995
1 0.2 11 3.944999999999993
1 0.2 12 4.007499999999993
1 0.2 13 4.109999999999999
1 0.2 14 4.037500000000001
1 0.2 15 3.9750000000000014
1 0.2 16 3.779999999999994
1 0.2 17 3.7224999999999966
1 0.2 18 3.752500000000005
1 0.2 19 3.8299999999999983
1 0.2 20 3.8275000000000006
1 0.2 21 0.0
1 0.2 22 0.0
1 0.2 23 1.580013000000367
1 0.2 24 2.7624999999999993
3 0.1 1 0.0
3 0.1 2 0.0
3 0.1 3 0.0
3 0.1 4 0.0
3 0.1 5 0.0
3 0.1 6 0.9167019999999901
3 0.1 7 0.0
3 0.1 8 0.0
3 0.1 9 0.0
3 0.1 10 3.934999999999995
3 0.1 11 3.944999999999993
3 0.1 12 4.007499999999993
3 0.1 13 4.109999999999999
3 0.1 14 4.037500000000001
3 0.1 15 3.9750000000000014
3 0.1 16 3.779999999999994
3 0.1 17 3.7224999999999966
3 0.1 18 3.752500000000005
3 0.1 19 3.8299999999999983
3 0.1 20 3.8275000000000006
3 0.1 21 0.0
3 0.1 22 0.0
3 0.1 23 1.580013000000367
3 0.1 24 2.7624999999999993
4 0.1 1 0.0
4 0.1 2 2.1424999999999983
4 0.1 3 0.0
4 0.1 4 0.0
4 0.1 5 0.0
4 0.1 6 0.0
4 0.1 7 0.0
4 0.1 8 0.0
4 0.1 9 0.0
4 0.1 10 3.934999999999995
4 0.1 11 3.944999999999993
4 0.1 12 4.007499999999993
4 0.1 13 4.109999999999999
4 0.1 14 4.037500000000001
4 0.1 15 3.9750000000000014
4 0.1 16 3.780000000000001
4 0.1 17 3.7225000000000037
4 0.1 18 3.752500000000005
4 0.1 19 3.8299999999999983
4 0.1 20 3.8275000000000006
4 0.1 21 0.0
4 0.1 22 0.0
4 0.1 23 0.0
4 0.1 24 2.762500000000003
5 0.1 1 2.5024999999999977
5 0.1 2 2.1424999999999983
5 0.1 3 2.009999999999998
5 0.1 4 0.0
5 0.1 5 0.0
5 0.1 6 0.0
5 0.1 7 0.0
5 0.1 8 0.0
5 0.1 9 0.0
5 0.1 10 3.934999999999995
5 0.1 11 3.944999999999993
5 0.1 12 4.007499999999993
5 0.1 13 4.109999999999999
5 0.1 14 4.037500000000001
5 0.1 15 3.9750000000000014
5 0.1 16 3.779999999999994
5 0.1 17 3.7225000000000037
5 0.1 18 3.752500000000005
5 0.1 19 3.8299999999999983
5 0.1 20 0.0
5 0.1 21 0.0
5 0.1 22 0.0
5 0.1 23 0.0
5 0.1 24 2.7624999999999993
6 0.1 1 0.0
6 0.1 2 0.0
6 0.1 3 0.0
6 0.1 4 0.0
6 0.1 5 0.0
6 0.1 6 0.9167019999999901
6 0.1 7 0.0
6 0.1 8 0.0
6 0.1 9 0.0
6 0.1 10 3.934999999999995
6 0.1 11 3.944999999999993
6 0.1 12 4.007499999999993
6 0.1 13 4.109999999999999
6 0.1 14 4.037500000000001
6 0.1 15 3.9750000000000014
6 0.1 16 3.779999999999994
6 0.1 17 3.722499999999883
6 0.1 18 3.752500000000005
6 0.1 19 3.8299999999999983
6 0.1 20 3.8275000000000006
6 0.1 21 0.0
6 0.1 22 0.0
6 0.1 23 1.580013000000367
6 0.1 24 2.7624999999999993
7 0.1 1 2.5024999999999977
7 0.1 2 2.1424999999999983
7 0.1 3 2.009999999999998
7 0.1 4 0.0
7 0.1 5 0.0
7 0.1 6 0.0
7 0.1 7 0.0
7 0.1 8 0.0
7 0.1 9 0.0
7 0.1 10 3.934999999999995
7 0.1 11 3.944999999999993
7 0.1 12 4.007499999999993
7 0.1 13 4.109999999999999
7 0.1 14 4.037500000000001
7 0.1 15 3.9750000000000014
7 0.1 16 3.779999999999994
7 0.1 17 3.7225000000000037
7 0.1 18 3.752500000000005
7 0.1 19 3.8299999999999983
7 0.1 20 0.0
7 0.1 21 0.0
7 0.1 22 0.0
7 0.1 23 0.0
7 0.1 24 2.7624999999999993
8 0.1 1 0.0
8 0.1 2 2.1424999999999983
8 0.1 3 0.0
8 0.1 4 0.0
8 0.1 5 0.0
8 0.1 6 0.0
8 0.1 7 0.0
8 0.1 8 0.0
8 0.1 9 0.0
8 0.1 10 3.934999999999995
8 0.1 11 3.944999999999993
8 0.1 12 4.007499999999993
8 0.1 13 4.109999999999999
8 0.1 14 4.037500000000001
8 0.1 15 3.9750000000000014
8 0.1 16 3.780000000000001
8 0.1 17 3.7225000000000037
8 0.1 18 3.752500000000005
8 0.1 19 3.8299999999999983
8 0.1 20 3.8275000000000006
8 0.1 21 0.0
8 0.1 22 0.0
8 0.1 23 0.0
8 0.1 24 2.762500000000003
9 0.1 1 0.0
9 0.1 2 0.0
9 0.1 3 0.0
9 0.1 4 0.0
9 0.1 5 0.0
9 0.1 6 0.9167019999999901
9 0.1 7 0.0
9 0.1 8 0.0
9 0.1 9 0.0
9 0.1 10 3.934999999999995
9 0.1 11 3.944999999999993
9 0.1 12 4.007499999999993
9 0.1 13 4.109999999999999
9 0.1 14 4.037500000000001
9 0.1 15 3.9750000000000014
9 0.1 16 3.779999999999994
9 0.1 17 3.7224999999999966
9 0.1 18 3.752500000000005
9 0.1 19 3.8299999999999983
9 0.1 20 3.8275000000000006
9 0.1 21 0.0
9 0.1 22 0.0
9 0.1 23 1.580013000000367
9 0.1 24 2.7624999999999993
10 0.1 1 2.5024999999999977
10 0.1 2 2.1424999999999983
10 0.1 3 2.009999999999998
10 0.1 4 0.0
10 0.1 5 0.0
10 0.1 6 0.0
10 0.1 7 0.0
10 0.1 8 0.0
10 0.1 9 0.0
10 0.1 10 3.934999999999995
10 0.1 11 3.944999999999993
10 0.1 12 4.007499999999993
10 0.1 13 4.109999999999999
10 0.1 14 4.037500000000001
10 0.1 15 3.9750000000000014
10 0.1 16 3.779999999999994
10 0.1 17 3.7225000000000037
10 0.1 18 3.752500000000005
10 0.1 19 3.8299999999999983
10 0.1 20 0.0
10 0.1 21 0.0
10 0.1 22 0.0
10 0.1 23 0.0
10 0.1 24 2.7624999999999993
