#erel:= 0.850;
#emax:= 0.000;
#q:= 0.000;
#nesce:=     1;
#etime:= 0.057;
#snodes:=    34;
param nS:=     1;
param nSG:=    34;
param nRVSG [*] :=
 1 24    5  2    9  2   13  2   17  2   21  9   25  2   29  2   33  2
 2 24    6  2   10  2   14  2   18  2   22  2   26  2   30  2   34 24
 3 24    7 20   11 17   15  2   19  2   23  2   27  2   31  2
 4 24    8  2   12  2   16 13   20  2   24  2   28  4   32  2
;

param ScenF [*] :=
  1   0           59  21.9309     117  59.0976     175  29.2619
  2   0           60  23.4934     118  73.0217     176  26.6138
  3   0           61  32.5914     119  91.392      177  21.1761
  4   0           62  33.1382     120  88.6164     178  36.0872
  5   0           63  33.3339     121   0.641264   179  61.3036
  6   0           64  30.3539     122   0          180  83.7924
  7   0           65  41.2744     123   0.620315   181  63.4422
  8   0           66  60.5674     124   0          182   0.47958
  9  11.7264      67  56.4035     125   0.637572   183   0.5072
 10  16.6011      68  41.9563     126   0          184   0.478567
 11  13.7899      69  56.934      127  26.5479     185   0.4006
 12  12.1632      70  54.3341     128  44.5984     186   0.488424
 13  15.7695      71  48.6967     129  38.5776     187   0.1658
 14  14.135       72  41.1979     130  29.2883     188   0.503067
 15  10.9203      73  22.3923     131  37.4487     189   0.0002
 16   6.77744     74  35.0843     132  52.8687     190   0.50049
 17  11.3146      75  23.4887     133  59.0695     191   0
 18  23.1161      76  10.2226     134  54.8993     192   0.462266
 19  35.7864      77   5.7695     135  56.695      193   0
 20  38.6166      78  11.8918     136  53.6021     194  58.1782
 21  34.36        79  23.6868     137  46.9221     195  49.903
 22  27.9621      80  31.6341     138  41.2123     196  35.7461
 23  26.1323      81  34.5438     139  42.4138     197  32.5211
 24  19.2485      82  19.5835     140  58.0664     198   0.439621
 25   7.48193     83  23.6917     141  65.8411     199   0
 26   6.1926      84  20.3522     142  68.0882     200   0.442104
 27   3.78679     85  11.9521     143  45.8778     201   0
 28   2.80523     86  11.6414     144   0.646546   202   0.432968
 29   2.81059     87  12.1294     145   0          203   0
 30   3.78409     88   9.09429    146   0.618235   204   0.417139
 31   9.32222     89  40.4194     147   0          205   0
 32   2.57953     90  55.0066     148   0.571328   206   0.403844
 33   0           91  56.3649     149   0.0001     207   0
 34   0           92  72.9404     150   0.483114   208   0
 35   9.37199     93  80.5502     151   0.1091     209   0
 36  10.869       94  70.317      152   8.47619    210   0
 37   9.98037     95  64.9462     153  12.3417     211   0
 38   7.50763     96  58.8909     154  28.0754     212  19.1377
 39   6.13872     97   0.727828   155  35.4666     213   1.31181
 40  10.9755      98   0          156  27.7392     214   1.2293
 41  21.9203      99   0.692438   157  21.3673     215  15.5418
 42  11.4403     100   0          158  19.1157     216   1.28296
 43   0          101  20.5529     159  19.4905     217   0
 44   0          102  40.3807     160  19.7117     218   8.63981
 45   0          103  38.1746     161  19.6875     219   5.66817
 46   0          104  35.5517     162  22.8811     220   2.30675
 47   0          105  36.2601     163  33.4793     221   0
 48   0          106  41.6403     164  31.8119     222   0.296918
 49  18.0378     107  44.2326     165   0.424146   223 252.892
 50  32.6167     108  50.1096     166   0.3403     224   7.33198
 51  31.7338     109  67.5868     167   0.410864   225   5.00412
 52  25.2963     110  77.9788     168   0.5402     226   2.58495
 53  17.1045     111  69.8731     169   0.431536   227   0.889691
 54  20.4599     112  64.384      170   0.5768     228   0.298527
 55  26.0038     113  65.7513     171   0.45835    229   0.20878
 56  33.1284     114  66.8999     172   0.5948     230   0.236042
 57  38.548      115  61.6288     173  22.5654     231   0.017631
 58  32.825      116  58.0788     174  24.596
;

param ScenO [*] :=
  1 41.6         48 19.28        95 60          142 74          189  0.001
  2 41           49 45.5         96 55.21       143 71.39       190  0.813
  3 30.57        50 30.82        97  0.734      144  0.646      191  0
  4 20.87        51 23.14        98  0          145  0          192  0.71
  5 18.37        52 20.87        99  0.73       146  0.692      193  0
  6 16.66        53 18.37       100  0          147  0          194 63
  7 16.66        54 16.66       101 46.7        148  0.705      195 59
  8 18.3         55 16.66       102 44          149  0.016      196 55.54
  9 20           56 18.3        103 40.57       150  0.689      197 46.62
 10 30           57 20          104 30.87       151  0.209      198  0.614
 11 32.95        58 22.58       105 22.06       152 25          199  0
 12 21           59 32.95       106 20.5        153 28          200  0.528
 13 18.47        60 21          107 20.5        154 34.44       201  0
 14 18.37        61 18.47       108 21          155 25.2        202  0.486
 15 18.47        62 18.37       109 22.06       156 22.16       203  0
 16 18.47        63 18.47       110 32          157 21.37       204  0.488
 17 21.25        64 18.47       111 35.17       158 21.47       205  0
 18 40           65 21.25       112 25          159 22.16       206  0.494
 19 60           66 39.47       113 22.87       160 23.38       207  0
 20 76           67 54.33       114 22.06       161 41.5        208  0.46226
 21 76.27        68 71          115 22.06       162 53          209  0.327073
 22 68.43        69 71.26       116 22          163 70.8        210  0.075564
 23 63.26        70 61.57       117 23.38       164 71.3        211  3.47197
 24 57.87        71 58.25       118 42.22       165  0.699      212  0.102341
 25 33.92        72 52.67       119 54.01       166  0.425      213  4.10564
 26 38.24        73 49.5        120 71          167  0.808      214  4.07443
 27 36.16        74 36.9        121  0.695      168  0.558      215  4.01803
 28 39.64        75 32.47       122  0          169  0.864      216  4.134
 29 40.36        76 23.27       123  0.64       170  0.612      217  2.21467
 30 42.28        77 20.77       124  0          171  0.896      218  0.010015
 31 41.12        78 19.06       125  0.594      172  0.578      219  0.312857
 32 40.68        79 18.33       126  0          173 18.37       220  0.472117
 33 37.36        80 20.7        127 48.85       174 14.14       221  3.17365
 34 40           81 22.06       128 17.66       175 18.47       222  4.1386
 35 45.48        82 31.2        129 17.67       176 21.25       223  0.927991
 36 41.68        83 35.35       130 21.3        177 23.89       224  3.58353
 37 38.12        84 24          131 23          178 40.77       225  0.30575
 38 38.8         85 20.87       132 30.79       179 64.89       226  0.311833
 39 38.88        86 20.77       133 34.96       180 76.27       227  0.320921
 40 39.16        87 20.87       134 23.1        181 68.11       228  0.985971
 41 43.12        88 20.87       135 20.48       182  0.926      229  0.434751
 42 38.88        89 24.25       136 20.38       183  0.422      230  0.780746
 43 20.76        90 42.22       137 20.48       184  0.928      231  1.59254
 44  7.64        91 57.34       138 20.48       185  0.224
 45  7.76        92 70.8        139 23.38       186  0.91
 46 13.92        93 71.27       140 42.22       187  0.089
 47 14.4         94 63.43       141 56          188  0.88
;

param Scen0 (tr)
 :    1	    2	    3	    4	    5	    6	    7	    8	    9	   10	   11	   12	   13	   14	   15	   16	   17	   18	   19	   20	   21	   22	   23	   24	   25	   26	   27	   28	   29	   30	   31	   32	   33	   34	   35	   36	   37	   38	   39	   40	   41	   42	   43	   44	   45	   46	   47	   48	   49	   50	   51	   52	   53	   54	   55	   56	   57	   58	   59	   60	   61	   62	   63	   64	   65	   66	   67	   68	   69	   70	   71	   72	   73	   74	   75	   76	   77	   78	   79	   80	   81	   82	   83	   84	   85	   86	   87	   88	   89	   90	   91	   92	   93	   94	   95	   96	   97	   98	   99	  100	  101	  102	  103	  104	  105	  106	  107	  108	  109	  110	  111	  112	  113	  114	  115	  116	  117	  118	  119	  120	  121	  122	  123	  124	  125	  126	  127	  128	  129	  130	  131	  132	  133	  134	  135	  136	  137	  138	  139	  140	  141	  142	  143	  144	  145	  146	  147	  148	  149	  150	  151	  152	  153	  154	  155	  156	  157	  158	  159	  160	  161	  162	  163	  164	  165	  166	  167	  168	  169	  170	  171	  172	  173	  174	  175	  176	  177	  178	  179	  180	  181	  182	  183	  184	  185	  186	  187	  188	  189	  190	  191	  192	  193	  194	  195	  196	  197	  198	  199	  200	  201	  202	  203	  204	  205	  206	  207	  208	  209	  210	  211	  212	  213	  214	  215	  216	  217	  218	  219	  220	  221	  222	  223	  224	  225	  226	  227	  228	  229	  230	  231	:=
    1	29.500600	0.000000	0.000000	0.000000	0.000000	0.000000	0.000000	0.000000	3.456520	15.892900	14.967700	18.448900	26.746000	23.587100	17.057500	16.800200	21.436000	20.492800	46.735600	32.601900	37.875100	30.649200	23.010800	33.039500	12.743300	9.410060	9.717630	15.414900	23.310200	21.385000	14.233500	7.797370	1.360630	0.000000	43.567800	30.785000	21.974100	22.971300	25.739700	30.464400	41.172500	21.126200	0.000000	0.000000	0.000000	3.757440	2.219750	7.249930	47.131700	23.754700	28.651700	16.999500	14.474100	3.433310	15.586000	36.016000	36.050700	30.828200	24.355900	28.674000	37.685200	39.439300	37.291100	36.939800	49.847000	74.797600	84.734500	59.839700	84.114100	83.053900	66.729800	73.406500	43.708400	28.532400	25.312700	3.751800	1.076130	0.000000	19.308000	30.402000	27.581300	26.379600	20.940200	14.812300	4.811730	6.319760	5.733510	5.752090	36.077200	77.554100	82.529400	90.655400	98.436200	96.462000	81.996800	88.342100	0.735554	0.000000	0.717609	0.000000	71.335900	58.784200	60.184600	51.632800	48.676600	41.953300	58.065600	68.947400	70.835500	78.706200	68.241700	67.338500	66.224600	64.416400	64.467200	68.269400	69.794400	82.990800	110.998000	125.082000	0.696790	0.000000	0.640745	0.000000	0.600277	0.000000	54.559500	38.309100	35.784500	57.861900	58.983700	81.516600	81.990400	80.426000	76.206600	83.162600	72.959300	53.681700	61.897400	81.040400	89.378800	91.244600	103.314000	0.566965	0.000000	0.489997	0.000000	0.406501	0.000000	0.309269	0.077700	26.880900	48.758700	44.461400	47.335900	45.457500	38.339400	36.075300	36.351100	44.748500	30.696900	45.089000	68.134100	85.054600	0.251017	0.258300	0.249177	0.872800	0.296816	0.141000	0.341088	2.175100	31.175300	37.892700	43.515000	44.494200	34.506500	63.732200	101.490000	116.222000	108.550000	0.368171	0.255900	0.377270	0.118300	0.380171	0.616000	0.378903	0.000400	0.537647	0.000000	0.514639	0.000000	68.014600	80.300700	71.258000	61.424400	0.508701	0.000000	0.528606	0.000000	0.514572	0.000000	0.466523	0.000000	0.407952	0.000000	0.100409	0.000000	7.092550	0.101017	18.451500	0.000000	2.208640	15.460900	1.384250	0.000000	9.232710	8.385760	4.186580	1.440350	2.340350	358.709000	2.689980	0.000000	1.686470	1.142730	0.668716	0.416436	0.406932	0.095218	
;
param Prob0 :=
    1	1.000
;
set c[0,1] := 1;
set c[1,1] := 1;
set c[2,1] := 1;
set c[3,1] := 1;
set c[4,1] := 1;
set c[5,1] := 1;
set c[6,1] := 1;
set c[7,1] := 1;
set c[8,1] := 1;
set c[9,1] := 1;
set c[10,1] := 1;
set c[11,1] := 1;
set c[12,1] := 1;
set c[13,1] := 1;
set c[14,1] := 1;
set c[15,1] := 1;
set c[16,1] := 1;
set c[17,1] := 1;
set c[18,1] := 1;
set c[19,1] := 1;
set c[20,1] := 1;
set c[21,1] := 1;
set c[22,1] := 1;
set c[23,1] := 1;
set c[24,1] := 1;
set c[25,1] := 1;
set c[26,1] := 1;
set c[27,1] := 1;
set c[28,1] := 1;
set c[29,1] := 1;
set c[30,1] := 1;
set c[31,1] := 1;
set c[32,1] := 1;
set c[33,1] := 1;
set c[34,1] := 1;

