#erel:= 0.850;
#emax:= 0.000;
#q:= 0.000;
#nesce:=     1;
#etime:= 0.018;
#snodes:=    34;
param nS:=     1;
param nSG:=    34;
param nRVSG [*] :=
 1 24    5  2    9  2   13  2   17  2   21  9   25  2   29  2   33  2
 2 24    6  2   10  2   14  2   18  2   22  2   26  2   30  2   34 24
 3 24    7 20   11 17   15  2   19  2   23  2   27  2   31  2
 4 24    8  2   12  2   16 13   20  2   24  2   28  4   32  2
;

param ScenF [*] :=
  1  53.982       59  99.8685     117  83.646      175  63.7054
  2  80.4843      60 101.075      118  84.8515     176  53.0916
  3  76.8461      61  96.9768     119 106.055      177  54.0632
  4  67.5469      62  96.0773     120 104.2        178  81.5164
  5  59.8074      63  91.7821     121   0.385602   179 109.393
  6  60.4964      64  91.9069     122   0          180 124.62
  7  77.2389      65  88.5077     123   0.380181   181  87.5617
  8  95.13        66  88.5702     124   0          182   0.316443
  9 123.677       67 102.646      125   0.37617    183   0.5288
 10 119.908       68 122.847      126   0          184   0.330915
 11 106.723       69 126.166      127  43.6193     185   0.4233
 12 108.548       70 120.812      128  75.4228     186   0.347056
 13 108.064       71 113.671      129  75.9512     187   0.1605
 14 105.98        72  97.6998     130  74.892      188   0.371978
 15  99.1495      73  58.7445     131 105.531      189   0
 16  89.0365      74  85.8641     132 116.106      190   0.382304
 17  87.9362      75  77.0381     133 107.341      191   0
 18  97.2374      76  69.2192     134  92.6141     192   0.361412
 19 119.986       77  70.4999     135  94.467      193   0
 20 141.916       78  73.6424     136  88.8795     194 117.433
 21 147.374       79  81.6799     137  83.4464     195  87.5988
 22 132.08        80  88.8774     138  81.8368     196  70.9149
 23 122.227       81 103.585      139  85.2809     197  56.9352
 24 103.847       82  99.6651     140 104.52       198   0.34352
 25  42.196       83 125.389      141 117.402      199   0
 26  56.79        84 126.75       142 122.663      200   0.325378
 27  66.8906      85 117.318      143  87.3786     201   0
 28  72.781       86 123.33       144   0.359784   202   0.300314
 29  75.4488      87 128.073      145   0          203   0
 30  66.1925      88 118.198      146   0.345797   204   0.268595
 31  61.8594      89 116.693      147   0          205   0
 32  39.1399      90 102.398      148   0.338163   206   0.234541
 33  28.3966      91 109.013      149   0.0441     207   0
 34  34.0775      92 130.574      150   0.298088   208   0.164682
 35  51.599       93 120.063      151   0.1946     209   0
 36  52.2848      94  94.2093     152  85.9231     210   0
 37  71.4893      95  90.8186     153 115.919      211   0
 38  73.1575      96  92.3217     154 110.031      212   2.34878
 39  68.009       97   0.397199   155 101.11       213   0.535996
 40  63.0174      98   0          156  97.0717     214   0
 41  69.3785      99   0.395982   157  98.2443     215   0.847386
 42  64.015      100   0          158  99.6403     216   0.475572
 43  76.2584     101  66.8706     159  98.1503     217   0.747861
 44  18.8311     102  90.101      160  92.1366     218   3.55524
 45  23.896      103  86.8805     161  95.7297     219   3.08086
 46  13.2868     104  84.6467     162 113.671      220   3.36171
 47  11.574      105  78.6636     163 127.606      221   0
 48   9.83406    106  75.9002     164 110.949      222   0.630868
 49  32.5738     107  78.756      165   0.251252   223   0
 50  61.9179     108  84.9991     166   0.3345     224  16.8765
 51  60.5974     109 116.156      167   0.22839    225   7.78051
 52  54.5187     110 121.245      168   0.5534     226   0.853808
 53  46.7037     111 113.41       169   0.249599   227   0.403372
 54  48.5247     112  98.7459     170   0.6157     228   0.241864
 55  60.6583     113  89.5628     171   0.284393   229   0.375787
 56  76.9355     114  95.9334     172   0.6346     230   0.48357
 57 112.844      115  90.5354     173  59.8065     231   0.557394
 58 120.605      116  85.2673     174  63.9682
;

param ScenO [*] :=
  1 65           48 31.8         95 61.01       142 55.12       189  0.003
  2 37.94        49 65           96 51.99       143 68.57       190  0.768
  3 16.66        50 22.95        97  0.38       144  0.501      191  0
  4 14.72        51  7.47        98  0          145  0          192  0.708
  5  4.3         52  0.72        99  0.331      146  0.525      193  0
  6  4.3         53  0          100  0          147  0          194 74.4
  7  4.3         54  0.2        101 70          148  0.513      195 73.4
  8  4.3         55  0          102 37.95       149  0          196 47.37
  9  5           56  0          103 16.66       150  0.488      197 38.98
 10 14.81        57  2          104  7.99       151  0.076      198  0.691
 11 14           58 13.81       105  6.3        152 15          199  0
 12  5           59 16          106  4.3        153 14.81       200  0.756
 13  4.3         60 11.9        107  4.3        154 21          201  0
 14  4.3         61  9.3        108 13.98       155 16.66       202  0.778
 15  4.3         62  4.3        109 14          156 15          203  0
 16  4.3         63  4.3        110 16.66       157 10          204  0.731
 17  4.3         64  4.3        111 19          158  7.39       205  0
 18 16.66        65  5.81       112 15          159  9.3        206  0.73
 19 39.98        66 16.66       113 14          160  9.3        207  0
 20 47.5         67 39.98       114 13.98       161 18          208  0.787846
 21 62.29        68 47.5        115 12.3        162 50.97       209  1.89246
 22 63.37        69 62.29       116 12.3        163 55.12       210  0.358944
 23 58           70 63.37       117 10.3        164 68.52       211  0.003397
 24 46.5         71 58          118 18.93       165  0.488      212  0.260465
 25 68.64        72 47.99       119 50.59       166  0.346      213  0.027907
 26 43.44        73 65          120 56.89       167  0.59       214  0.023256
 27 38.24        74 22.94       121  0.286      168  0.526      215 11.407
 28 43.28        75 12.36       122  0          169  0.64       216  5.958
 29 48.4         76  5          123  0.294      170  0.553      217  4.24646
 30 48.64        77  4.8        124  0          171  0.695      218  4.91429
 31 48.64        78  4.3        125  0.358      172  0.571      219  0.68
 32 48.64        79  4.3        126  0          173 14          220 12.4372
 33 48.28        80  4.3        127 75.01       174 14          221  0.388372
 34 56.56        81  5          128 13.98       175 14          222  0.102326
 35 74.48        82 16.29       129 10.49       176 14.3        223  0.551163
 36 78.76        83 16.66       130 14          177 17.99       224 14.7349
 37 45.8         84 14          131 14          178 42.2        225  0.028812
 38 40.8         85 13.98       132 17.45       179 51.62       226  0.33942
 39 43.72        86 13.98       133 20          180 69          227  0.220842
 40 47.24        87 13.98       134 16.66       181 70          228  1.26569
 41 79.24        88 13.98       135 14          182  0.72       229  0.40445
 42 72.6         89 13.98       136 10.49       183  0.498      230  0.416207
 43 35.44        90 18.33       137 10.49       184  0.723      231  0.363871
 44 32.2         91 50.49       138  9.3        185  0.39
 45 27.16        92 53.03       139  9.8        186  0.826
 46 25.52        93 64.69       140 18.33       187  0.176
 47 29.24        94 66.37       141 50.59       188  0.821
;

param Scen0 (tr)
 :    1	    2	    3	    4	    5	    6	    7	    8	    9	   10	   11	   12	   13	   14	   15	   16	   17	   18	   19	   20	   21	   22	   23	   24	   25	   26	   27	   28	   29	   30	   31	   32	   33	   34	   35	   36	   37	   38	   39	   40	   41	   42	   43	   44	   45	   46	   47	   48	   49	   50	   51	   52	   53	   54	   55	   56	   57	   58	   59	   60	   61	   62	   63	   64	   65	   66	   67	   68	   69	   70	   71	   72	   73	   74	   75	   76	   77	   78	   79	   80	   81	   82	   83	   84	   85	   86	   87	   88	   89	   90	   91	   92	   93	   94	   95	   96	   97	   98	   99	  100	  101	  102	  103	  104	  105	  106	  107	  108	  109	  110	  111	  112	  113	  114	  115	  116	  117	  118	  119	  120	  121	  122	  123	  124	  125	  126	  127	  128	  129	  130	  131	  132	  133	  134	  135	  136	  137	  138	  139	  140	  141	  142	  143	  144	  145	  146	  147	  148	  149	  150	  151	  152	  153	  154	  155	  156	  157	  158	  159	  160	  161	  162	  163	  164	  165	  166	  167	  168	  169	  170	  171	  172	  173	  174	  175	  176	  177	  178	  179	  180	  181	  182	  183	  184	  185	  186	  187	  188	  189	  190	  191	  192	  193	  194	  195	  196	  197	  198	  199	  200	  201	  202	  203	  204	  205	  206	  207	  208	  209	  210	  211	  212	  213	  214	  215	  216	  217	  218	  219	  220	  221	  222	  223	  224	  225	  226	  227	  228	  229	  230	  231	:=
    1	83.871600	78.319000	79.133500	59.896800	54.154900	47.833400	71.264200	86.975900	121.078000	124.198000	113.835000	119.688000	123.028000	120.242000	110.088000	102.011000	101.903000	92.970600	128.820000	134.172000	149.052000	132.767000	117.831000	116.773000	46.805600	60.340700	73.610800	85.877600	96.388300	84.394400	67.479900	45.238400	30.736900	28.944800	87.040200	72.654200	83.348900	88.204700	87.343100	82.327300	89.306200	74.060100	69.577000	6.292380	17.942400	17.477900	14.836500	18.296800	82.221300	60.774600	64.008100	49.561800	47.082500	32.823700	54.001100	74.618700	107.277000	127.161000	113.076000	114.964000	105.263000	104.725000	99.008200	99.435500	95.552300	96.949100	121.208000	126.284000	145.405000	149.448000	133.268000	129.343000	77.746300	80.202600	79.273400	64.396400	67.638200	61.826200	78.380100	89.886000	100.597000	110.860000	129.808000	127.981000	116.919000	124.660000	128.611000	122.902000	120.225000	121.256000	130.675000	143.150000	132.647000	116.100000	104.468000	118.945000	0.404924	0.000000	0.420776	0.000000	118.860000	111.102000	113.021000	104.567000	94.834900	79.726700	96.739400	107.751000	124.506000	127.660000	116.533000	105.897000	93.772300	97.546700	97.277200	98.429500	97.996700	91.722800	122.372000	137.690000	0.440809	0.000000	0.400286	0.000000	0.338114	0.000000	69.749400	66.055800	69.808100	99.735300	121.315000	139.044000	124.962000	113.247000	108.809000	113.758000	104.859000	89.534900	100.384000	122.196000	136.109000	142.219000	142.418000	0.279910	0.000000	0.216989	0.000000	0.172765	0.692000	0.123877	0.598900	103.769000	142.611000	118.411000	105.099000	105.885000	106.567000	107.786000	106.368000	109.237000	99.726500	129.826000	155.457000	157.941000	0.077776	0.333900	0.066495	0.866900	0.114748	3.695500	0.167340	0.464900	66.878800	77.382600	78.060100	71.081700	67.662000	109.305000	149.949000	157.398000	133.048000	0.204998	0.284400	0.229140	0.238700	0.239548	0.042900	0.247889	0.000000	0.389555	0.000000	0.353673	0.000000	129.925000	117.846000	106.178000	85.648500	0.331602	0.000000	0.325697	0.000000	0.348249	0.000000	0.345009	0.000000	0.285863	0.000000	0.325015	0.296996	6.311350	0.436886	2.002340	0.000000	0.960223	0.892132	0.859889	0.843402	4.250860	4.263830	4.862490	2.236010	2.534360	69.670000	13.672100	0.455346	0.000000	0.681809	0.703635	0.709349	0.697650	0.680644	
;
param Prob0 :=
    1	1.000
;
set c[0,1] := 1;
set c[1,1] := 1;
set c[2,1] := 1;
set c[3,1] := 1;
set c[4,1] := 1;
set c[5,1] := 1;
set c[6,1] := 1;
set c[7,1] := 1;
set c[8,1] := 1;
set c[9,1] := 1;
set c[10,1] := 1;
set c[11,1] := 1;
set c[12,1] := 1;
set c[13,1] := 1;
set c[14,1] := 1;
set c[15,1] := 1;
set c[16,1] := 1;
set c[17,1] := 1;
set c[18,1] := 1;
set c[19,1] := 1;
set c[20,1] := 1;
set c[21,1] := 1;
set c[22,1] := 1;
set c[23,1] := 1;
set c[24,1] := 1;
set c[25,1] := 1;
set c[26,1] := 1;
set c[27,1] := 1;
set c[28,1] := 1;
set c[29,1] := 1;
set c[30,1] := 1;
set c[31,1] := 1;
set c[32,1] := 1;
set c[33,1] := 1;
set c[34,1] := 1;

