#erel:= 0.850;
#emax:= 0.000;
#q:= 0.000;
#nesce:=     1;
#etime:= 0.022;
#snodes:=    34;
param nS:=     1;
param nSG:=    34;
param nRVSG [*] :=
 1 24    5  2    9  2   13  2   17  2   21  9   25  2   29  2   33  2
 2 24    6  2   10  2   14  2   18  2   22  2   26  2   30  2   34 24
 3 24    7 20   11 17   15  2   19  2   23  2   27  2   31  2
 4 24    8  2   12  2   16 13   20  2   24  2   28  4   32  2
;

param ScenF [*] :=
  1  23.2569       59  23.2601      117  55.3427      175  68.617
  2  29.4907       60  37.9534      118  60.7923      176  65.8906
  3  19.0407       61  38.6781      119  67.125       177  64.2044
  4  14.0842       62  49.1321      120  68.7765      178  83.1487
  5  14.2565       63  55.6793      121   0.0952026   179  99.422
  6  18.2722       64  52.1188      122   0           180 107.232
  7  32.2725       65  40.8804      123   0.116203    181  76.5397
  8  46.2236       66  18.6692      124   0           182   0.325018
  9  66.6537       67  21.7492      125   0.126956    183   0.1518
 10  71.3717       68  29.8186      126   0           184   0.291098
 11  53.0383       69  53.1143      127  14.1642      185   0.0966
 12  46.5133       70  44.5458      128  29.137       186   0.285838
 13  42.4488       71  44.0239      129  32.0615      187   0.0566
 14  44.9525       72  45.5839      130  36.1667      188   0.300451
 15  45.5104       73  19.6681      131  57.2687      189   0
 16  41.6909       74  21.6047      132  69.5066      190   0.299997
 17  35.6801       75  14.6053      133  75.2496      191   0
 18  34.3758       76  10.3811      134  72.8498      192   0.269844
 19  48.2972       77   9.92666     135  75.0633      193   0
 20  67.8342       78  12.7087      136  77.7787      194  72.6315
 21  78.5544       79  23.1956      137  77.4215      195  66.2989
 22  78.2204       80  27.4641      138  72.4138      196  49.584
 23  78.54         81  24.5539      139  69.3874      197  36.0168
 24  62.3398       82  23.3855      140  73.8895      198   0.238171
 25  17.248        83  29.6022      141  80.5523      199   0
 26  25.1533       84  38.3628      142  78.7463      200   0.260071
 27  26.8603       85  36.9228      143  55.6918      201   0
 28  25.634        86  40.8139      144   0.155169    202   0.321411
 29  24.3026       87  42.5297      145   0           203   0
 30  21.9706       88  38.0225      146   0.194878    204   0.359137
 31  20.6641       89  30.8909      147   0           205   0
 32  12.7859       90  18.1196      148   0.242221    206   0.345828
 33   8.25584      91  17.4438      149   0           207   0
 34   5.05591      92  15.0623      150   0.267776    208   0
 35  17.124        93  18.6195      151   0.0352      209   0
 36  23.1176       94  19.5422      152  45.5239      210  49.1434
 37  31.7527       95  26.8876      153  56.1397      211   0
 38  29.8953       96  31.7408      154  58.0288      212   2.87856
 39  31.77         97   0.0375824   155  50.8134      213   9.31992
 40  35.3901       98   0           156  47.9571      214   3.32483
 41  38.0463       99   0.0667368   157  55.0258      215   0
 42  28.1378      100   0           158  57.5015      216   7.08675
 43  20.9735      101  39.196       159  57.9078      217   6.73761
 44   1.28344     102  52.5556      160  55.9019      218   3.32394
 45   7.61434     103  43.5889      161  59.6693      219   0
 46  10.5818      104  36.5185      162  79.9436      220   0
 47  11.395       105  34.8198      163  85.9899      221   0
 48  10.0768      106  36.2219      164  75.0882      222   4.55374
 49   6.90826     107  43.1013      165   0.331009    223   0
 50   8.22458     108  50.2884      166   0.0903      224  69.039
 51   0           109  73.9367      167   0.396692    225  25.6387
 52   0           110  73.5288      168   0.1414      226   1.12333
 53   0           111  65.8599      169   0.411678    227   0.237767
 54   0           112  59.6525      170   0.1703      228   0.384868
 55   4.55474     113  58.8486      171   0.375648    229   0.551619
 56  12.7059      114  57.8579      172   0.1676      230   1.6433
 57  16.0888      115  49.0814      173  64.7966      231   2.68787
 58  17.6151      116  46.5826      174  68.4773
;

param ScenO [*] :=
  1  64           59  71.5        117  56.5        175  50.24
  2  55           60  66          118  64.38       176  42.2
  3  50.5         61  66.47       119  87.68       177  39.37
  4  49.24        62  59.84       120  99.88       178  90.7
  5  49.24        63  61.3        121   0.008      179 107.33
  6  49           64  60.1        122   0          180  95.13
  7  50           65  64.58       123   0.018      181  95.13
  8  57           66  63.41       124   0          182   0.668
  9  75           67  89.68       125   0.025      183   0.611
 10  85           68 102.37       126   0          184   0.65
 11  65           69  98.64       127  49          185   0.48
 12  51           70  97.39       128  49          186   0.578
 13  48.57        71  91.66       129  45.5        187   0.263
 14  47           72  88.93       130  45.66       188   0.556
 15  48.3         73  54          131  82.5        189   0.005
 16  49           74  68.58       132  90.98       190   0.501
 17  51           75  62.39       133  72.39       191   0
 18  62.38        76  62.39       134  58.65       192   0.414
 19  89.68        77  62.39       135  54.62       193   0
 20 102.37        78  62.39       136  59.24       194  98.4
 21 103.15        79  65          137  59          195  93.19
 22 102.37        80  57          138  54.82       196  90.64
 23  96.2         81  79          139  56.1        197  81.6
 24  92.64        82  90.13       140  62.38       198   0.348
 25  40           83  78.47       141  89.38       199   0
 26  32.12        84  76          142 101.38       200   0.311
 27  36.84        85  68.57       143  98.15       201   0
 28  34.12        86  64.66       144   0.031      202   0.294
 29  34.12        87  63.29       145   0          203   0
 30  34.04        88  58.5        146   0.063      204   0.297
 31  33.88        89  60.99       147   0          205   0
 32  34.6         90  62.4        148   0.131      206   0.316
 33  15.2         91  88.68       149   0.048      207   0
 34  12.68        92 102.37       150   0.218      208   0.587656
 35  35.72        93  99.02       151   0.311      209   0.909273
 36  44.4         94  97.37       152  82.5        210   1.74238
 37  43.2         95  93.3        153  94.5        211   0.240861
 38  40.68        96  89.65       154  79.21       212   1.30524
 39  41.64        97   0.01       155  61.2        213   0.674694
 40  40.72        98   0          156  58.57       214   0.3982
 41  45.8         99   0.008      157  57.24       215   0.066316
 42  45.24       100   0          158  57.96       216   0.496
 43  13.2        101  49          159  58.8        217   0.573176
 44   5.2        102  75.05       160  56.1        218   0.357538
 45   5.52       103  66.39       161  59.38       219   0.114902
 46   6.6        104  59.24       162  88.74       220   1.61375
 47   8.84       105  50          163 104.09       221   1.69489
 48  11.2        106  52.39       164  99.02       222   0.479503
 49  60.99       107  55.02       165   0.315      223   0.161837
 50  64.58       108  52          166   0.515      224  -0.051569
 51  63.65       109  85.47       167   0.467      225   0.132575
 52  60.34       110  93.5        168   0.639      226   0.389384
 53  60.34       111  78.65       169   0.59       227   0.563837
 54  60.1        112  66.01       170   0.69       228   0.663306
 55  64.58       113  65.01       171   0.653      229   0.814203
 56  57          114  65          172   0.682      230   0.564449
 57  82.12       115  65          173  56.4        231   0.50367
 58  87.21       116  64.73       174  57.96
;

param Scen0 (tr)
 :    1	    2	    3	    4	    5	    6	    7	    8	    9	   10	   11	   12	   13	   14	   15	   16	   17	   18	   19	   20	   21	   22	   23	   24	   25	   26	   27	   28	   29	   30	   31	   32	   33	   34	   35	   36	   37	   38	   39	   40	   41	   42	   43	   44	   45	   46	   47	   48	   49	   50	   51	   52	   53	   54	   55	   56	   57	   58	   59	   60	   61	   62	   63	   64	   65	   66	   67	   68	   69	   70	   71	   72	   73	   74	   75	   76	   77	   78	   79	   80	   81	   82	   83	   84	   85	   86	   87	   88	   89	   90	   91	   92	   93	   94	   95	   96	   97	   98	   99	  100	  101	  102	  103	  104	  105	  106	  107	  108	  109	  110	  111	  112	  113	  114	  115	  116	  117	  118	  119	  120	  121	  122	  123	  124	  125	  126	  127	  128	  129	  130	  131	  132	  133	  134	  135	  136	  137	  138	  139	  140	  141	  142	  143	  144	  145	  146	  147	  148	  149	  150	  151	  152	  153	  154	  155	  156	  157	  158	  159	  160	  161	  162	  163	  164	  165	  166	  167	  168	  169	  170	  171	  172	  173	  174	  175	  176	  177	  178	  179	  180	  181	  182	  183	  184	  185	  186	  187	  188	  189	  190	  191	  192	  193	  194	  195	  196	  197	  198	  199	  200	  201	  202	  203	  204	  205	  206	  207	  208	  209	  210	  211	  212	  213	  214	  215	  216	  217	  218	  219	  220	  221	  222	  223	  224	  225	  226	  227	  228	  229	  230	  231	:=
    1	53.400700	26.249000	18.073800	3.247370	5.706240	2.552270	22.718600	32.964900	57.503500	68.319800	52.218900	50.318500	51.391000	52.521700	50.068600	49.406300	43.756600	39.740300	66.871300	70.161300	86.703800	86.047900	80.843700	80.071800	21.164300	27.368600	33.090900	39.425700	46.409900	40.954800	26.455700	18.288200	11.274200	1.653970	56.641800	45.095200	45.794200	46.501800	53.433100	57.955600	63.401500	36.479000	19.889000	0.000000	2.769140	15.744700	13.920800	17.918300	55.748500	7.308600	5.679290	0.000000	1.503260	0.000000	0.000000	9.752910	14.084700	26.596600	35.708300	52.126500	50.617600	60.715700	65.242400	62.320200	51.822400	40.478600	48.341300	31.368400	58.614700	60.100800	56.841700	62.431300	56.955800	26.113000	24.680200	13.051200	13.432600	7.544090	27.514600	36.096100	34.408200	44.083200	43.244300	51.812900	51.983500	52.431200	49.725100	51.776800	45.719900	56.556500	53.305100	42.993000	39.457200	44.976400	49.254600	64.012000	0.045018	0.000000	0.090710	0.000000	86.067400	66.829200	60.877200	48.241700	43.076900	32.478600	52.259700	64.657600	71.574200	68.071500	60.698300	58.608200	56.102700	51.745700	48.660600	54.145500	63.923200	77.321700	96.015400	115.346000	0.149065	0.000000	0.135876	0.000000	0.089988	0.000000	42.557400	22.686200	28.395900	64.563700	80.420600	98.852200	97.635100	98.599400	95.009500	108.758000	105.168000	85.548600	88.624800	97.582100	104.588000	103.431000	113.439000	0.076228	0.000000	0.066740	0.000000	0.077847	0.000000	0.094276	0.238300	63.855800	92.374600	74.411400	62.155200	65.525700	71.982800	74.343400	74.458400	80.021200	70.603600	102.888000	120.975000	127.338000	0.157818	0.030000	0.234777	0.079000	0.277732	0.165400	0.259915	0.061700	72.566600	82.593500	84.213200	85.131900	79.102800	112.436000	143.517000	143.095000	123.821000	0.214712	0.101300	0.189367	0.095300	0.176205	0.057900	0.173514	0.000000	0.154283	0.000000	0.143248	0.000000	81.884900	97.338800	84.401400	64.793300	0.129075	0.000000	0.168062	0.000000	0.233835	0.000000	0.268934	0.000000	0.271205	0.000000	0.488084	0.000000	66.516600	0.000000	1.819820	8.016970	3.535930	0.000000	7.071810	6.779440	4.632830	1.619410	0.759924	0.000000	6.573610	207.696000	0.000000	20.352600	0.621060	0.797897	0.822583	0.660552	1.943440	2.880050	
;
param Prob0 :=
    1	1.000
;
set c[0,1] := 1;
set c[1,1] := 1;
set c[2,1] := 1;
set c[3,1] := 1;
set c[4,1] := 1;
set c[5,1] := 1;
set c[6,1] := 1;
set c[7,1] := 1;
set c[8,1] := 1;
set c[9,1] := 1;
set c[10,1] := 1;
set c[11,1] := 1;
set c[12,1] := 1;
set c[13,1] := 1;
set c[14,1] := 1;
set c[15,1] := 1;
set c[16,1] := 1;
set c[17,1] := 1;
set c[18,1] := 1;
set c[19,1] := 1;
set c[20,1] := 1;
set c[21,1] := 1;
set c[22,1] := 1;
set c[23,1] := 1;
set c[24,1] := 1;
set c[25,1] := 1;
set c[26,1] := 1;
set c[27,1] := 1;
set c[28,1] := 1;
set c[29,1] := 1;
set c[30,1] := 1;
set c[31,1] := 1;
set c[32,1] := 1;
set c[33,1] := 1;
set c[34,1] := 1;

