#erel:= 0.850;
#emax:= 0.000;
#q:= 0.000;
#nesce:=     1;
#etime:= 0.021;
#snodes:=    34;
param nS:=     1;
param nSG:=    34;
param nRVSG [*] :=
 1 24    5  2    9  2   13  2   17  2   21  9   25  2   29  2   33  2
 2 24    6  2   10  2   14  2   18  2   22  2   26  2   30  2   34 24
 3 24    7 20   11 17   15  2   19  2   23  2   27  2   31  2
 4 24    8  2   12  2   16 13   20  2   24  2   28  4   32  2
;

param ScenF [*] :=
  1  23.0295      59  75.3051     117  63.5988     175  52.5673
  2  41.2904      60  61.3261     118  70.2563     176  50.3597
  3  33.6862      61  56.197      119  80.0585     177  51.8447
  4  28.3335      62  60.0839     120  71.6207     178  68.612
  5  26.1814      63  65.471      121   0.476462   179  80.1486
  6  33.2121      64  76.8966     122   0          180  83.057
  7  54.6966      65  90.3626     123   0.470571   181  57.8704
  8  81.2598      66  97.1621     124   0          182   0.374208
  9 107.562       67 123.118      125   0.484716   183   0.3814
 10 108.857       68 151.287      126   0          184   0.330461
 11  85.5833      69 147.968      127   9.78074    185   0.202
 12  77.6869      70 128.56       128  22.5239     186   0.285668
 13  74.1469      71 113.693      129  26.5808     187   0.1133
 14  75.0215      72 106.068      130  29.819      188   0.248546
 15  73.8733      73  44.0436     131  48.4593     189   0.0026
 16  67.9571      74  80.5591     132  59.9111     190   0.232426
 17  67.8079      75  71.3913     133  58.6308     191   0
 18  79.4804      76  66.7011     134  49.8236     192   0.232506
 19 101.037       77  67.507      135  48.5032     193   0
 20 121.23        78  71.3727     136  51.9044     194  79.4268
 21 124.729       79  83.7933     137  52.7655     195  80.0032
 22 112.477       80 103.908      138  46.4708     196  71.545
 23 102.159       81 128.993      139  44.6394     197  58.1968
 24  88.8231      82 120.81       140  52.8777     198   0.268675
 25  28.7141      83 103.154      141  65.3538     199   0
 26  37.9136      84  90.345      142  67.5644     200   0.339273
 27  47.3108      85  92.2301     143  47.5615     201   0
 28  51.5098      86  98.2453     144   0.501931   202   0.358124
 29  54.1616      87 108.115      145   0          203   0
 30  51.74        88 115.754      146   0.532393   204   0.342713
 31  51.3945      89 120.703      147   0          205   0
 32  38.507       90 121.513      148   0.571536   206   0.33365
 33  44.5541      91 149.613      149   0.0102     207   0
 34  57.7533      92 177.664      150   0.587459   208   1.06458
 35  69.4502      93 171.994      151   0.1122     209   9.24783
 36  65.373       94 144.804      152  50.65       210   0
 37  74.2788      95 131.071      153  60.4536     211   5.53914
 38  68.1104      96 128.85       154  50.6894     212  23.5211
 39  68.7769      97   0.485018   155  35.5981     213  39.1585
 40  72.9838      98   0          156  29.8805     214   5.69155
 41  84.3734      99   0.487202   157  34.1211     215   0
 42  69.4203     100   0          158  34.7949     216   0.628139
 43  67.8362     101  30.4836     159  35.6211     217   4.12617
 44  25.3252     102  47.9357     160  32.6812     218  10.4801
 45  24.3852     103  40.0035     161  41.4087     219   1.48803
 46  20.0479     104  30.5        162  66.8172     220   9.17947
 47  21.8727     105  32.3938     163  74.689      221   0
 48  20.7013     106  36.151      164  65.8303     222   7.99873
 49  47.7198     107  40.3136     165   0.595759   223   0
 50  85.0033     108  45.5095     166   0.273      224   0
 51  68.971      109  61.3206     167   0.56634    225  57.8087
 52  63.6371     110  70.173      168   0.4503     226   7.22662
 53  58.6223     111  68.8478     169   0.497512   227   1.30021
 54  61.2892     112  72.0096     170   0.5554     228   0.552024
 55  64.7794     113  75.1163     171   0.428523   229   0.863521
 56  70.1658     114  81.7302     172   0.4974     230   0.498768
 57  98.0865     115  77.1524     173  51.1404     231   0.896964
 58 100.945      116  69.6735     174  53.5037
;

param ScenO [*] :=
  1 66.01        48 18.12        95 74.91       142 75          189  0
  2 50           49 66.01        96 66.04       143 79.11       190  0.037
  3 44.99        50 49.99        97  0.491      144  0.239      191  0
  4 42.24        51 44.99        98  0          145  0          192  0.027
  5 40.7         52 42.22        99  0.506      146  0.157      193  0
  6 39.98        53 40.29       100  0          147  0          194 84.72
  7 40.7         54 39.04       101 61.01       148  0.149      195 81
  8 44.63        55 40.29       102 43.14       149  0          196 67
  9 47           56 44.61       103 39.99       150  0.124      197 40.14
 10 71           57 47          104 35.8        151  0.024      198  0.023
 11 77.9         58 61.01       105 34.59       152 40          199  0
 12 60.1         59 70.69       106 34.98       153 40          200  0.019
 13 45.1         60 49.99       107 35.8        154 44.25       201  0
 14 43.6         61 45.1        108 44.62       155 42.37       202  0.014
 15 42.24        62 43.6        109 46.47       156 38          203  0
 16 40.72        63 44.24       110 55          157 38          204  0.009
 17 42.24        64 43.72       111 69.96       158 35.1        205  0
 18 48.85        65 46.24       112 48.1        159 35.2        206  0.009
 19 74.88        66 48.86       113 45.1        160 38          207  0
 20 80           67 67.98       114 43.6        161 43.96       208  0.045902
 21 87.9         68 69.9        115 42.24       162 64.88       209  0.1186
 22 90.1         69 77.91       116 40.72       163 72.82       210  0.439209
 23 85.01        70 82.36       117 42.24       164 82          211  0.07339
 24 71.04        71 74.91       118 46.47       165  0.071      212  0
 25 50.32        72 66.04       119 60          166  0.059      213  0
 26 49.12        73 66.01       120 72          167  0.059      214  0.052088
 27 37.16        74 46.47       121  0.519      168  0.083      215  0.012772
 28 36           75 44.99       122  0          169  0.042      216  0.590426
 29 37.28        76 42.23       123  0.471      170  0.095      217  0.256901
 30 38.04        77 37.71       124  0          171  0.029      218  0.106547
 31 37.76        78 38.47       125  0.362      172  0.101      219  0.293344
 32 42.4         79 39.14       126  0          173 53.6        220  0.276497
 33 38.12        80 44.62       127 57.3        174 50.69       221  0.73922
 34 55.16        81 47          128 18.77       175 48.86       222  1.5187
 35 59.4         82 47.11       129 20          176 50.69       223  0.168222
 36 54           83 66.96       130 37.63       177 44.61       224  0.551373
 37 57.92        84 51.08       131 51.7        178 59.9        225  0.529171
 38 58.4         85 45.96       132 64          179 78.38       226  0.422543
 39 55.52        86 46.6        133 72.9        180 87.12       227  0.768
 40 55.32        87 47.2        134 54.09       181 85.26       228  0.990557
 41 76.2         88 45.7        135 42.1        182  0.021      229  0.930633
 42 69.6         89 50.24       136 41.67       183  0.099      230  0.745206
 43 53.96        90 48.86       137 40.2        184  0.018      231  0.802928
 44 13           91 59.87       138 39.9        185  0.074
 45  6.08        92 74.85       139 41.74       186  0.026
 46  5.2         93 80.91       140 45.85       187  0.04
 47  8.96        94 82.36       141 66.76       188  0.037
;

param Scen0 (tr)
 :    1	    2	    3	    4	    5	    6	    7	    8	    9	   10	   11	   12	   13	   14	   15	   16	   17	   18	   19	   20	   21	   22	   23	   24	   25	   26	   27	   28	   29	   30	   31	   32	   33	   34	   35	   36	   37	   38	   39	   40	   41	   42	   43	   44	   45	   46	   47	   48	   49	   50	   51	   52	   53	   54	   55	   56	   57	   58	   59	   60	   61	   62	   63	   64	   65	   66	   67	   68	   69	   70	   71	   72	   73	   74	   75	   76	   77	   78	   79	   80	   81	   82	   83	   84	   85	   86	   87	   88	   89	   90	   91	   92	   93	   94	   95	   96	   97	   98	   99	  100	  101	  102	  103	  104	  105	  106	  107	  108	  109	  110	  111	  112	  113	  114	  115	  116	  117	  118	  119	  120	  121	  122	  123	  124	  125	  126	  127	  128	  129	  130	  131	  132	  133	  134	  135	  136	  137	  138	  139	  140	  141	  142	  143	  144	  145	  146	  147	  148	  149	  150	  151	  152	  153	  154	  155	  156	  157	  158	  159	  160	  161	  162	  163	  164	  165	  166	  167	  168	  169	  170	  171	  172	  173	  174	  175	  176	  177	  178	  179	  180	  181	  182	  183	  184	  185	  186	  187	  188	  189	  190	  191	  192	  193	  194	  195	  196	  197	  198	  199	  200	  201	  202	  203	  204	  205	  206	  207	  208	  209	  210	  211	  212	  213	  214	  215	  216	  217	  218	  219	  220	  221	  222	  223	  224	  225	  226	  227	  228	  229	  230	  231	:=
    1	54.098100	38.610600	33.443500	18.073000	18.156700	18.082200	45.413300	67.348200	97.994100	105.214000	84.223900	81.378800	82.737500	81.838800	77.676400	75.382700	75.450800	83.502200	118.207000	121.657000	132.161000	119.361000	103.568000	105.639000	33.608000	41.513500	54.038200	65.595200	76.575900	70.818300	57.301300	44.199300	47.295900	53.771700	108.699000	86.636600	88.321900	84.820100	90.122000	95.260600	109.099000	77.095100	66.582500	13.567100	16.697300	24.792800	24.253800	28.700700	96.834700	83.001800	73.403300	58.463400	59.426500	45.076200	54.705100	65.567600	94.549100	108.159000	86.352000	74.995700	67.521300	70.972800	73.951600	85.481500	99.307700	119.452000	150.246000	153.544000	153.910000	144.397000	126.935000	123.212000	81.654000	85.073200	81.528600	69.501100	71.202100	66.202300	87.855200	111.355000	137.330000	140.633000	115.512000	103.512000	106.947000	108.938000	114.065000	128.376000	134.409000	155.791000	179.791000	198.496000	187.056000	166.385000	149.805000	156.786000	0.492370	0.000000	0.511110	0.000000	77.396200	62.250600	57.194200	42.138800	40.674700	32.375100	49.609900	59.771400	58.965900	65.291600	63.563100	71.612400	72.550200	75.883000	77.006100	77.430300	72.361000	86.237800	108.561000	117.891000	0.529931	0.000000	0.490100	0.000000	0.448447	0.000000	38.232400	16.358100	23.174700	58.402400	71.868500	89.839300	81.670600	75.761000	68.411800	82.474600	80.151200	59.588400	63.982000	76.273900	89.493300	92.741500	105.552000	0.424437	0.000000	0.406417	0.000000	0.409561	0.022900	0.416667	0.084000	69.123800	95.442400	66.913200	47.416700	47.748100	51.221300	51.692400	52.318400	57.138900	52.558600	89.679000	109.694000	118.081000	0.425518	0.086800	0.407276	0.624500	0.366132	0.793800	0.314960	1.495300	58.917100	67.591400	68.167500	69.602700	66.660400	97.800900	124.212000	119.009000	105.219000	0.265731	2.874300	0.230423	0.059600	0.177359	0.334600	0.122693	0.001300	0.090138	0.000000	0.109548	0.000000	88.611200	111.063000	106.274000	86.620100	0.163901	0.000000	0.252935	0.000000	0.276775	0.000000	0.258490	0.000000	0.264861	0.000000	1.548970	8.062080	17.477300	5.178880	22.479300	37.929100	5.914470	0.000000	0.613747	4.160750	11.811500	3.145740	9.961150	0.000000	10.035000	208.433000	0.000000	52.907600	6.783470	1.869060	0.993133	0.972221	0.799260	1.092100	
;
param Prob0 :=
    1	1.000
;
set c[0,1] := 1;
set c[1,1] := 1;
set c[2,1] := 1;
set c[3,1] := 1;
set c[4,1] := 1;
set c[5,1] := 1;
set c[6,1] := 1;
set c[7,1] := 1;
set c[8,1] := 1;
set c[9,1] := 1;
set c[10,1] := 1;
set c[11,1] := 1;
set c[12,1] := 1;
set c[13,1] := 1;
set c[14,1] := 1;
set c[15,1] := 1;
set c[16,1] := 1;
set c[17,1] := 1;
set c[18,1] := 1;
set c[19,1] := 1;
set c[20,1] := 1;
set c[21,1] := 1;
set c[22,1] := 1;
set c[23,1] := 1;
set c[24,1] := 1;
set c[25,1] := 1;
set c[26,1] := 1;
set c[27,1] := 1;
set c[28,1] := 1;
set c[29,1] := 1;
set c[30,1] := 1;
set c[31,1] := 1;
set c[32,1] := 1;
set c[33,1] := 1;
set c[34,1] := 1;

