#erel:= 0.850;
#emax:= 0.000;
#q:= 0.000;
#nesce:=     1;
#etime:= 0.020;
#snodes:=    34;
param nS:=     1;
param nSG:=    34;
param nRVSG [*] :=
 1 24    5  2    9  2   13  2   17  2   21  9   25  2   29  2   33  2
 2 24    6  2   10  2   14  2   18  2   22  2   26  2   30  2   34 24
 3 24    7 20   11 17   15  2   19  2   23  2   27  2   31  2
 4 24    8  2   12  2   16 13   20  2   24  2   28  4   32  2
;

param ScenF [*] :=
  1 40.6497       59 44.1824      117  0.783299    175 23.1438
  2 59.4882       60 42.5864      118 12.2214      176 20.0834
  3 58.6788       61 44.929       119 22.3275      177 23.4594
  4 54.1805       62 49.0394      120 23.0769      178 44.6318
  5 49.3228       63 46.4414      121  0.205467    179 67.3765
  6 48.5418       64 36.1104      122  0           180 85.7576
  7 45.0878       65 22.3928      123  0.217201    181 60.34
  8 41.7649       66 35.8896      124  0           182  0.554909
  9 43.2593       67 51.7595      125  0.220728    183  0.534
 10 34.6873       68 69.0423      126  0           184  0.547917
 11 21.0398       69 73.336       127 34.9463      185  0.4261
 12 13.6737       70 68.5345      128 52.6536      186  0.568799
 13 15.9543       71 64.0218      129 49.0266      187  0.218
 14 17.0755       72 61.7409      130 35.2981      188  0.602329
 15 14.2268       73 38.5498      131 37.5315      189  0.0034
 16  3.81937      74 63.0014      132 36.1397      190  0.614609
 17  9.3377       75 64.8295      133 22.672       191  0
 18 29.5911       76 67.696       134 18.6344      192  0.58498
 19 56.4859       77 67.7831      135 20.9315      193  0
 20 76.2017       78 66.3903      136 18.369       194 94.2108
 21 75.7329       79 58.1579      137 16.7762      195 93.4873
 22 74.8882       80 47.9924      138 13.5765      196 80.7257
 23 75.1807       81 43.2318      139 13.1688      197 63.3512
 24 62.9971       82 41.0663      140 25.3016      198  0.530007
 25 13.4783       83 47.8335      141 46.6452      199  0
 26 13.6127       84 54.1774      142 65.0476      200  0.501261
 27 11.1899       85 57.5034      143 53.7868      201  0
 28 10.9116       86 60.7661      144  0.248441    202  0.432655
 29 10.791        87 60.0208      145  0           203  0
 30 12.3283       88 52.3572      146  0.247552    204  0.325512
 31 16.4695       89 45.5424      147  0           205  0
 32 14.0653       90 47.1721      148  0.23151     206  0.232073
 33 13.8135       91 60.6811      149  0.0282      207  0
 34 10.0038       92 73.2544      150  0.264904    208  0.488568
 35 15.6267       93 84.8487      151  0.2146      209  2.72481
 36  9.65384      94 82.826       152 46.3727      210 39.8347
 37  6.55952      95 79.7038      153 56.9454      211  1.87775
 38  2.83073      96 74.9776      154 46.9049      212  0
 39  9.10597      97  0.096762    155 34.9726      213  3.02868
 40 20.5477       98  0           156 27.3179      214  0.764612
 41 39.8175       99  0.157453    157 27.2876      215  0
 42 22.0782      100  0           158 26.7401      216  0.590867
 43  0           101 33.7581      159 29.6976      217  1.72526
 44  0           102 44.9028      160 29.5665      218  0
 45  0           103 39.9833      161 35.6969      219  0
 46  6.16779     104 34.0901      162 54.0515      220  0
 47  4.27243     105 34.3145      163 66.158       221  7.06513
 48  0           106 34.1649      164 61.3578      222  1.44483
 49 40.6041      107 25.5583      165  0.361417    223  0
 50 69.7175      108 19.9873      166  0.3746      224 87.8754
 51 66.2975      109 18.7685      167  0.478618    225 10.0533
 52 68.4326      110 19.4739      168  0.5199      226  0
 53 70.1059      111  9.62393     169  0.553704    227  0.0746755
 54 75.8837      112  8.20806     170  0.5848      228  0.269151
 55 67.3435      113  8.71861     171  0.572869    229  0.71838
 56 60.4058      114 10.5082      172  0.5848      230  0.841943
 57 56.6343      115  6.28468     173 21.1399      231  1.49308
 58 46.6795      116  0           174 21.608
;

param ScenO [*] :=
  1  62           59  55.5        117  51.69       175  60.62
  2  72.55        60  50          118  50.01       176  57.5
  3  69.5         61  48.36       119  69.81       177  52.7
  4  66.34        62  48.1        120  85.56       178  67.57
  5  60           63  48.99       121   0.037      179  93.55
  6  61.16        64  49          122   0          180  94.3
  7  60           65  47.49       123   0.022      181  86.35
  8  57           66  55.46       124   0          182   0.095
  9  66.34        67  74.58       125   0.018      183   0.603
 10  70           68  98.56       126   0          184   0.155
 11  70.5         69 104          127  61.23       185   0.464
 12  59.52        70 104          128  69.5        186   0.22
 13  47.86        71  88          129  69.5        187   0.24
 14  47.6         72  72.83       130  69.5        188   0.272
 15  48.99        73  62          131  55.66       189   0.004
 16  47.6         74  60.01       132  57.19       190   0.362
 17  46.99        75  54.5        133  54.19       191   0
 18  68.45        76  50.01       134  51.45       192   0.413
 19  77.57        77  50.01       135  47.86       193   0
 20 101.55        78  50.01       136  47.61       194  68.64
 21 109.3         79  50.01       137  49          195  60.01
 22 109.3         80  50.01       138  52.36       196  50.01
 23  92.85        81  50.01       139  51.69       197  45.01
 24  76.93        82  50.01       140  56          198   0.437
 25  45           83  50.01       141  75.55       199   0
 26  17.68        84  50.01       142  92          200   0.481
 27  36           85  52.65       143  92          201   0
 28  31.2         86  52.36       144   0.019      202   0.55
 29  34.2         87  53.33       145   0          203   0
 30  34.56        88  52.36       146   0.019      204   0.594
 31  34.2         89  51.69       147   0          205   0
 32  31.52        90  53.45       148   0.041      206   0.647
 33  25.28        91  74.58       149   0.019      207   0
 34  22.88        92  96.6        150   0.063      208   0.427581
 35  27.44        93 103.84       151   0.184      209   0.683666
 36  53.24        94 103.31       152  54.19       210   0.732662
 37  45           95  87.8        153  54.19       211   1.24796
 38  45           96  71.93       154  50.65       212   1.381
 39  46.44        97   0.059      155  50.22       213   1.31311
 40  48.92        98   0          156  48.85       214   1.3485
 41  46.96        99   0.05       157  50          215   1.45719
 42  49.92       100   0          158  50          216   0.953723
 43  14.04       101  61.23       159  52.6        217   1.07286
 44   5.28       102  60.01       160  51.69       218   0.865532
 45   5.28       103  69.5        161  59.95       219   0.779906
 46   5.28       104  63          162  77.2        220   1.48224
 47   5          105  65.01       163  95.46       221   1.67185
 48   8          106  65.01       164  98.37       222   1.67402
 49  59          107  60          165   0.061      223   1.72248
 50  59.81       108  60          166   0.403      224   0.896787
 51  57          109  59.71       167   0.059      225   0.261651
 52  55.23       110  50          168   0.63       226   0.626015
 53  51          111  50          169   0.057      227   0.654161
 54  51.16       112  49.99       170   0.683      228   0.705855
 55  51          113  52.41       171   0.063      229   0.652516
 56  50.79       114  52.36       172   0.674      230   0.590199
 57  55.23       115  53.03       173  60.62       231   0.703497
 58  58.25       116  54.24       174  60.62
;

param Scen0 (tr)
 :    1	    2	    3	    4	    5	    6	    7	    8	    9	   10	   11	   12	   13	   14	   15	   16	   17	   18	   19	   20	   21	   22	   23	   24	   25	   26	   27	   28	   29	   30	   31	   32	   33	   34	   35	   36	   37	   38	   39	   40	   41	   42	   43	   44	   45	   46	   47	   48	   49	   50	   51	   52	   53	   54	   55	   56	   57	   58	   59	   60	   61	   62	   63	   64	   65	   66	   67	   68	   69	   70	   71	   72	   73	   74	   75	   76	   77	   78	   79	   80	   81	   82	   83	   84	   85	   86	   87	   88	   89	   90	   91	   92	   93	   94	   95	   96	   97	   98	   99	  100	  101	  102	  103	  104	  105	  106	  107	  108	  109	  110	  111	  112	  113	  114	  115	  116	  117	  118	  119	  120	  121	  122	  123	  124	  125	  126	  127	  128	  129	  130	  131	  132	  133	  134	  135	  136	  137	  138	  139	  140	  141	  142	  143	  144	  145	  146	  147	  148	  149	  150	  151	  152	  153	  154	  155	  156	  157	  158	  159	  160	  161	  162	  163	  164	  165	  166	  167	  168	  169	  170	  171	  172	  173	  174	  175	  176	  177	  178	  179	  180	  181	  182	  183	  184	  185	  186	  187	  188	  189	  190	  191	  192	  193	  194	  195	  196	  197	  198	  199	  200	  201	  202	  203	  204	  205	  206	  207	  208	  209	  210	  211	  212	  213	  214	  215	  216	  217	  218	  219	  220	  221	  222	  223	  224	  225	  226	  227	  228	  229	  230	  231	:=
    1	72.493100	57.538300	57.547900	43.592800	40.523900	31.597000	35.094800	28.598800	29.939200	27.981600	18.013400	15.280000	22.773200	23.270900	18.105100	10.127100	14.518600	33.949200	74.548500	79.276200	83.652500	79.398900	76.576100	79.786300	18.669700	16.327600	16.879000	24.517000	31.976500	30.198700	20.724800	21.980600	17.553300	12.306300	59.205400	32.263600	20.377900	20.893100	31.134800	44.305500	70.427000	31.447900	0.000000	0.000000	0.000000	7.138910	3.444830	6.128450	97.025600	79.065700	81.669900	74.178900	79.749600	68.678800	66.816100	63.078400	56.649600	58.484200	57.953900	55.173000	55.632800	58.815000	55.105200	44.349900	32.502300	58.771500	79.455200	75.384700	80.467100	82.976300	78.880100	80.881300	83.745400	74.946400	81.716500	77.266500	78.532300	65.745300	67.413500	60.403300	55.715800	62.215800	64.518000	66.588000	71.493400	72.155700	67.556100	66.319800	60.823700	88.074700	101.177000	109.645000	114.582000	115.253000	108.255000	111.956000	0.102315	0.000000	0.175507	0.000000	85.562600	61.982500	59.804700	47.249300	43.445400	30.851600	36.154000	36.263300	17.976900	14.663800	5.326520	8.594650	7.198910	6.927040	8.512630	8.117610	8.153150	27.740700	53.322800	73.018600	0.256595	0.000000	0.228154	0.000000	0.158741	0.000000	63.454400	46.219400	45.484600	64.566500	62.570100	66.889600	46.361000	46.030400	42.959500	52.251400	47.311500	28.112700	33.739500	49.825600	70.838300	87.778000	109.219000	0.138176	0.000000	0.087961	0.000000	0.034302	0.115300	0.051320	0.536200	62.029400	91.848500	62.867000	45.871800	44.216700	43.667700	42.526000	44.636900	51.828400	44.889200	76.120600	100.371000	111.468000	0.141177	25.795000	0.258810	0.444400	0.347055	0.313200	0.374376	0.070100	29.795900	31.847700	35.515700	35.246900	33.779000	72.246300	112.360000	120.962000	107.734000	0.359363	0.986700	0.366317	0.504500	0.388868	0.196800	0.412423	0.011500	0.549529	0.000000	0.515523	0.000000	108.317000	125.575000	118.108000	95.436200	0.455679	0.000000	0.419911	0.000000	0.364438	0.000000	0.261749	0.000000	0.154826	0.000000	1.046110	1.925750	55.298000	1.769280	0.000000	1.924750	1.192640	0.000000	0.653871	1.689680	0.955709	1.331340	0.236674	3.920890	3.327350	205.233000	0.000000	7.129190	0.000000	0.612032	0.702699	0.842655	1.131040	1.678950	
;
param Prob0 :=
    1	1.000
;
set c[0,1] := 1;
set c[1,1] := 1;
set c[2,1] := 1;
set c[3,1] := 1;
set c[4,1] := 1;
set c[5,1] := 1;
set c[6,1] := 1;
set c[7,1] := 1;
set c[8,1] := 1;
set c[9,1] := 1;
set c[10,1] := 1;
set c[11,1] := 1;
set c[12,1] := 1;
set c[13,1] := 1;
set c[14,1] := 1;
set c[15,1] := 1;
set c[16,1] := 1;
set c[17,1] := 1;
set c[18,1] := 1;
set c[19,1] := 1;
set c[20,1] := 1;
set c[21,1] := 1;
set c[22,1] := 1;
set c[23,1] := 1;
set c[24,1] := 1;
set c[25,1] := 1;
set c[26,1] := 1;
set c[27,1] := 1;
set c[28,1] := 1;
set c[29,1] := 1;
set c[30,1] := 1;
set c[31,1] := 1;
set c[32,1] := 1;
set c[33,1] := 1;
set c[34,1] := 1;

