#erel:= 0.850;
#emax:= 0.000;
#q:= 0.000;
#nesce:=     1;
#etime:= 0.018;
#snodes:=    34;
param nS:=     1;
param nSG:=    34;
param nRVSG [*] :=
 1 24    5  2    9  2   13  2   17  2   21  9   25  2   29  2   33  2
 2 24    6  2   10  2   14  2   18  2   22  2   26  2   30  2   34 24
 3 24    7 20   11 17   15  2   19  2   23  2   27  2   31  2
 4 24    8  2   12  2   16 13   20  2   24  2   28  4   32  2
;

param ScenF [*] :=
  1  39.1163      59  19.7985     117  27.7391     175  31.1684
  2  55.609       60  21.3749     118  29.1579     176  30.6633
  3  43.3563      61  19.347      119  54.3978     177  32.4649
  4  36.256       62  19.0007     120  46.6785     178  53.4177
  5  35.4715      63  23.2201     121   0.413341   179  77.1809
  6  36.7408      64  29.0777     122   0          180  90.9003
  7  42.0806      65  31.1975     123   0.365757   181  64.2812
  8  39.6156      66  37.6078     124   0          182   0.428431
  9  45.7866      67  49.4551     125   0.305846   183   0.4551
 10  42.4763      68  68.3281     126   0          184   0.426121
 11  39.5254      69  90.3677     127   7.40824    185   0.2885
 12  32.8122      70  88.6684     128  25.8778     186   0.411703
 13  36.7759      71  86.2957     129  24.83       187   0.1215
 14  41.1579      72  70.4352     130  23.9817     188   0.38204
 15  42.8446      73  10.8509     131  36.4782     189   0.0017
 16  37.8537      74  22.3348     132  43.4447     190   0.332687
 17  41.3164      75   9.11862    133  43.2524     191   0
 18  55.1908      76   1.14478    134  48.3207     192   0.27405
 19  72.0189      77   3.52219    135  55.7829     193   0
 20  91.4123      78   0.300105   136  63.5135     194  88.1761
 21  93.3622      79   0          137  64.9401     195  80.048
 22  91.3903      80   0          138  60.7802     196  53.5875
 23  93.2748      81   0          139  59.9595     197  49.0931
 24  73.4841      82   0          140  71.9565     198   0.232839
 25  49.4937      83  10.3281     141  79.596      199   0
 26  64.501       84  20.8861     142  83.6974     200   0.206062
 27  77.2862      85  23.8195     143  63.9764     201   0
 28  82.9189      86  26.376      144   0.263438   202   0.214975
 29  86.4924      87  32.6268     145   0          203   0
 30  78.3244      88  32.4028     146   0.250015   204   0.247814
 31  69.3683      89  33.6486     147   0          205   0
 32  55.2681      90  22.1904     148   0.257453   206   0.250437
 33  62.2518      91  32.0733     149   0.0002     207   0
 34  79.2198      92  50.6292     150   0.224918   208   2.61503
 35  79.8737      93  77.3045     151   0.1317     209   9.99541
 36  74.4555      94  69.8055     152  31.2757     210  94.3182
 37  82.5944      95  65.396      153  30.4662     211  10.0939
 38  72.6494      96  56.4227     154  30.502      212   0
 39  71.9719      97   0.448018   155  17.5015     213  12.7509
 40  77.3065      98   0          156   9.87679    214   0
 41 102.039       99   0.435326   157  14.1767     215   0
 42  80.2404     100   0          158  14.8757     216   0.597522
 43  50.9109     101   0          159  19.6657     217   4.69574
 44  15.1498     102   4.34201    160  18.8302     218   6.21832
 45  28.9381     103   3.46361    161  26.7136     219   5.25105
 46  22.5776     104   0          162  54.4966     220   8.98545
 47  21.2961     105   0          163  72.7954     221   8.13102
 48  16.2424     106   0          164  70.0093     222   7.46642
 49  34.4749     107   0          165   0.262539   223   0
 50  43.5775     108   2.16354    166   0.3869     224  22.2642
 51  29.6361     109   4.50224    167   0.337086   225  51.2124
 52  24.3289     110  14.5615     168   0.5432     226   3.92385
 53  24.1425     111  15.8168     169   0.394978   227   0.982121
 54  26.5883     112  18.7729     170   0.5843     228   0.459994
 55  25.333      113  18.213      171   0.417974   229   1.16243
 56  13.6294     114  27.6012     172   0.5748     230   1.49101
 57   5.70886    115  34.6815     173  28.1301     231   2.3917
 58  10.9875     116  32.8454     174  28.2645
;

param ScenO [*] :=
  1 46.18        48 36.72        95 49.9        142 68.4        189  0
  2 35.45        49 39.26        96 46.99       143 68.64       190  0.195
  3 22.21        50 32           97  0.485      144  0.188      191  0
  4 16.66        51 23.21        98  0          145  0          192  0.191
  5 16.66        52 19.96        99  0.456      146  0.15       193  0
  6 15.8         53 18.66       100  0          147  0          194 66.48
  7 18.53        54 15.85       101 46.43       148  0.087      195 60
  8 24.32        55 21.53       102 37.9        149  0.05       196 63.43
  9 42.1         56 24.32       103 24.66       150  0.037      197 50.05
 10 45.5         57 37.5        104 21.66       151  0.281      198  0.191
 11 45.1         58 45.5        105 21.66       152 44          199  0
 12 42.1         59 42.1        106 22          153 46.01       200  0.204
 13 42           60 44.16       107 23.53       154 48.86       201  0
 14 39.1         61 47          108 29.31       155 50.52       202  0.217
 15 39.99        62 41.76       109 42.22       156 50.4        203  0
 16 39           63 42.65       110 50.05       157 46.92       204  0.235
 17 36.6         64 39.9        111 46.66       158 47.94       205  0
 18 45           65 36.6        112 46.55       159 46.8        206  0.265
 19 50           66 43          113 47.5        160 44.6        207  0
 20 57.06        67 47.1        114 44.1        161 51.75       208  0.206366
 21 62.4         68 54          115 44.99       162 58          209  2.79097
 22 55.4         69 59.5        116 44          163 68.4        210  4.25799
 23 50           70 50.4        117 40.26       164 69.3        211  4.9904
 24 47           71 50          118 47          165  0.008      212  3.80972
 25 32.28        72 44.1        119 54.99       166  0.268      213  0
 26 45.48        73 42.22       120 62.77       167  0.025      214  0
 27 39.96        74 38          121  0.41       168  0.312      215  0.030016
 28 43.32        75 32.21       122  0          169  0.03       216  0
 29 41.84        76 37.83       123  0.346      170  0.462      217  0.321319
 30 47.2         77 35.71       124  0          171  0.033      218  0.205322
 31 42.4         78 31.43       125  0.224      172  0.602      219  0.172209
 32 40           79 28.53       126  0          173 49.27       220  0.699524
 33 32.12        80 29.31       127 47.19       174 46          221  0.574169
 34 34.68        81 42.22       128  3          175 47          222  0.964491
 35 34.6         82 49.4        129  8.53       176 43.29       223  2.50436
 36 38           83 45.1        130 19          177 46          224  2.98279
 37 38.4         84 48.41       131 42.1        178 51.5        225  0.263778
 38 36.28        85 50          132 45.45       179 68.39       226  0.595
 39 35.44        86 44.1        133 48.1        180 67.39       227  0.46197
 40 36.32        87 43.45       134 47.1        181 56.4        228  1.28301
 41 38.76        88 42.9        135 47          182  0.042      229  1.22491
 42 36.36        89 39.15       136 45.35       183  0.53       230  0.4418
 43 40           90 45          137 44.99       184  0.057      231  0.670851
 44 23.36        91 49          138 44.99       185  0.212
 45 37.52        92 56.16       139 42.32       186  0.105
 46 31.68        93 60.4        140 50          187  0.056
 47 36.64        94 52.74       141 55.59       188  0.176
;

param Scen0 (tr)
 :    1	    2	    3	    4	    5	    6	    7	    8	    9	   10	   11	   12	   13	   14	   15	   16	   17	   18	   19	   20	   21	   22	   23	   24	   25	   26	   27	   28	   29	   30	   31	   32	   33	   34	   35	   36	   37	   38	   39	   40	   41	   42	   43	   44	   45	   46	   47	   48	   49	   50	   51	   52	   53	   54	   55	   56	   57	   58	   59	   60	   61	   62	   63	   64	   65	   66	   67	   68	   69	   70	   71	   72	   73	   74	   75	   76	   77	   78	   79	   80	   81	   82	   83	   84	   85	   86	   87	   88	   89	   90	   91	   92	   93	   94	   95	   96	   97	   98	   99	  100	  101	  102	  103	  104	  105	  106	  107	  108	  109	  110	  111	  112	  113	  114	  115	  116	  117	  118	  119	  120	  121	  122	  123	  124	  125	  126	  127	  128	  129	  130	  131	  132	  133	  134	  135	  136	  137	  138	  139	  140	  141	  142	  143	  144	  145	  146	  147	  148	  149	  150	  151	  152	  153	  154	  155	  156	  157	  158	  159	  160	  161	  162	  163	  164	  165	  166	  167	  168	  169	  170	  171	  172	  173	  174	  175	  176	  177	  178	  179	  180	  181	  182	  183	  184	  185	  186	  187	  188	  189	  190	  191	  192	  193	  194	  195	  196	  197	  198	  199	  200	  201	  202	  203	  204	  205	  206	  207	  208	  209	  210	  211	  212	  213	  214	  215	  216	  217	  218	  219	  220	  221	  222	  223	  224	  225	  226	  227	  228	  229	  230	  231	:=
    1	72.665000	53.899600	43.804500	26.442700	27.792000	21.850600	33.707600	26.777200	36.344400	40.721600	40.729400	38.601200	47.018800	49.785600	48.038400	47.031500	50.854500	53.246800	83.368900	85.739700	96.721200	93.768400	90.004900	86.460300	53.007700	66.561600	81.858400	94.139400	105.485000	94.522400	72.899700	59.114400	61.743200	70.412700	112.932000	92.789100	93.781800	87.270100	90.573200	96.095600	120.269000	88.386900	48.651600	3.273800	21.398200	26.459500	23.911300	24.396800	62.940600	34.879000	26.429000	15.996500	21.617300	9.442360	14.857200	16.200600	2.862330	8.490840	22.890500	26.743200	23.994900	25.129300	26.887300	35.489200	39.472500	52.179000	77.058800	85.754900	117.049000	116.711000	104.065000	102.534000	33.142200	15.985500	11.188400	0.000000	0.000000	0.000000	0.000000	0.000000	0.000000	6.523790	7.792160	15.288800	16.676300	21.128200	26.309200	29.140900	29.630700	44.255500	56.887600	67.223800	93.819900	95.044900	81.617500	84.869800	0.455709	0.000000	0.460095	0.000000	50.873600	22.714000	25.460500	16.186200	12.677800	0.720337	14.286800	21.582600	8.474010	16.042200	14.708300	22.285100	19.322000	25.743200	38.111100	43.635600	38.958200	41.486800	76.010100	85.180300	0.468430	0.000000	0.386119	0.000000	0.268731	0.000000	35.653900	19.689600	22.097700	52.546100	57.905100	71.920700	66.152700	74.053900	75.540600	93.254300	91.158700	73.376200	79.339500	94.799900	102.690000	106.509000	121.021000	0.183862	0.000000	0.121434	0.000000	0.091706	0.000300	0.049787	0.614300	49.289300	66.416500	46.748400	29.729200	27.986900	31.233100	31.722000	36.262600	43.748000	37.336800	75.943100	106.181000	121.472000	0.087389	0.075700	0.172608	1.210200	0.257092	1.767000	0.297437	0.324700	36.597800	42.462200	46.340500	49.008700	45.680700	80.646300	117.090000	123.674000	109.988000	0.313730	0.380200	0.321543	0.878800	0.300121	0.298200	0.254915	0.001500	0.510255	0.000000	0.417153	0.000000	97.990900	109.811000	87.718100	77.012500	0.333167	0.000000	0.255884	0.000000	0.231135	0.000000	0.216438	0.000000	0.222048	0.000000	3.142130	9.831360	102.692000	10.370100	0.822388	12.026400	0.206608	0.000000	0.546644	4.498040	6.684440	6.459390	9.794060	7.926610	9.101470	110.346000	14.954000	46.407300	3.535180	1.515090	0.904201	1.526890	1.718990	2.512520	
;
param Prob0 :=
    1	1.000
;
set c[0,1] := 1;
set c[1,1] := 1;
set c[2,1] := 1;
set c[3,1] := 1;
set c[4,1] := 1;
set c[5,1] := 1;
set c[6,1] := 1;
set c[7,1] := 1;
set c[8,1] := 1;
set c[9,1] := 1;
set c[10,1] := 1;
set c[11,1] := 1;
set c[12,1] := 1;
set c[13,1] := 1;
set c[14,1] := 1;
set c[15,1] := 1;
set c[16,1] := 1;
set c[17,1] := 1;
set c[18,1] := 1;
set c[19,1] := 1;
set c[20,1] := 1;
set c[21,1] := 1;
set c[22,1] := 1;
set c[23,1] := 1;
set c[24,1] := 1;
set c[25,1] := 1;
set c[26,1] := 1;
set c[27,1] := 1;
set c[28,1] := 1;
set c[29,1] := 1;
set c[30,1] := 1;
set c[31,1] := 1;
set c[32,1] := 1;
set c[33,1] := 1;
set c[34,1] := 1;

