#erel:= 0.850;
#emax:= 0.000;
#q:= 0.000;
#nesce:=     1;
#etime:= 0.017;
#snodes:=    34;
param nS:=     1;
param nSG:=    34;
param nRVSG [*] :=
 1 24    5  2    9  2   13  2   17  2   21  9   25  2   29  2   33  2
 2 24    6  2   10  2   14  2   18  2   22  2   26  2   30  2   34 24
 3 24    7 20   11 17   15  2   19  2   23  2   27  2   31  2
 4 24    8  2   12  2   16 13   20  2   24  2   28  4   32  2
;

param ScenF [*] :=
  1  26.362        59  41.9437      117  68.4022      175  32.6161
  2  32.2622       60  43.166       118  72.6169      176  28.1679
  3  21.3083       61  35.507       119  85.7072      177  32.4149
  4  14.2912       62  36.3639      120  83.2083      178  53.1261
  5  13.6106       63  32.2624      121   0.391956    179  70.4532
  6  13.3751       64  30.0032      122   0           180  81.8592
  7  16.5635       65  21.8522      123   0.330355    181  56.469
  8  13.691        66  14.043       124   0           182   0.280864
  9  33.3565       67  15.9594      125   0.294834    183   0.3987
 10  46.1685       68  27.645       126   0           184   0.273404
 11  49.9986       69  29.8457      127  32.0302      185   0.3676
 12  43.4149       70  26.4664      128  50.4843      186   0.280332
 13  37.4576       71  25.5318      129  52.8413      187   0.2102
 14  31.8823       72  26.6012      130  52.3033      188   0.262334
 15  24.2701       73  18.9046      131  73.3789      189   0.003
 16  23.7919       74  28.9752      132  77.6321      190   0.18086
 17  25.13         75  26.7109      133  70.9632      191   0
 18  29.2114       76  24.9818      134  60.4094      192   0.0668327
 19  36.5886       77  25.3431      135  61.0528      193   0
 20  40.0071       78  31.3202      136  56.4166      194  94.6415
 21  34.1958       79  41.7821      137  54.9677      195  75.1294
 22  26.7225       80  44.5997      138  55.745       196  56.314
 23  22.0229       81  43.5515      139  56.2358      197  48.7223
 24  12.5706       82  39.2566      140  61.5723      198   0.0341889
 25  30.7524       83  50.3918      141  75.9881      199   0
 26  52.402        84  61.8983      142  85.6338      200   0.11269
 27  60.9231       85  61.9325      143  65.0949      201   0
 28  66.6313       86  64.598       144   0.258129    202   0.136668
 29  68.0599       87  60.425       145   0           203   0
 30  56.1082       88  53.1311      146   0.167485    204   0.112488
 31  39.8465       89  55.6447      147   0           205   0
 32  19.2833       90  59.4547      148   0.0858425   206   0.126019
 33   0            91  52.9603      149   0.03        207   0
 34   3.90847      92  49.1434      150   0.0880331   208   0
 35  38.2115       93  56.6748      151   0.2407      209   0.112923
 36  52.7565       94  58.124       152  43.8858      210   0
 37  61.7569       95  53.5437      153  55.3348      211   0
 38  57.8535       96  52.1393      154  51.5702      212   0.370423
 39  54.6787       97   0.496572    155  44.6037      213   0
 40  55.1383       98   0           156  38.0013      214   0
 41  64.8975       99   0.463319    157  37.6742      215   1.58196
 42  59.0177      100   0           158  36.8089      216   0.645991
 43  54.6328      101  44.8418      159  37.7263      217   0.943904
 44   0           102  65.1322      160  37.0756      218   0
 45   6.50872     103  62.5416      161  42.3804      219   0
 46  13.6927      104  59.8823      162  56.9946      220   0
 47  18.0765      105  57.8898      163  62.9142      221   3.20136
 48  22.1755      106  58.2019      164  55.3383      222   1.16517
 49   6.39358     107  60.3198      165   0.122518    223   0
 50   7.67324     108  64.7165      166   0.3878      224 134.422
 51   1.91707     109  87.7136      167   0.187254    225  10.8851
 52   2.69755     110  93.7176      168   0.3176      226   0.912085
 53   7.02407     111  88.5651      169   0.248893    227   0.336913
 54   8.0882      112  75.303       170   0.2537      228   0.402649
 55  11.9356      113  69.2722      171   0.281854    229   0.885593
 56  12.7068      114  70.6609      172   0.2698      230   0.774935
 57  26.3528      115  64.78        173  31.8586      231   1.11235
 58  36.5508      116  62.9056      174  33.1578
;

param ScenO [*] :=
  1 49.1         48 19.56        95 66.76       142 63.11       189  0.003
  2 44           49 60.21        96 62          143 64.44       190  0.781
  3 42.6         50 55.11        97  0.457      144  0.502      191  0
  4 40.28        51 46.59        98  0          145  0          192  0.809
  5 40           52 43.25        99  0.414      146  0.567      193  0
  6 37.48        53 43.55       100  0          147  0          194 82.7
  7 40.28        54 40.13       101 69.1        148  0.625      195 79.94
  8 43.5         55 44.31       102 56          149  0.045      196 67.2
  9 55.55        56 51.5        103 43.5        150  0.618      197 68.3
 10 69.95        57 65.49       104 41.18       151  0.317      198  0.833
 11 65           58 69.95       105 46.85       152 68.1        199  0
 12 51.83        59 65          106 40          153 59.94       200  0.821
 13 44.8         60 63.19       107 47.13       154 53.5        201  0
 14 42.18        61 54.8        108 59.1        155 45.32       202  0.731
 15 40           62 53.29       109 65          156 44.76       203  0
 16 40           63 51.36       110 69.95       157 62.17       204  0.6
 17 40.28        64 54.9        111 62          158 55.1        205  0
 18 45.1         65 46.78       112 53.63       159 45          206  0.491
 19 68           66 56.21       113 65.9        160 44.68       207  0
 20 71.83        67 68          114 65.9        161 49.5        208  1.60855
 21 74.34        68 71.83       115 61          162 61.99       209  1.84568
 22 74.61        69 74.34       116 59.95       163 63.11       210  1.9885
 23 71.71        70 74.61       117 65.9        164 69.34       211  1.9064
 24 68           71 71.71       118 57.1        165  0.653      212  1.80025
 25 38.32        72 68          119 61.8        166  0.51       213  2.17369
 26 50.8         73 68.49       120 66.4        167  0.651      214  1.91956
 27 37.92        74 59.1        121  0.4        168  0.62       215  2.00414
 28 45.12        75 46.39       122  0          169  0.613      216  0.477768
 29 46.92        76 41.97       123  0.407      170  0.668      217  0.714796
 30 48.12        77 43          124  0          171  0.606      218  0.392462
 31 46           78 37.48       125  0.442      172  0.654      219  0.181748
 32 32.76        79 43.32       126  0          173 68.77       220  0.934821
 33 26.32        80 56.5        127 70.1        174 68.77       221  1.61309
 34 29.2         81 58.92       128 43.81       175 66.66       222  1.69075
 35 29.76        82 65.1        129 55          176 62.45       223  1.66575
 36 42.4         83 54          130 63.51       177 49.1        224  0.880586
 37 52.84        84 51.83       131 61.55       178 65          225  0.533259
 38 48.32        85 61          132 61.72       179 65          226  0.227206
 39 50           86 62.17       133 56          180 67.4        227  0.706808
 40 45.76        87 61          134 51.81       181 74.71       228  0.707022
 41 68.64        88 59.1        135 49.8        182  0.621      229  0.670151
 42 63.36        89 61          136 62.17       183  0.581      230  0.61428
 43 31.8         90 65.9        137 55          184  0.645      231  0.665
 44 15.64        91 63.01       138 55.57       185  0.442
 45 12.4         92 63.5        139 50          186  0.672
 46 18.4         93 67.89       140 45.1        187  0.223
 47 11.4         94 68.49       141 57.7        188  0.725
;

param Scen0 (tr)
 :    1	    2	    3	    4	    5	    6	    7	    8	    9	   10	   11	   12	   13	   14	   15	   16	   17	   18	   19	   20	   21	   22	   23	   24	   25	   26	   27	   28	   29	   30	   31	   32	   33	   34	   35	   36	   37	   38	   39	   40	   41	   42	   43	   44	   45	   46	   47	   48	   49	   50	   51	   52	   53	   54	   55	   56	   57	   58	   59	   60	   61	   62	   63	   64	   65	   66	   67	   68	   69	   70	   71	   72	   73	   74	   75	   76	   77	   78	   79	   80	   81	   82	   83	   84	   85	   86	   87	   88	   89	   90	   91	   92	   93	   94	   95	   96	   97	   98	   99	  100	  101	  102	  103	  104	  105	  106	  107	  108	  109	  110	  111	  112	  113	  114	  115	  116	  117	  118	  119	  120	  121	  122	  123	  124	  125	  126	  127	  128	  129	  130	  131	  132	  133	  134	  135	  136	  137	  138	  139	  140	  141	  142	  143	  144	  145	  146	  147	  148	  149	  150	  151	  152	  153	  154	  155	  156	  157	  158	  159	  160	  161	  162	  163	  164	  165	  166	  167	  168	  169	  170	  171	  172	  173	  174	  175	  176	  177	  178	  179	  180	  181	  182	  183	  184	  185	  186	  187	  188	  189	  190	  191	  192	  193	  194	  195	  196	  197	  198	  199	  200	  201	  202	  203	  204	  205	  206	  207	  208	  209	  210	  211	  212	  213	  214	  215	  216	  217	  218	  219	  220	  221	  222	  223	  224	  225	  226	  227	  228	  229	  230	  231	:=
    1	58.324900	23.540200	12.683200	0.000000	0.000000	0.000000	0.000000	0.000000	18.710000	37.897300	44.078000	42.328800	39.902500	31.478000	19.433500	22.177400	22.933500	38.750400	55.522700	38.278500	30.715100	27.367000	26.851400	20.497200	36.140000	55.004700	66.087300	79.548600	88.426500	73.194800	43.732500	26.910500	3.784550	5.547380	82.759200	75.417200	75.242500	75.160800	76.137100	78.599900	96.684700	68.670900	38.679300	0.000000	3.952810	15.901000	17.216600	26.434900	60.555700	14.801200	15.541600	6.631100	15.187000	0.000000	9.103960	14.400700	26.869100	47.651600	54.235800	55.325200	45.388400	45.838600	40.398600	38.507000	31.758600	35.765200	42.063200	31.797100	35.557700	39.967200	39.504900	45.433800	62.217300	38.934800	42.323700	33.563600	35.127700	30.334700	50.416300	56.604900	54.631100	59.332800	65.765400	74.355300	76.068200	75.801200	67.457900	66.453900	69.860700	100.885000	92.733700	84.053200	85.126700	89.703800	81.493700	88.573000	0.503621	0.000000	0.485414	0.000000	96.507900	82.244900	82.665000	73.630200	67.435100	55.258500	71.089900	81.106400	86.934100	89.123800	84.749100	75.948900	68.024000	67.115600	66.939600	71.031300	75.862000	88.103900	115.267000	131.419000	0.446821	0.000000	0.344323	0.000000	0.235477	0.000000	58.662700	44.197400	49.470800	81.745400	97.490100	107.464000	94.022500	86.813800	81.648300	88.695300	83.792700	69.193600	75.889300	84.933600	99.530900	107.886000	120.331000	0.149557	0.000000	0.005454	0.000000	0.000000	0.003100	0.000000	0.173200	59.321900	90.197200	67.088600	55.286100	54.845000	54.024800	52.436600	52.515200	59.365300	51.750500	79.040200	96.212200	103.938000	0.000000	0.169800	0.000000	0.212200	0.051752	0.099100	0.096510	0.045300	40.895900	44.707300	46.281700	44.724500	44.054500	81.651100	115.790000	116.654000	103.803000	0.100339	0.193600	0.106418	1.229500	0.114058	0.039100	0.086266	0.000500	0.308473	0.000000	0.141841	0.000000	107.934000	107.121000	93.728600	80.847300	0.056463	0.000000	0.073625	0.000000	0.066052	0.000000	0.031757	0.000000	0.044482	0.000000	0.481847	0.000000	15.256500	0.000000	0.085264	0.000000	0.330663	0.000000	0.680865	0.916069	1.050730	1.114560	0.251738	0.000000	3.228080	212.726000	24.355200	6.222820	0.319863	0.827161	0.823468	0.995691	1.011710	1.236080	
;
param Prob0 :=
    1	1.000
;
set c[0,1] := 1;
set c[1,1] := 1;
set c[2,1] := 1;
set c[3,1] := 1;
set c[4,1] := 1;
set c[5,1] := 1;
set c[6,1] := 1;
set c[7,1] := 1;
set c[8,1] := 1;
set c[9,1] := 1;
set c[10,1] := 1;
set c[11,1] := 1;
set c[12,1] := 1;
set c[13,1] := 1;
set c[14,1] := 1;
set c[15,1] := 1;
set c[16,1] := 1;
set c[17,1] := 1;
set c[18,1] := 1;
set c[19,1] := 1;
set c[20,1] := 1;
set c[21,1] := 1;
set c[22,1] := 1;
set c[23,1] := 1;
set c[24,1] := 1;
set c[25,1] := 1;
set c[26,1] := 1;
set c[27,1] := 1;
set c[28,1] := 1;
set c[29,1] := 1;
set c[30,1] := 1;
set c[31,1] := 1;
set c[32,1] := 1;
set c[33,1] := 1;
set c[34,1] := 1;

