#erel:= 0.850;
#emax:= 0.000;
#q:= 0.000;
#nesce:=     1;
#etime:= 0.020;
#snodes:=    34;
param nS:=     1;
param nSG:=    34;
param nRVSG [*] :=
 1 24    5  2    9  2   13  2   17  2   21  9   25  2   29  2   33  2
 2 24    6  2   10  2   14  2   18  2   22  2   26  2   30  2   34 24
 3 24    7 20   11 17   15  2   19  2   23  2   27  2   31  2
 4 24    8  2   12  2   16 13   20  2   24  2   28  4   32  2
;

param ScenF [*] :=
  1  19.5762       59  34.7664      117  65.2667      175  45.6554
  2  30.5536       60  30.7965      118  68.7005      176  41.1813
  3  22.1294       61  24.9538      119  91.7037      177  40.9132
  4  15.5292       62  20.6273      120  89.9732      178  52.2517
  5  12.7788       63  13.3562      121   0.43847     179  61.5611
  6  15.8578       64   7.78045     122   0           180  67.4468
  7  24.5621       65   4.49959     123   0.427913    181  47.3666
  8  32.418        66  12.6823      124   0           182   0.826905
  9  52.4236       67  30.586       125   0.431243    183   0.4175
 10  56.9479       68  48.2765      126   0           184   0.853974
 11  41.0042       69  47.9075      127  30.9767      185   0.3716
 12  32.5518       70  42.4991      128  50.1071      186   0.801733
 13  29.1753       71  46.3193      129  54.2411      187   0.2057
 14  27.6616       72  51.363       130  55.8268      188   0.733897
 15  24.4991       73  34.8968      131  79.7587      189   0.003
 16  17.8127       74  50.6773      132  78.9272      190   0.682419
 17  20.4119       75  41.9702      133  68.8722      191   0
 18  35.4379       76  38.1971      134  66.5798      192   0.572986
 19  60.9543       77  41.5211      135  70.064       193   0
 20  81.0238       78  48.3394      136  70.6617      194 104.827
 21  81.0347       79  58.0259      137  71.7026      195  96.8449
 22  81.1163       80  57.6809      138  68.434       196  79.3521
 23  80.9561       81  53.8807      139  64.147       197  71.8154
 24  64.7712       82  46.4524      140  67.1329      198   0.478634
 25  14.5949       83  52.3653      141  77.3523      199   0
 26  21.6778       84  54.5886      142  82.7651      200   0.430889
 27  14.4694       85  46.6606      143  64.3953      201   0
 28  11.3757       86  45.7318      144   0.454218    202   0.386348
 29  11.019        87  41.601       145   0           203   0
 30  11.5893       88  36.1142      146   0.473343    204   0.321293
 31  14.6687       89  47.5197      147   0           205   0
 32  13.3921       90  61.131       148   0.482865    206   0.23096
 33  35.4667       91  61.5761      149   0.0324      207   0
 34  39.6102       92  72.7982      150   0.521403    208   0.0983024
 35  61.6204       93  87.1137      151   0.2536      209   0
 36  55.2192       94  87.5122      152  54.0358      210  46.8479
 37  73.0558       95  83.7868      153  71.2852      211   0
 38  65.4708       96  79.8657      154  59.0139      212   4.06869
 39  72.0767       97   0.458457    155  46.3578      213   3.22502
 40  75.9808       98   0           156  41.1483      214   0.737811
 41  82.4282       99   0.449871    157  42.5714      215   0
 42  57.8154      100   0           158  44.8879      216   0.567525
 43  50.2756      101  40.0584      159  44.9637      217   2.68523
 44  15.065       102  64.0858      160  38.7704      218   2.95647
 45   1.6175      103  59.755       161  42.5137      219   1.26357
 46   8.34785     104  52.417       162  61.6291      220   3.05323
 47   7.28888     105  49.9729      163  81.592       221   1.96494
 48   3.96469     106  48.6801      164  77.8813      222   1.97156
 49  22.3051      107  54.3814      165   0.596391    223   0
 50  40.2138      108  60.6155      166   0.4045      224  87.6585
 51  36.2239      109  82.2         167   0.637776    225  14.9077
 52  33.6698      110  87.1688      168   0.3494      226   0.576496
 53  30.3058      111  77.5976      169   0.678814    227   0.308164
 54  32.1644      112  63.5704      170   0.2916      228   0.187576
 55  30.7587      113  55.146       171   0.747311    229   0.570444
 56  28.8575      114  61.666       172   0.3057      230   0.494068
 57  37.07        115  61.5873      173  44.0048      231   0.758555
 58  40.4042      116  59.6519      174  46.9112
;

param ScenO [*] :=
  1 65.47        48 19.48        95 69.1        142 62.45       189  0.004
  2 44.8         49 62.34        96 68.5        143 64.78       190  0.318
  3 43.1         50 50           97  0.406      144  0.286      191  0
  4 41           51 43.25        98  0          145  0          192  0.347
  5 36.5         52 42           99  0.323      146  0.291      193  0
  6 27.79        53 37.5        100  0          147  0          194 61.5
  7 38           54 30          101 60.47       148  0.278      195 60
  8 44.1         55 40          102 47.2        149  0.045      196 55.53
  9 61.1         56 45.76       103 43.85       150  0.245      197 25.6
 10 71.34        57 63.78       104 41          151  0.316      198  0.383
 11 61.2         58 76.68       105 39.39       152 61.08       199  0
 12 45           59 67.4        106 32.78       153 63.87       200  0.403
 13 42.6         60 50          107 40.4        154 68.5        201  0
 14 41           61 42.6        108 44.85       155 45          202  0.393
 15 40           62 41          109 67.21       156 41.99       203  0
 16 40           63 41          110 76.34       157 41          204  0.355
 17 42.6         64 41          111 68.5        158 40          205  0
 18 45.15        65 44.6        112 45          159 40          206  0.325
 19 65           66 49.13       113 43.35       160 41.99       207  0
 20 70.5         67 67          114 44.99       161 44          208  0.750267
 21 71.98        68 68.84       115 42          162 58.5        209  1.71228
 22 73.1         69 68.3        116 41          163 61.65       210  0.846868
 23 70.75        70 69.11       117 43.35       164 62.76       211  1.95951
 24 66.9         71 66.85       118 45.95       165  0.207      212  2.01123
 25 36.32        72 65.24       119 65          166  0.51       213  2.7366
 26 28.96        73 60.21       120 69.3        167  0.178      214  1.855
 27 30.96        74 50          121  0.256      168  0.624      215  0.368481
 28 32.16        75 43.2        122  0          169  0.158      216  0.387725
 29 35.48        76 42          123  0.237      170  0.674      217  0.624334
 30 39.92        77 39.49       124  0          171  0.137      218  0.15866
 31 34.8         78 30.79       125  0.26       172  0.662      219  0.108444
 32 32.36        79 40.99       126  0          173 45          220  0.158685
 33 17.56        80 45.1        127 60.47       174 44.99       221  0.118049
 34 45           81 66.9        128 29.14       175 40          222  0
 35 17.16        82 70.9        129 39.05       176 36          223  0.5065
 36 40.4         83 65.2        130 44          177 30          224  0.211737
 37 48.04        84 45.1        131 61.08       178 52          225  0.013732
 38 47.68        85 42.7        132 68.84       179 56.4        226  0.395385
 39 45.36        86 45.1        133 68.5        180 63.5        227  0.646667
 40 45.4         87 44.13       134 46          181 63.5        228  0.537788
 41 48.04        88 44          135 44.49       182  0.145      229  0.559371
 42 44.36        89 42.9        136 43.15       183  0.593      230  0.985159
 43 18.16        90 46.15       137 41.35       184  0.195      231  0.689686
 44  8.64        91 68.5        138 41.85       185  0.458
 45  7.6         92 68.5        139 42.6        186  0.229
 46  6.8         93 68.99       140 45.15       187  0.243
 47  8.64        94 69.3        141 60.85       188  0.27
;

param Scen0 (tr)
 :    1	    2	    3	    4	    5	    6	    7	    8	    9	   10	   11	   12	   13	   14	   15	   16	   17	   18	   19	   20	   21	   22	   23	   24	   25	   26	   27	   28	   29	   30	   31	   32	   33	   34	   35	   36	   37	   38	   39	   40	   41	   42	   43	   44	   45	   46	   47	   48	   49	   50	   51	   52	   53	   54	   55	   56	   57	   58	   59	   60	   61	   62	   63	   64	   65	   66	   67	   68	   69	   70	   71	   72	   73	   74	   75	   76	   77	   78	   79	   80	   81	   82	   83	   84	   85	   86	   87	   88	   89	   90	   91	   92	   93	   94	   95	   96	   97	   98	   99	  100	  101	  102	  103	  104	  105	  106	  107	  108	  109	  110	  111	  112	  113	  114	  115	  116	  117	  118	  119	  120	  121	  122	  123	  124	  125	  126	  127	  128	  129	  130	  131	  132	  133	  134	  135	  136	  137	  138	  139	  140	  141	  142	  143	  144	  145	  146	  147	  148	  149	  150	  151	  152	  153	  154	  155	  156	  157	  158	  159	  160	  161	  162	  163	  164	  165	  166	  167	  168	  169	  170	  171	  172	  173	  174	  175	  176	  177	  178	  179	  180	  181	  182	  183	  184	  185	  186	  187	  188	  189	  190	  191	  192	  193	  194	  195	  196	  197	  198	  199	  200	  201	  202	  203	  204	  205	  206	  207	  208	  209	  210	  211	  212	  213	  214	  215	  216	  217	  218	  219	  220	  221	  222	  223	  224	  225	  226	  227	  228	  229	  230	  231	:=
    1	51.012700	28.356700	20.349900	4.116920	3.225060	0.000000	14.402900	19.500500	40.045000	51.366800	38.333700	34.912100	36.623200	34.546700	29.012000	25.012700	26.038400	39.137100	78.031300	82.910500	88.011400	84.675400	81.460400	80.897400	19.688800	24.003500	19.346200	23.899600	30.830100	28.141400	17.863000	20.509800	39.064700	40.689900	106.749000	78.496200	87.363700	83.336500	94.189300	100.176000	114.772000	68.208000	36.209800	2.889890	0.000000	10.472500	6.474450	8.738930	78.352500	49.336100	51.416900	39.087700	39.717800	24.665700	29.582800	31.720000	37.801400	52.312900	48.191100	43.570500	35.449500	30.451800	21.999400	16.604600	14.869200	34.294100	56.674600	52.863000	53.686700	56.030200	60.545300	70.337600	80.440200	62.727600	59.001400	47.744200	52.356400	48.111500	67.436900	70.437100	66.079400	67.401700	68.298700	66.813900	60.568400	56.982200	49.008600	49.898700	62.452500	102.656000	101.989000	108.748000	116.210000	119.581000	112.278000	116.697000	0.465973	0.000000	0.472256	0.000000	91.695200	80.963000	79.448500	65.657900	59.158200	45.428900	64.832600	76.683000	80.897700	81.848500	72.952100	63.794400	53.734700	57.971100	63.587200	67.619300	72.591800	83.809900	121.011000	137.820000	0.493798	0.000000	0.442101	0.000000	0.371511	0.000000	57.974000	43.683500	50.692300	84.963900	103.484000	108.228000	91.365400	92.660200	90.321300	102.650000	100.255000	81.516500	83.241900	89.920300	100.167000	104.477000	119.124000	0.344603	0.000000	0.309369	0.000000	0.277133	0.304600	0.304295	2.130800	69.653000	106.118000	74.550100	57.064800	57.925700	58.938500	60.434800	59.652600	61.016400	51.831200	83.592700	114.820000	126.526000	0.376567	0.375500	0.421215	0.219700	0.479351	0.154600	0.559883	0.969000	52.831400	57.238200	58.101400	56.567900	51.603800	80.386600	106.850000	102.476000	94.694900	0.644226	0.480500	0.684647	0.400100	0.632998	0.231800	0.554914	0.004700	0.724507	0.000000	0.644229	0.000000	118.085000	128.769000	116.614000	103.666000	0.551371	0.000000	0.481551	0.000000	0.434295	0.000000	0.392618	0.000000	0.324108	0.000000	0.603073	0.000000	62.106800	0.000000	3.817580	2.473500	1.089710	0.000000	0.599037	2.650110	4.013670	2.385860	3.322420	0.000000	4.038200	211.939000	0.000000	10.829600	0.075345	0.812479	0.615925	0.700105	0.745968	0.906661	
;
param Prob0 :=
    1	1.000
;
set c[0,1] := 1;
set c[1,1] := 1;
set c[2,1] := 1;
set c[3,1] := 1;
set c[4,1] := 1;
set c[5,1] := 1;
set c[6,1] := 1;
set c[7,1] := 1;
set c[8,1] := 1;
set c[9,1] := 1;
set c[10,1] := 1;
set c[11,1] := 1;
set c[12,1] := 1;
set c[13,1] := 1;
set c[14,1] := 1;
set c[15,1] := 1;
set c[16,1] := 1;
set c[17,1] := 1;
set c[18,1] := 1;
set c[19,1] := 1;
set c[20,1] := 1;
set c[21,1] := 1;
set c[22,1] := 1;
set c[23,1] := 1;
set c[24,1] := 1;
set c[25,1] := 1;
set c[26,1] := 1;
set c[27,1] := 1;
set c[28,1] := 1;
set c[29,1] := 1;
set c[30,1] := 1;
set c[31,1] := 1;
set c[32,1] := 1;
set c[33,1] := 1;
set c[34,1] := 1;

