#erel:= 0.850;
#emax:= 0.000;
#q:= 0.000;
#nesce:=     1;
#etime:= 0.026;
#snodes:=    34;
param nS:=     1;
param nSG:=    34;
param nRVSG [*] :=
 1 24    5  2    9  2   13  2   17  2   21  9   25  2   29  2   33  2
 2 24    6  2   10  2   14  2   18  2   22  2   26  2   30  2   34 24
 3 24    7 20   11 17   15  2   19  2   23  2   27  2   31  2
 4 24    8  2   12  2   16 13   20  2   24  2   28  4   32  2
;

param ScenF [*] :=
  1  47.338       59  90.0296     117  65.4439     175  61.0797
  2  65.9901      60  80.511      118  73.6413     176  62.6681
  3  56.0794      61  69.3493     119  92.0623     177  67.5573
  4  47.5114      62  66.7828     120  91.647      178  95.0938
  5  43.6564      63  59.7565     121   0.595012   179 115.394
  6  46.1221      64  57.4779     122   0          180 125.695
  7  59.7659      65  54.2743     123   0.558462   181  87.7156
  8  74.0206      66  54.5071     124   0          182   0.547326
  9 109.346       67  72.4939     125   0.530269   183   0.548
 10 119.62        68  98.1861     126   0          184   0.507705
 11  90.9747      69  95.9499     127  53.3284     185   0.4341
 12  77.6449      70  85.5617     128  81.6449     186   0.458115
 13  66.8297      71  78.8773     129  83.8449     187   0.2203
 14  61.526       72  81.5966     130  76.6858     188   0.450339
 15  57.7106      73  46.1036     131  97.0004     189   0.0035
 16  57.4746      74  74.0327     132  94.7602     190   0.504564
 17  63.4011      75  68.7723     133  79.3604     191   0
 18  73.0396      76  65.4085     134  65.035      192   0.524713
 19  95.9873      77  61.851      135  66.3028     193   0
 20 113.312       78  69.2189     136  64.4734     194  93.053
 21 103.838       79  83.2819     137  68.2545     195  80.4691
 22  98.4022      80  97.178      138  69.3661     196  73.4764
 23  93.5821      81 119.861      139  68.7836     197  58.5649
 24  78.1106      82 113.302      140  76.243      198   0.503664
 25   4.14286     83  92.2014     141  99.2913     199   0
 26   8.25759     84  85.2205     142 113.549      200   0.488435
 27   8.51708     85  79.983      143  91.5613     201   0
 28   7.82127     86  82.1975     144   0.500454   202   0.483924
 29   7.84665     87  82.2316     145   0          203   0
 30   9.5768      88  78.9179     146   0.456011   204   0.467329
 31  13.5153      89  78.2662     147   0          205   0
 32   9.75462     90  81.8525     148   0.42215    206   0.408336
 33  14.0662      91 107.658      149   0.019      207   0
 34  20.0831      92 137.512      150   0.446264   208   0.838688
 35  32.8187      93 141.156      151   0.1701     209   4.137
 36  28.2578      94 127.368      152  73.7378     210  15.676
 37  31.4665      95 116.62       153  91.876      211   3.49707
 38  26.8649      96 113.546      154  74.2494     212   0
 39  30.2572      97   0.668427   155  55.4382     213   8.74531
 40  34.4133      98   0          156  49.3477     214   0.695312
 41  38.3017      99   0.636412   157  55.8936     215   0
 42  32.2347     100   0          158  57.6565     216   0.882742
 43  39.9549     101  43.4437     159  62.2474     217   2.0391
 44  15.3097     102  65.8678     160  63.6666     218   1.18908
 45   6.75642    103  65.7413     161  69.3573     219   0
 46   8.35101    104  62.4997     162  93.7426     220   0.996894
 47  11.1078     105  60.2931     163 106.005      221   3.16727
 48  14.2117     106  61.0712     164  95.9876     222   0
 49  40.3161     107  64.8209     165   0.506178   223   0
 50  67.0047     108  70.8454     166   0.3463     224 131.525
 51  64.2216     109  94.3893     167   0.546114   225   3.43871
 52  61.8814     110  97.078      168   0.5381     226   0
 53  57.4479     111  74.4311     169   0.559977   227   0.168635
 54  59.549      112  66.7292     170   0.6026     228   0.351387
 55  65.1839     113  63.7427     171   0.559206   229   0.97767
 56  73.0757     114  70.3313     172   0.6024     230   0.752648
 57 107.091      115  69.2782     173  59.2745     231   1.0526
 58 115.815      116  65.9463     174  60.4937
;

param ScenO [*] :=
  1 72.23        48  8           95 81.32       142 84.89       189  0.004
  2 75           49 66.43        96 78.46       143 83.61       190  0.152
  3 69.03        50 63.89        97  0.663      144  0.585      191  0
  4 59.9         51 59.03        98  0          145  0          192  0.135
  5 61.16        52 54.6         99  0.685      146  0.627      193  0
  6 49.3         53 54.6        100  0          147  0          194 83.46
  7 49.3         54 51.9        101 62.23       148  0.644      195 83.46
  8 50           55 51.9        102 70          149  0.044      196 83.46
  9 54.9         56 52.24       103 70.01       150  0.607      197 73.94
 10 68.96        57 56.5        104 70.01       151  0.321      198  0.107
 11 54.9         58 60.95       105 69.98       152 79.57       199  0
 12 49.6         59 54          106 55.3        153 77.09       200  0.084
 13 49.3         60 52.2        107 54.23       154 77.09       201  0
 14 49.3         61 47.1        108 56          155 61.38       202  0.064
 15 49.3         62 49.3        109 70.01       156 57          203  0
 16 48.6         63 49.3        110 68.96       157 54.23       204  0.068
 17 47.79        64 50.2        111 60.9        158 54.39       205  0
 18 53.5         65 49.39       112 59.64       159 53.46       206  0.116
 19 78.39        66 53.4        113 57          160 47.79       207  0
 20 85.02        67 67.28       114 59.64       161 64.52       208  0.851862
 21 83.61        68 75.09       115 59.64       162 75          209  0.954933
 22 83.46        69 78.6        116 55.89       163 85.02       210  0.988845
 23 83.46        70 78.45       117 55          164 86.61       211  1.5172
 24 83.46        71 77.47       118 58.52       165  0.459      212  1.46534
 25 14.4         72 75.54       119 73.39       166  0.52       213  1.83692
 26  9.6         73 62.23       120 81          167  0.332      214  1.90183
 27 13.6         74 65          121  0.635      168  0.637      215  1.6108
 28 15.64        75 67.03       122  0          169  0.239      216  1.46703
 29 15           76 69.15       123  0.571      170  0.687      217  0.862819
 30 26.2         77 61.16       124  0          171  0.146      218  0.226412
 31 26.2         78 61.05       125  0.551      172  0.678      219  1.56008
 32 24.68        79 61.05       126  0          173 70          220  1.5787
 33 18.12        80 57.25       127 62.33       174 72.12       221  1.55416
 34 21.68        81 62.15       128 74.3        175 59.64       222  1.62393
 35 25.68        82 58.96       129 69.99       176 50.69       223  0.388477
 36 30.8         83 54.9        130 77.33       177 72.6        224  0
 37 30.88        84 53.6        131 73.95       178 72.5        225  0.505047
 38 29.4         85 49.3        132 69.99       179 85.02       226  0.998086
 39 28.6         86 54.23       133 69.99       180 83.61       227  1.14973
 40 28.8         87 53.3        134 59.64       181 83.46       228  0.982538
 41 31.16        88 50.3        135 54.23       182  0.081      229  1.04421
 42 32.76        89 47.79       136 60          183  0.609      230  1.08831
 43  8.04        90 53.5        137 60          184  0.053      231  1.13144
 44  5           91 62.5        138 53.46       185  0.472
 45  5.2         92 75.95       139 52.56       186  0.071
 46  7           93 78.95       140 66.52       187  0.25
 47  5.36        94 79.46       141 75          188  0.127
;

param Scen0 (tr)
 :    1	    2	    3	    4	    5	    6	    7	    8	    9	   10	   11	   12	   13	   14	   15	   16	   17	   18	   19	   20	   21	   22	   23	   24	   25	   26	   27	   28	   29	   30	   31	   32	   33	   34	   35	   36	   37	   38	   39	   40	   41	   42	   43	   44	   45	   46	   47	   48	   49	   50	   51	   52	   53	   54	   55	   56	   57	   58	   59	   60	   61	   62	   63	   64	   65	   66	   67	   68	   69	   70	   71	   72	   73	   74	   75	   76	   77	   78	   79	   80	   81	   82	   83	   84	   85	   86	   87	   88	   89	   90	   91	   92	   93	   94	   95	   96	   97	   98	   99	  100	  101	  102	  103	  104	  105	  106	  107	  108	  109	  110	  111	  112	  113	  114	  115	  116	  117	  118	  119	  120	  121	  122	  123	  124	  125	  126	  127	  128	  129	  130	  131	  132	  133	  134	  135	  136	  137	  138	  139	  140	  141	  142	  143	  144	  145	  146	  147	  148	  149	  150	  151	  152	  153	  154	  155	  156	  157	  158	  159	  160	  161	  162	  163	  164	  165	  166	  167	  168	  169	  170	  171	  172	  173	  174	  175	  176	  177	  178	  179	  180	  181	  182	  183	  184	  185	  186	  187	  188	  189	  190	  191	  192	  193	  194	  195	  196	  197	  198	  199	  200	  201	  202	  203	  204	  205	  206	  207	  208	  209	  210	  211	  212	  213	  214	  215	  216	  217	  218	  219	  220	  221	  222	  223	  224	  225	  226	  227	  228	  229	  230	  231	:=
    1	80.089900	63.579700	54.471000	36.358800	34.404400	28.484000	48.971600	60.093300	94.772400	111.307000	85.696900	77.349100	72.353300	66.426000	59.811300	62.256500	67.007900	77.912100	114.741000	116.833000	112.588000	102.983000	95.329900	95.712600	9.525020	10.979700	14.982000	22.173100	29.924300	28.376200	18.431000	18.077200	18.755100	24.099800	78.402400	53.221400	47.706200	47.133900	54.284200	60.115400	69.674900	40.421400	16.307100	1.921700	1.922000	9.488170	9.346110	19.361200	97.034100	76.413700	79.691200	67.678900	67.135900	52.350100	64.633900	75.629300	107.077000	127.602000	103.610000	93.065200	80.024900	76.665600	68.393800	65.800800	64.268200	78.121800	100.847000	104.875000	103.920000	100.861000	94.340900	101.002000	92.047200	86.130800	85.839800	75.121000	72.778600	68.782300	92.507000	109.574000	132.476000	134.423000	109.011000	97.813600	94.125900	93.807600	89.917600	93.141400	93.578000	123.177000	148.535000	174.118000	171.438000	160.691000	145.309000	150.280000	0.673935	0.000000	0.654300	0.000000	95.566000	82.927400	85.592600	75.623300	69.483700	57.651200	75.347600	87.037400	93.286900	92.235700	70.111700	67.228500	62.166200	66.777000	71.528100	73.989600	72.836400	88.620000	122.503000	141.002000	0.645783	0.000000	0.569122	0.000000	0.467883	0.000000	81.588600	74.079000	79.189900	104.934000	121.071000	124.418000	101.412000	90.993800	86.899700	97.000900	97.154000	81.995900	87.277200	99.217800	121.965000	134.751000	145.730000	0.389716	0.000000	0.296072	0.000000	0.224611	0.053300	0.232262	0.733300	89.299900	126.899000	89.758300	65.636300	65.513400	71.431400	72.435400	76.236900	84.955100	77.726400	114.815000	138.944000	144.890000	0.285559	3.239800	0.325642	2.128700	0.352445	0.153700	0.359982	0.225700	68.163400	70.194000	72.923400	77.335600	77.521200	122.419000	159.996000	160.836000	135.078000	0.351231	0.075300	0.325414	0.938500	0.277423	0.150900	0.260092	0.002600	0.558885	0.000000	0.570630	0.000000	106.252000	112.886000	111.161000	90.830300	0.529808	0.000000	0.488371	0.000000	0.497357	0.000000	0.480757	0.000000	0.413258	0.000000	1.401430	3.413970	31.100100	3.424040	0.000000	7.705550	1.125110	0.000000	0.934137	2.007000	2.103390	1.228860	1.193690	0.029652	1.899690	206.273000	5.657670	0.238198	0.000000	0.704378	0.783036	1.096270	1.007340	1.176930	
;
param Prob0 :=
    1	1.000
;
set c[0,1] := 1;
set c[1,1] := 1;
set c[2,1] := 1;
set c[3,1] := 1;
set c[4,1] := 1;
set c[5,1] := 1;
set c[6,1] := 1;
set c[7,1] := 1;
set c[8,1] := 1;
set c[9,1] := 1;
set c[10,1] := 1;
set c[11,1] := 1;
set c[12,1] := 1;
set c[13,1] := 1;
set c[14,1] := 1;
set c[15,1] := 1;
set c[16,1] := 1;
set c[17,1] := 1;
set c[18,1] := 1;
set c[19,1] := 1;
set c[20,1] := 1;
set c[21,1] := 1;
set c[22,1] := 1;
set c[23,1] := 1;
set c[24,1] := 1;
set c[25,1] := 1;
set c[26,1] := 1;
set c[27,1] := 1;
set c[28,1] := 1;
set c[29,1] := 1;
set c[30,1] := 1;
set c[31,1] := 1;
set c[32,1] := 1;
set c[33,1] := 1;
set c[34,1] := 1;

