#erel:= 0.850;
#emax:= 0.000;
#q:= 0.000;
#nesce:=     1;
#etime:= 0.020;
#snodes:=    34;
param nS:=     1;
param nSG:=    34;
param nRVSG [*] :=
 1 24    5  2    9  2   13  2   17  2   21  9   25  2   29  2   33  2
 2 24    6  2   10  2   14  2   18  2   22  2   26  2   30  2   34 24
 3 24    7 20   11 17   15  2   19  2   23  2   27  2   31  2
 4 24    8  2   12  2   16 13   20  2   24  2   28  4   32  2
;

param ScenF [*] :=
  1  51.5542      59 117.731      117 105.189      175  61.4576
  2  71.1252      60 111.373      118 119.241      176  63.1699
  3  64.104       61 102.163      119 152.065      177  65.4557
  4  57.8334      62 100.604      120 145.804      178  89.2704
  5  55.7489      63  94.3102     121   0.196149   179 108.763
  6  54.9921      64  94.4388     122   0          180 115.672
  7  68.0816      65  96.0458     123   0.206185   181  81.2568
  8  77.4742      66  98.5632     124   0          182   0.157195
  9 120.774       67 112.295      125   0.193672   183   0.4942
 10 136.638       68 122.68       126   0          184   0.171293
 11 119.976       69  97.9345     127  15.495      185   0.2625
 12 113.499       70  95.3531     128  39.282      186   0.195434
 13 106.73        71  92.004      129  49.636      187   0.0892
 14 103.258       72  79.8374     130  61.4905     188   0.222463
 15  97.4594      73  45.9566     131 100.331      189   0.0001
 16  97.3222      74  80.7766     132 108.627      190   0.237617
 17  98.3764      75  77.2732     133  93.7374     191   0
 18  96.0407      76  70.3349     134  79.8685     192   0.241718
 19 108.03        77  57.8422     135  80.1702     193   0
 20 112.06        78  66.9941     136  84.4059     194 110.326
 21  96.2116      79  84.3219     137  87.7328     195 113.793
 22  90.6127      80 105.08       138  83.746      196  88.2688
 23  90.0632      81 146.97       139  82.1537     197  72.3497
 24  72.4173      82 146.932      140  91.4105     198   0.232012
 25  22.8345      83 141.997      141 116.064      199   0
 26  27.8791      84 148.663      142 130.63       200   0.226244
 27  32.5357      85 153.373      143  97.9891     201   0
 28  33.5098      86 146.061      144   0.183014   202   0.244184
 29  33.3807      87 143.139      145   0          203   0
 30  31.8961      88 149.535      146   0.17608    204   0.270805
 31  31.8046      89 144.46       147   0          205   0
 32  23.3452      90 141.356      148   0.159844   206   0.277203
 33  24.2363      91 163.694      149   0.0332     207   0
 34  19.7344      92 181.732      150   0.108308   208   0
 35  25.8397      93 184.476      151   0.2553     209   0
 36  34.8063      94 159.56       152  88.6121     210  53.5525
 37  40.3263      95 136.28       153 109.925      211   0
 38  32.9604      96 122.378      154 114.386      212   0
 39  32.1636      97   0.126658   155 105.371      213   6.47758
 40  33.5286      98   0          156  97.7578     214   0
 41  37.3321      99   0.160449   157 106.54       215   0
 42  17.7367     100   0          158 107.896      216   0
 43   0          101  52.907      159 112.009      217   3.4436
 44   0          102  87.1706     160 116.315      218   6.14117
 45   2.35983    103  84.3423     161 121.467      219   4.65307
 46   7.91165    104  75.9122     162 147.515      220   8.24531
 47   9.74442    105  74.9019     163 153.593      221   4.67688
 48   5.11186    106  77.9207     164 131.968      222   0
 49  53.5356     107  84.3011     165   0.102015   223   0
 50  80.8727     108  93.9637     166   0.371      224 228.182
 51  72.5872     109 121.864      167   0.123761   225   0
 52  68.4894     110 134.319      168   0.4578     226   0
 53  65.957      111 114.256      169   0.141362   227   0.305556
 54  68.8188     112 106.956      170   0.566      228   0.426995
 55  75.687      113 104.838      171   0.147018   229   1.37514
 56  86.3318     114 116.53       172   0.6213     230   0.912814
 57 124.71       115 115.287      173  59.0103     231   0.930763
 58 132.247      116 107.87       174  60.31
;

param ScenO [*] :=
  1 86.82        48 40           95 80.1        142 81.01       189  0.003
  2 66.01        49 86.82        96 77          143 72.12       190  0.341
  3 66.01        50 77           97  0.142      144  0.071      191  0
  4 52.24        51 72.7         98  0          145  0          192  0.352
  5 50           52 80.66        99  0.139      146  0.05       193  0
  6 49           53 78.64       100  0          147  0          194 72.7
  7 51.73        54 76.42       101 82.82       148  0.042      195 72
  8 60           55 65.49       102 66.01       149  0.006      196 61.6
  9 73           56 60.1        103 60          150  0.038      197 48.47
 10 77           57 73          104 60          151  0.072      198  0.347
 11 75           58 81          105 60          152 57.97       199  0
 12 74.28        59 74.01       106 60          153 84.77       200  0.36
 13 70.21        60 73.58       107 59.65       154 78          201  0
 14 60           61 70.11       108 60          155 77.77       202  0.388
 15 52.76        62 59.99       109 66.07       156 65.21       203  0
 16 53.99        63 52.72       110 84.7        157 60.1        204  0.407
 17 70.2         64 53.99       111 76.99       158 52.76       205  0
 18 84.82        65 70.2        112 79.28       159 52.99       206  0.45
 19 82.1         66 79.84       113 72          160 59.45       207  0
 20 91.01        67 72.45       114 66          161 70.21       208  0.485718
 21 92.13        68 86.01       115 58.04       162 73.89       209  0.149371
 22 90.88        69 86.06       116 56.54       163 81.91       210  0.508862
 23 84.1         70 86.34       117 65.2        164 76.42       211  0.747703
 24 77           71 79.1        118 76.34       165  0.031      212  0.8752
 25 19.88        72 77          119 72.1        166  0.2        213  0.930408
 26 36.96        73 86.77       120 81.46       167  0.077      214  0.78987
 27 41.68        74 69.99       121  0.113      168  0.382      215  0.566833
 28 41.48        75 68.27       122  0          169  0.122      216  0.725753
 29 40.12        76 70.66       123  0.112      170  0.506      217  0.763117
 30 39.36        77 74.53       124  0          171  0.147      218  0.7628
 31 41.2         78 70.99       125  0.106      172  0.431      219  0.719978
 32 40.12        79 70.3        126  0          173 61          220  1.28771
 33 32.56        80 63          127 86.82       174 56.8        221  0.157
 34 48.56        81 73          128 53.9        175 53.99       222  1.64727
 35 53.44        82 87          129 51.72       176 57.12       223  1.60196
 36 73           83 75.99       130 52.96       177 57.12       224  0.23661
 37 78.2         84 77.78       131 58          178 65.68       225  0.523108
 38 59.08        85 71.54       132 82          179 80.32       226  0.681121
 39 58.4         86 62          133 75          180 82.57       227  0.673772
 40 44.12        87 53.77       134 74.28       181 87          228  0.60241
 41 60.04        88 54.55       135 70.21       182  0.156      229  0.690361
 42 64.96        89 70.64       136 60.5        183  0.337      230  0.63698
 43 50.8         90 84.82       137 53.26       184  0.176      231  0.612727
 44 20.76        91 81.09       138 54.09       185  0.159
 45 20.4         92 90          139 60.1        186  0.208
 46 19.48        93 87.13       140 70.2        187  0.108
 47 21.44        94 86.37       141 70.7        188  0.284
;

param Scen0 (tr)
 :    1	    2	    3	    4	    5	    6	    7	    8	    9	   10	   11	   12	   13	   14	   15	   16	   17	   18	   19	   20	   21	   22	   23	   24	   25	   26	   27	   28	   29	   30	   31	   32	   33	   34	   35	   36	   37	   38	   39	   40	   41	   42	   43	   44	   45	   46	   47	   48	   49	   50	   51	   52	   53	   54	   55	   56	   57	   58	   59	   60	   61	   62	   63	   64	   65	   66	   67	   68	   69	   70	   71	   72	   73	   74	   75	   76	   77	   78	   79	   80	   81	   82	   83	   84	   85	   86	   87	   88	   89	   90	   91	   92	   93	   94	   95	   96	   97	   98	   99	  100	  101	  102	  103	  104	  105	  106	  107	  108	  109	  110	  111	  112	  113	  114	  115	  116	  117	  118	  119	  120	  121	  122	  123	  124	  125	  126	  127	  128	  129	  130	  131	  132	  133	  134	  135	  136	  137	  138	  139	  140	  141	  142	  143	  144	  145	  146	  147	  148	  149	  150	  151	  152	  153	  154	  155	  156	  157	  158	  159	  160	  161	  162	  163	  164	  165	  166	  167	  168	  169	  170	  171	  172	  173	  174	  175	  176	  177	  178	  179	  180	  181	  182	  183	  184	  185	  186	  187	  188	  189	  190	  191	  192	  193	  194	  195	  196	  197	  198	  199	  200	  201	  202	  203	  204	  205	  206	  207	  208	  209	  210	  211	  212	  213	  214	  215	  216	  217	  218	  219	  220	  221	  222	  223	  224	  225	  226	  227	  228	  229	  230	  231	:=
    1	85.277300	69.867100	65.203600	48.108100	48.394000	40.689900	59.750700	64.227100	111.831000	133.830000	119.995000	118.360000	116.575000	111.290000	102.389000	105.696000	106.749000	98.459800	122.693000	110.207000	102.514000	96.227900	90.258200	87.908800	28.116100	31.618500	39.271300	47.656600	55.854800	50.993200	37.662500	29.060200	26.757700	14.971500	63.741700	55.249500	53.542400	49.096600	53.181600	55.549100	61.702400	26.417300	0.000000	0.000000	0.000000	12.206400	12.636400	13.148600	91.813600	71.013600	67.776000	54.344600	56.829400	43.880200	57.846000	81.000200	119.816000	130.278000	119.478000	115.662000	104.771000	101.438000	90.801200	92.541200	98.501600	115.622000	139.691000	136.380000	124.015000	131.439000	120.147000	118.578000	71.636600	74.747500	78.217000	63.897600	52.578200	51.788800	76.643300	100.998000	141.374000	152.340000	138.393000	142.030000	145.871000	139.917000	135.514000	144.741000	142.972000	159.487000	180.170000	192.629000	197.228000	180.685000	149.461000	147.973000	0.133716	0.000000	0.184856	0.000000	100.038000	102.754000	102.853000	88.515700	84.147400	75.141200	95.234600	110.466000	122.558000	133.001000	111.168000	108.754000	104.197000	113.588000	118.618000	118.749000	116.373000	131.526000	174.632000	185.643000	0.250962	0.000000	0.227327	0.000000	0.159101	0.000000	43.240700	34.116600	46.683200	89.294100	121.226000	136.151000	115.423000	104.763000	99.165700	113.285000	112.801000	94.880900	99.790000	113.146000	137.785000	152.920000	154.012000	0.107349	0.000000	0.052369	0.000000	0.000000	0.043900	0.000000	0.456200	107.431000	143.919000	129.223000	116.041000	114.230000	121.596000	122.630000	126.461000	138.563000	130.092000	167.409000	185.842000	182.357000	0.000000	0.549600	0.000000	0.385100	0.010577	1.555700	0.033457	0.362300	66.802100	74.269000	76.873400	82.218800	79.866600	117.978000	151.670000	150.684000	128.039000	0.048640	0.546800	0.071495	0.142800	0.086898	0.173100	0.095562	0.000800	0.209526	0.000000	0.245367	0.000000	120.075000	143.781000	122.314000	100.161000	0.241879	0.000000	0.245350	0.000000	0.297004	0.000000	0.352097	0.000000	0.378437	0.000000	0.567829	0.000000	69.197300	0.227622	0.000000	5.105180	0.467693	0.000000	0.039101	3.397260	7.291880	6.169900	8.791860	1.429760	2.236840	220.912000	100.845000	0.000000	0.000000	0.874159	0.864985	1.472880	1.207790	1.123860	
;
param Prob0 :=
    1	1.000
;
set c[0,1] := 1;
set c[1,1] := 1;
set c[2,1] := 1;
set c[3,1] := 1;
set c[4,1] := 1;
set c[5,1] := 1;
set c[6,1] := 1;
set c[7,1] := 1;
set c[8,1] := 1;
set c[9,1] := 1;
set c[10,1] := 1;
set c[11,1] := 1;
set c[12,1] := 1;
set c[13,1] := 1;
set c[14,1] := 1;
set c[15,1] := 1;
set c[16,1] := 1;
set c[17,1] := 1;
set c[18,1] := 1;
set c[19,1] := 1;
set c[20,1] := 1;
set c[21,1] := 1;
set c[22,1] := 1;
set c[23,1] := 1;
set c[24,1] := 1;
set c[25,1] := 1;
set c[26,1] := 1;
set c[27,1] := 1;
set c[28,1] := 1;
set c[29,1] := 1;
set c[30,1] := 1;
set c[31,1] := 1;
set c[32,1] := 1;
set c[33,1] := 1;
set c[34,1] := 1;

