#erel:= 0.850;
#emax:= 0.000;
#q:= 0.000;
#nesce:=     1;
#etime:= 0.020;
#snodes:=    34;
param nS:=     1;
param nSG:=    34;
param nRVSG [*] :=
 1 24    5  2    9  2   13  2   17  2   21  9   25  2   29  2   33  2
 2 24    6  2   10  2   14  2   18  2   22  2   26  2   30  2   34 24
 3 24    7 20   11 17   15  2   19  2   23  2   27  2   31  2
 4 24    8  2   12  2   16 13   20  2   24  2   28  4   32  2
;

param ScenF [*] :=
  1  23.3647       59  73.9665      117  62.7383      175  79.033
  2  33.7457       60  69.3099      118  65.0381      176  72.9894
  3  33.5797       61  61.5862      119  77.6675      177  72.114
  4  29.5859       62  64.0764      120  74.11        178  93.7484
  5  23.9904       63  62.9707      121   0.746133    179 113.624
  6  21.662        64  66.1156      122   0           180 127.893
  7  26.0778       65  61.0707      123   0.69637     181  90.2893
  8  32.5681       66  61.399       124   0           182   0.67349
  9  48.9852       67  79.2993      125   0.716168    183   0.5985
 10  46.6864       68 112.808       126   0           184   0.724454
 11  37.7923       69 132.86        127  31.0017      185   0.4618
 12  40.6923       70 124.127       128  49.5731      186   0.755178
 13  36.6101       71 103.83        129  53.8511      187   0.2414
 14  35.7346       72  96.3826      130  56.157       188   0.759597
 15  32.9237       73  36.6032      131  79.1731      189   0.0034
 16  29.3961       74  55.652       132  81.5369      190   0.754318
 17  22.3893       75  52.386       133  70.438       191   0
 18  17.9339       76  52.0941      134  56.9827      192   0.733627
 19  31.4539       77  52.7778      135  55.8286      193   0
 20  59.5585       78  57.4956      136  50.7258      194 120.312
 21  91.5242       79  63.9342      137  48.8262      195  95.9776
 22  88.113        80  66.4646      138  49.2882      196  80.928
 23  75.4681       81  81.0843      139  50.8847      197  69.6057
 24  68.891        82  75.0385      140  57.5658      198   0.705318
 25  17.6607       83  78.0583      141  68.9891      199   0
 26  17.2338       84  74.3572      142  75.9061      200   0.626141
 27  28.8848       85  68.3144      143  56.3354      201   0
 28  32.9191       86  62.1834      144   0.713891    202   0.534779
 29  38.3996       87  60.4218      145   0           203   0
 30  37.4901       88  64.1134      146   0.682004    204   0.510039
 31  40.1519       89  59.4388      147   0           205   0
 32  30.7038       90  64.246       148   0.645212    206   0.517494
 33  29.0636       91  77.7296      149   0.0442      207   0
 34  44.7513       92 103.147       150   0.586248    208   0.289146
 35  32.3243       93 124.369       151   0.3109      209   0.889354
 36  43.5042       94 121.557       152  75.7536      210   4.16318
 37  41.3173       95  99.1367      153 101.947       211   0.165333
 38  41.0255       96  87.8746      154  95.7749      212   0.69638
 39  27.5974       97   0.933939    155  90.1459      213   2.04695
 40  20.5117       98   0           156  80.8428      214   0.633026
 41  23.4257       99   0.846288    157  75.9556      215   0.201947
 42  17.4617      100   0           158  74.1113      216   1.57638
 43  15.0867      101  43.449       159  72.057       217   1.97527
 44  11.8868      102  63.0901      160  68.6317      218   3.12079
 45  27.2997      103  61.9566      161  74.2861      219   2.34933
 46  23.1428      104  58.7896      162  87.1676      220   4.70707
 47  21.0739      105  52.9661      163  94.4099      221   4.25362
 48  10.1502      106  51.4021      164  80.6832      222   0.0565219
 49  25.3964      107  54.8492      165   0.554364    223   0
 50  53.0046      108  58.4548      166   0.5118      224  57.4595
 51  52.2705      109  82.3852      167   0.541916    225   6.66273
 52  53.2352      110  87.8949      168   0.6294      226   0
 53  49.4305      111  84.1502      169   0.546434    227   0.149319
 54  49.1553      112  74.9256      170   0.6789      228   0.295097
 55  49.9         113  70.1957      171   0.594172    229   0.545447
 56  54.8517      114  72.001       172   0.6679      230   0.686877
 57  82.1881      115  65.314       173  75.3443      231   1.01315
 58  88.4359      116  61.7381      174  79.9373
;

param ScenO [*] :=
  1 59.9         48 34.68        95 77.5        142 88.06       189  0.003
  2 57.85        49 62.12        96 71.49       143 85.87       190  0.331
  3 50.48        50 62.35        97  0.947      144  0.459      191  0
  4 48           51 61.59        98  0          145  0          192  0.398
  5 39.98        52 58           99  0.895      146  0.516      193  0
  6 33.88        53 40          100  0          147  0          194 72.11
  7 42.16        54 30.11       101 57.82       148  0.485      195 72.1
  8 49.8         55 42.16       102 59.28       149  0.022      196 60
  9 65.49        56 60.91       103 64.93       150  0.386      197 58.92
 10 78.88        57 67          104 65          151  0.195      198  0.5
 11 75.86        58 78.95       105 45          152 66.26       199  0
 12 65.26        59 77.5        106 41          153 64.8        200  0.583
 13 61.82        60 68.25       107 56          154 64.8        201  0
 14 55           61 63.82       108 62.25       155 63.79       202  0.595
 15 50.1         62 55          109 72.04       156 61.79       203  0
 16 49.8         63 55.05       110 84.22       157 55          204  0.561
 17 50.1         64 54          111 81.1        158 51.1        205  0
 18 61.82        65 55          112 77.26       159 49.8        206  0.51
 19 77.62        66 66.82       113 72.9        160 50.1        207  0
 20 88.06        67 78.4        114 66.76       161 61.82       208  0.644908
 21 84.44        68 89.83       115 70.1        162 69.86       209  0.38185
 22 78.37        69 85.41       116 69.8        163 79.25       210  0.447504
 23 71.86        70 78.37       117 70.1        164 80          211  0.095208
 24 61.42        71 72.63       118 71.82       165  0.319      212  0.001251
 25 43.6         72 62.42       119 84.62       166  0.308      213  0.001181
 26 60           73 64.97       120 90.83       167  0.277      214  0.418169
 27 39.2         74 59.86       121  0.819      168  0.178      215  0.729719
 28 39.32        75 65.48       122  0          169  0.218      216  0.791724
 29 40.2         76 62.49       123  0.637      170  0.11       217  1.06161
 30 37.2         77 48.43       124  0          171  0.169      218  1.10243
 31 35.44        78 35          125  0.479      172  0.125      219  1.40116
 32 36.28        79 58.19       126  0          173 66          220  1.68441
 33 22.4         80 65.49       127 59.85       174 60.12       221  0.947636
 34 43.4         81 70.49       128 38          175 59.76       222  1.70299
 35 39.68        82 80.2        129 48          176 60.12       223  1.65341
 36 42.32        83 78.4        130 75          177 74.18       224  1.60998
 37 55           84 71.49       131 72.04       178 86.77       225  0.238919
 38 60           85 68.49       132 78.88       179 91.77       226  0.686035
 39 57.6         86 62.49       133 69.77       180 86.77       227  0.69305
 40 44.8         87 62.85       134 71.79       181 82.07       228  0.959143
 41 66.32        88 62.65       135 68          182  0.146      229  0.743269
 42 58.88        89 65.1        136 60.5        183  0.283      230  0.937935
 43 45.6         90 71.27       137 58.09       184  0.155      231  0.863237
 44  8.88        91 81.1        138 60          185  0.303
 45  9.84        92 90.83       139 58.09       186  0.2
 46 14.36        93 86.26       140 67.72       187  0.187
 47 20.96        94 78.64       141 77.72       188  0.27
;

param Scen0 (tr)
 :    1	    2	    3	    4	    5	    6	    7	    8	    9	   10	   11	   12	   13	   14	   15	   16	   17	   18	   19	   20	   21	   22	   23	   24	   25	   26	   27	   28	   29	   30	   31	   32	   33	   34	   35	   36	   37	   38	   39	   40	   41	   42	   43	   44	   45	   46	   47	   48	   49	   50	   51	   52	   53	   54	   55	   56	   57	   58	   59	   60	   61	   62	   63	   64	   65	   66	   67	   68	   69	   70	   71	   72	   73	   74	   75	   76	   77	   78	   79	   80	   81	   82	   83	   84	   85	   86	   87	   88	   89	   90	   91	   92	   93	   94	   95	   96	   97	   98	   99	  100	  101	  102	  103	  104	  105	  106	  107	  108	  109	  110	  111	  112	  113	  114	  115	  116	  117	  118	  119	  120	  121	  122	  123	  124	  125	  126	  127	  128	  129	  130	  131	  132	  133	  134	  135	  136	  137	  138	  139	  140	  141	  142	  143	  144	  145	  146	  147	  148	  149	  150	  151	  152	  153	  154	  155	  156	  157	  158	  159	  160	  161	  162	  163	  164	  165	  166	  167	  168	  169	  170	  171	  172	  173	  174	  175	  176	  177	  178	  179	  180	  181	  182	  183	  184	  185	  186	  187	  188	  189	  190	  191	  192	  193	  194	  195	  196	  197	  198	  199	  200	  201	  202	  203	  204	  205	  206	  207	  208	  209	  210	  211	  212	  213	  214	  215	  216	  217	  218	  219	  220	  221	  222	  223	  224	  225	  226	  227	  228	  229	  230	  231	:=
    1	58.167800	25.575000	26.112800	10.210200	6.788770	0.000000	9.387480	14.981900	34.320700	38.210800	31.655500	39.033800	38.460400	34.915800	27.439700	26.871500	19.783100	31.359600	54.126600	59.960200	88.203700	88.439500	80.631000	77.035400	22.925400	19.511100	34.074200	46.506600	59.746700	55.496400	44.818500	38.812100	32.791600	46.398100	75.868500	65.344900	53.559800	57.481300	47.932100	42.235200	53.385700	29.419700	2.967120	0.251137	23.000500	24.921500	20.624800	15.563700	80.264100	59.527700	65.415800	56.622100	58.443100	41.610600	47.356000	56.585400	83.601200	101.006000	86.918100	81.358900	71.510100	74.243800	71.824700	75.587200	71.697600	83.685900	105.862000	113.541000	134.184000	133.587000	114.438000	112.105000	79.701300	65.410200	68.160100	60.609500	62.578500	57.440600	72.051800	77.764800	91.620200	96.382400	92.753200	86.577100	82.003700	73.179200	67.127900	77.202600	73.311300	106.240000	117.669000	136.289000	150.762000	150.753000	125.541000	123.615000	0.940630	0.000000	0.871280	0.000000	95.687300	80.106400	82.135800	72.579500	62.626400	48.263800	65.235000	74.560500	81.327500	83.359600	80.234400	75.549800	68.911600	68.526300	67.452000	70.068500	70.279000	80.449300	106.959000	122.046000	0.801851	0.000000	0.706730	0.000000	0.650723	0.000000	57.315800	43.506500	50.644700	85.350700	103.186000	111.900000	93.416500	82.993000	76.058400	82.944600	77.515200	62.429700	70.421300	80.976400	92.865600	98.131100	111.658000	0.597403	0.000000	0.513988	0.000000	0.438586	0.100900	0.364852	1.286100	90.668400	136.700000	111.155000	100.764000	97.605000	92.259500	89.641200	86.782800	90.858100	83.607200	109.176000	127.640000	129.048000	0.328708	0.225100	0.319243	6.489000	0.337909	1.505900	0.392953	0.580500	83.993100	92.164300	93.408800	89.984600	83.934400	122.498000	159.648000	164.019000	138.669000	0.474424	0.050900	0.539994	0.074100	0.571158	0.871400	0.566590	0.005700	0.910498	0.000000	0.834253	0.000000	134.073000	127.082000	117.565000	101.334000	0.767767	0.000000	0.676383	0.000000	0.581281	0.000000	0.522417	0.000000	0.521338	0.000000	0.774583	0.000000	19.933200	0.000000	0.319359	1.168580	0.963745	0.000000	1.619430	1.964920	4.198870	3.531870	4.994050	0.739844	2.159870	223.804000	0.000000	1.879610	0.000000	0.649291	0.725608	0.666382	0.941549	1.154100	
;
param Prob0 :=
    1	1.000
;
set c[0,1] := 1;
set c[1,1] := 1;
set c[2,1] := 1;
set c[3,1] := 1;
set c[4,1] := 1;
set c[5,1] := 1;
set c[6,1] := 1;
set c[7,1] := 1;
set c[8,1] := 1;
set c[9,1] := 1;
set c[10,1] := 1;
set c[11,1] := 1;
set c[12,1] := 1;
set c[13,1] := 1;
set c[14,1] := 1;
set c[15,1] := 1;
set c[16,1] := 1;
set c[17,1] := 1;
set c[18,1] := 1;
set c[19,1] := 1;
set c[20,1] := 1;
set c[21,1] := 1;
set c[22,1] := 1;
set c[23,1] := 1;
set c[24,1] := 1;
set c[25,1] := 1;
set c[26,1] := 1;
set c[27,1] := 1;
set c[28,1] := 1;
set c[29,1] := 1;
set c[30,1] := 1;
set c[31,1] := 1;
set c[32,1] := 1;
set c[33,1] := 1;
set c[34,1] := 1;

