#erel:= 0.850;
#emax:= 0.000;
#q:= 0.000;
#nesce:=     1;
#etime:= 0.021;
#snodes:=    34;
param nS:=     1;
param nSG:=    34;
param nRVSG [*] :=
 1 24    5  2    9  2   13  2   17  2   21  9   25  2   29  2   33  2
 2 24    6  2   10  2   14  2   18  2   22  2   26  2   30  2   34 24
 3 24    7 20   11 17   15  2   19  2   23  2   27  2   31  2
 4 24    8  2   12  2   16 13   20  2   24  2   28  4   32  2
;

param ScenF [*] :=
  1  64.7764       59  73.8628      117  77.2383      175  63.5138
  2  90.1795       60  65.9763      118  74.732       176  58.4147
  3  78.7757       61  58.7015      119  72.7457      177  53.7472
  4  70.0035       62  55.0624      120  67.073       178  67.006
  5  66.4836       63  45.3909      121   0.0777541   179  80.9433
  6  67.5892       64  37.7458      122   0           180  92.5257
  7  71.0463       65  34.5996      123   0.0991157   181  68.0023
  8  75.2879       66  42.2849      124   0           182   0.16154
  9  96.684        67  64.7877      125   0.15777     183   0.606
 10 101.251        68  88.3076      126   0           184   0.127586
 11  70.522        69  84.073       127  54.4152      185   0.4686
 12  55.412        70  76.5997      128  78.1146      186   0.115555
 13  46.2673       71  74.2042      129  74.2394      187   0.2455
 14  44.7245       72  72.3128      130  61.8541      188   0.109433
 15  36.7065       73  67.5488      131  72.7642      189   0.004
 16  20.4146       74  90.7999      132  77.5665      190   0.0826735
 17  18.6302       75  81.7721      133  72.0711      191   0
 18  31.0189       76  72.5807      134  64.5651      192   0.0462748
 19  70.2203       77  62.5074      135  65.3746      193   0
 20 107.114        78  69.3248      136  57.9487      194 118.615
 21 109.679        79  77.2055      137  52.3271      195 107.903
 22  96.2961       80  84.3305      138  48.6842      196  97.8085
 23  97.8812       81  95.07        139  48.4584      197  79.0765
 24  95.2099       82  86.5091      140  59.3656      198   0.0623078
 25  13.9333       83  74.3971      141  66.9846      199   0
 26  18.4217       84  76.2779      142  70.6632      200   0.163187
 27  26.2782       85  74.1434      143  50.9078      201   0
 28  28.0504       86  74.8573      144   0.228279    202   0.248134
 29  30.1706       87  72.3345      145   0           203   0
 30  30.095        88  65.6533      146   0.284262    204   0.293258
 31  33.2415       89  70.8551      147   0           205   0
 32  23.3745       90  73.954       148   0.330683    206   0.33789
 33  21.9249       91  85.375       149   0.0454      207   0
 34  32.9915       92  94.2775      150   0.358063    208   0.347505
 35  43.9423       93  92.9009      151   0.3244      209   1.4646
 36  52.2805       94  87.7291      152  60.9628      210   0
 37  54.9083       95  84.2495      153  82.0384      211   1.57143
 38  49.0086       96  79.0713      154  67.4752      212   0
 39  41.3044       97   0.0474298   155  57.6795      213   0
 40  36.7451       98   0           156  53.4287      214   0
 41  35.4667       99   0.0786292   157  54.0726      215   7.00002
 42  29.5507      100   0           158  54.2003      216   0.364226
 43  35.4768      101  50.8283      159  54.8265      217   0
 44  10.6399      102  67.8917      160  54.5174      218   2.87348
 45  14.4383      103  64.2169      161  56.8694      219   3.66696
 46  15.2724      104  62.7823      162  66.1102      220   2.78731
 47  18.1782      105  62.9713      163  71.6871      221   2.60376
 48  15.2741      106  62.814       164  62.3156      222   1.24028
 49  60.9144      107  63.5052      165   0.342053    223   0
 50  91.031       108  67.351       166   0.522       224 204.562
 51  80.4997      109  88.8314      167   0.301707    225  12.2703
 52  73.2563      110  91.4238      168   0.638       226   2.29801
 53  67.0829      111  85.8864      169   0.252519    227   0.412319
 54  68.8796      112  81.3816      170   0.6865      228   0.392373
 55  66.9378      113  78.6418      171   0.204908    229   0.861463
 56  62.5772      114  84.0466      172   0.676       230   0.570975
 57  84.346       115  80.5102      173  58.86        231   0.818529
 58  89.0053      116  77.9015      174  63.3769
;

param ScenO [*] :=
  1  94.78        59  96          117  65          175  61
  2  78           60  83          118  79.75       176  60
  3  75           61  74.8        119  95.01       177  80
  4  58.59        62  65.99       120 109.56       178  98.4
  5  54.1         63  64.48       121   0.028      179 115.14
  6  50.18        64  65.89       122   0          180 121.49
  7  53.4         65  67.24       123   0.035      181 122.53
  8  65.1         66  79          124   0          182   0.06
  9  80.2         67  88          125   0.032      183   0.619
 10  91.75        68 109.03       126   0          184   0.049
 11  87           69 109.49       127  86.07       185   0.48
 12  76           70 120.43       128  75.01       186   0.047
 13  68           71 118.38       129  78.95       187   0.255
 14  64.39        72 105          130  72.06       188   0.061
 15  62.98        73  91          131  88.22       189   0.005
 16  64.39        74  85.77       132 102.75       190   0.054
 17  65.64        75  83.11       133 105.08       191   0
 18  74           76  70.59       134  87.41       192   0.036
 19  82           77  70.09       135  73.99       193   0
 20 109.18        78  66.17       136  70          194 140.03
 21 111.49        79  69.39       137  65.98       195 136.93
 22 121.53        80  71.1        138  68          196 110
 23 120.38        81  90.77       139  64.99       197 100.78
 24 105           82 101.75       140  78          198   0.027
 25  20.36        83  99.01       141  92.54       199   0
 26  16.4         84  83.84       142 109.7        200   0.025
 27  16.2         85  73          143 112.76       201   0
 28  32           86  68.04       144   0.029      202   0.023
 29  40.4         87  65.23       145   0          203   0
 30  37.12        88  66.48       146   0.032      204   0.02
 31  39.28        89  70.07       147   0          205   0
 32  30.8         90  77.01       148   0.039      206   0.019
 33  10           91  86          149   0.05       207   0
 34  10.4         92 107.09       150   0.043      208   0.904832
 35   7           93 109.26       151   0.339      209   0.900641
 36  10.48        94 116.53       152  93.83       210   0.858267
 37  40.32        95 115.38       153 110.1        211   1.68612
 38  38.56        96 104.74       154 109.99       212   1.6549
 39  37.8         97   0.014      155  90.89       213   1.7786
 40  36.16        98   0          156  76.88       214   1.70037
 41  44           99   0.021      157  70.19       215   0.960061
 42  37.16       100   0          158  68.65       216   0.7601
 43  18.88       101  91.17       159  70.19       217   0.77515
 44   5.28       102  87.77       160  65.11       218   0.72908
 45   5.2        103  85.77       161  77          219   0.885132
 46   5.28       104  70.77       162  96.88       220   1.53735
 47   7.68       105  75.01       163 110.45       221   1.63146
 48   8          106  63.18       164 112          222   1.77485
 49  92          107  66.4        165   0.051      223   1.74546
 50  85.95       108  70.96       166   0.538      224   1.60512
 51  86.11       109  90.77       167   0.038      225   0.739324
 52  77.09       110 106.75       168   0.653      226   0.805732
 53  65.21       111 105.01       169   0.054      227   0.753984
 54  60.18       112  87.77       170   0.702      228   0.686609
 55  63.4        113  73.7        171   0.063      229   0.613346
 56  78.6        114  68.01       172   0.69       230   0.593869
 57  90.2        115  62.98       173  65          231   0.59781
 58 100.75       116  65          174  66.96
;

param Scen0 (tr)
 :    1	    2	    3	    4	    5	    6	    7	    8	    9	   10	   11	   12	   13	   14	   15	   16	   17	   18	   19	   20	   21	   22	   23	   24	   25	   26	   27	   28	   29	   30	   31	   32	   33	   34	   35	   36	   37	   38	   39	   40	   41	   42	   43	   44	   45	   46	   47	   48	   49	   50	   51	   52	   53	   54	   55	   56	   57	   58	   59	   60	   61	   62	   63	   64	   65	   66	   67	   68	   69	   70	   71	   72	   73	   74	   75	   76	   77	   78	   79	   80	   81	   82	   83	   84	   85	   86	   87	   88	   89	   90	   91	   92	   93	   94	   95	   96	   97	   98	   99	  100	  101	  102	  103	  104	  105	  106	  107	  108	  109	  110	  111	  112	  113	  114	  115	  116	  117	  118	  119	  120	  121	  122	  123	  124	  125	  126	  127	  128	  129	  130	  131	  132	  133	  134	  135	  136	  137	  138	  139	  140	  141	  142	  143	  144	  145	  146	  147	  148	  149	  150	  151	  152	  153	  154	  155	  156	  157	  158	  159	  160	  161	  162	  163	  164	  165	  166	  167	  168	  169	  170	  171	  172	  173	  174	  175	  176	  177	  178	  179	  180	  181	  182	  183	  184	  185	  186	  187	  188	  189	  190	  191	  192	  193	  194	  195	  196	  197	  198	  199	  200	  201	  202	  203	  204	  205	  206	  207	  208	  209	  210	  211	  212	  213	  214	  215	  216	  217	  218	  219	  220	  221	  222	  223	  224	  225	  226	  227	  228	  229	  230	  231	:=
    1	98.574000	82.028800	70.631600	50.562000	49.526200	42.533400	54.077200	57.880400	82.127200	93.247000	64.637800	53.616700	48.098900	44.110300	31.750900	19.219300	17.265000	43.074600	92.600800	108.984000	108.391000	97.876200	104.836000	105.721000	19.630400	21.770700	33.680300	43.390000	53.115000	49.945800	39.202800	32.470400	26.833400	37.176300	90.996600	79.151900	73.147400	70.288100	66.062800	63.058400	66.916400	37.521300	14.404000	0.000000	9.492720	16.480500	16.567900	20.418500	116.971000	99.877900	95.364000	78.068900	75.937600	61.787000	65.893700	60.889200	79.951600	97.778500	83.439700	76.496100	69.364300	64.972600	53.778600	46.130800	44.961100	68.490600	96.469900	98.147800	94.242400	91.345900	90.762900	92.254000	112.318000	101.889000	98.424200	82.269900	72.989600	68.239800	85.049800	94.371600	104.837000	104.202000	88.392000	86.948400	86.970900	85.064800	78.591900	78.580100	84.515600	116.254000	126.562000	131.507000	124.986000	121.993000	114.087000	116.072000	0.052599	0.000000	0.097612	0.000000	102.514000	84.406600	83.506200	75.202500	71.430000	58.567800	73.368200	82.997800	87.408900	85.807900	80.562300	80.953800	76.177200	79.616900	81.915500	85.097600	83.891000	89.886400	103.690000	117.120000	0.129580	0.000000	0.110497	0.000000	0.096666	0.000000	82.856700	71.341800	70.060400	90.549800	97.300500	106.960000	94.092100	91.085400	86.672800	91.056000	81.641300	61.634200	67.388200	82.877400	89.271700	91.224900	104.309000	0.120673	0.000000	0.129813	0.000000	0.139953	0.070300	0.148450	0.360800	76.216400	116.922000	82.974100	67.944500	69.619300	69.520400	68.885200	68.717700	75.648300	65.206900	87.032700	104.487000	110.972000	0.120426	0.552400	0.074862	1.437400	0.034892	1.179800	0.000000	0.105300	67.477200	73.523900	75.225100	72.680000	64.112900	93.031600	123.953000	126.253000	112.626000	0.000000	1.936500	0.000000	0.839600	0.000000	0.294200	0.000000	0.013000	0.068986	0.000000	0.017392	0.000000	129.619000	140.228000	135.135000	110.782000	0.039702	0.000000	0.126667	0.000000	0.186962	0.000000	0.215676	0.000000	0.269591	0.000000	0.892447	1.044310	13.435400	1.602750	0.000000	0.000000	0.437933	5.296230	0.406857	0.000000	3.682780	4.638360	2.881460	0.000000	3.173510	193.594000	98.107300	9.193410	1.972620	0.903352	0.804042	0.977935	0.766939	0.889127	
;
param Prob0 :=
    1	1.000
;
set c[0,1] := 1;
set c[1,1] := 1;
set c[2,1] := 1;
set c[3,1] := 1;
set c[4,1] := 1;
set c[5,1] := 1;
set c[6,1] := 1;
set c[7,1] := 1;
set c[8,1] := 1;
set c[9,1] := 1;
set c[10,1] := 1;
set c[11,1] := 1;
set c[12,1] := 1;
set c[13,1] := 1;
set c[14,1] := 1;
set c[15,1] := 1;
set c[16,1] := 1;
set c[17,1] := 1;
set c[18,1] := 1;
set c[19,1] := 1;
set c[20,1] := 1;
set c[21,1] := 1;
set c[22,1] := 1;
set c[23,1] := 1;
set c[24,1] := 1;
set c[25,1] := 1;
set c[26,1] := 1;
set c[27,1] := 1;
set c[28,1] := 1;
set c[29,1] := 1;
set c[30,1] := 1;
set c[31,1] := 1;
set c[32,1] := 1;
set c[33,1] := 1;
set c[34,1] := 1;

