#erel:= 0.850;
#emax:= 0.000;
#q:= 0.000;
#nesce:=     1;
#etime:= 0.018;
#snodes:=    34;
param nS:=     1;
param nSG:=    34;
param nRVSG [*] :=
 1 24    5  2    9  2   13  2   17  2   21  9   25  2   29  2   33  2
 2 24    6  2   10  2   14  2   18  2   22  2   26  2   30  2   34 24
 3 24    7 20   11 17   15  2   19  2   23  2   27  2   31  2
 4 24    8  2   12  2   16 13   20  2   24  2   28  4   32  2
;

param ScenF [*] :=
  1  40.2073      59 107.108      117  58.646      175  40.7328
  2  58.9108      60 113.31       118  65.9341     176  34.1875
  3  55.6328      61 102.124      119  73.0283     177  42.3614
  4  47.7445      62  89.3999     120  71.1751     178  66.8585
  5  40.1559      63  69.5633     121   0.297626   179  81.2304
  6  39.6778      64  64.9418     122   0          180  82.5661
  7  47.7182      65  62.0658     123   0.270788   181  54.5876
  8  57.5087      66  62.4974     124   0          182   0.369114
  9  76.8123      67  65.0752     125   0.274263   183   0.2512
 10  73.4954      68  79.4123     126   0          184   0.356072
 11  47.5915      69  77.7772     127  18.6389     185   0.1926
 12  41.2135      70  73.6151     128  36.3115     186   0.367809
 13  37.3447      71  65.7332     129  38.8371     187   0.1048
 14  35.6966      72  68.0726     130  38.6502     188   0.389401
 15  35.4908      73  33.3238     131  57.215      189   0.0001
 16  34.2694      74  56.7474     132  66.1076     190   0.392346
 17  40.5291      75  50.8809     133  54.6899     191   0
 18  52.2224      76  41.3645     134  42.8814     192   0.368221
 19  78.2913      77  28.6846     135  41.4533     193   0
 20 105.821       78  39.0409     136  38.7141     194 105.919
 21 115.726       79  58.1809     137  33.508      195  95.2097
 22 107.426       80  70.5815     138  28.2512     196  87.0065
 23 102.315       81  95.7266     139  31.6448     197  78.3066
 24  88.2292      82  97.1668     140  47.8651     198   0.340118
 25   7.83821     83 105.134      141  59.4641     199   0
 26   9.27953     84 114.921      142  66.1911     200   0.31587
 27  12.9579      85 108.039      143  45.2179     201   0
 28  15.7185      86 100.842      144   0.284646   202   0.26667
 29  18.3704      87  91.0581     145   0          203   0
 30  17.6993      88  84.2242     146   0.309994   204   0.265949
 31  20.3062      89  86.619      147   0          205   0
 32  12.0349      90  86.804      148   0.376833   206   0.316495
 33   6.53903     91 101.039      149   0.0002     207   0
 34  24.5028      92 114.853      150   0.42682    208   0
 35  39.6412      93 123.278      151   0.089      209   0.804929
 36  38.0982      94 109.47       152  71.807      210 207.275
 37  38.5169      95  97.2758     153  89.7723     211   0
 38  36.8205      96  91.8747     154  81.0816     212   0
 39  31.7279      97   0.327719   155  66.8399     213   0
 40  31.689       98   0          156  57.7414     214   0
 41  40.1151      99   0.32977    157  58.2214     215   0
 42  37.489      100   0          158  57.1938     216   0.881969
 43  30.1514     101  51.2101     159  56.2789     217   5.61166
 44   8.70625    102  67.7729     160  52.3207     218   0
 45   8.61512    103  67.2976     161  63.2475     219   0
 46   7.88372    104  67.0497     162  89.896      220   5.30509
 47   7.45415    105  64.235      163  95.9298     221  42.3436
 48   8.263      106  65.5654     164  80.7001     222   0.31109
 49  38.3722     107  64.3145     165   0.433928   223   0
 50  59.177      108  65.3246     166   0.1787     224 549.487
 51  46.9593     109  88.3829     167   0.427063   225  20.5733
 52  38.8685     110  94.1913     168   0.2358     226   0
 53  35.0432     111  87.0084     169   0.404359   227   0
 54  42.7708     112  79.8112     170   0.2619     228   0.673878
 55  57.1592     113  77.2385     171   0.385236   229   2.13413
 56  63.4174     114  77.485      172   0.2683     230   1.31434
 57  84.8986     115  67.5666     173  42.4455     231   2.52604
 58  92.729      116  61.2577     174  43.9169
;

param ScenO [*] :=
  1  85.57        59  83          117  60.21       175  62
  2  86.04        60  64          118  64          176  56
  3  82.85        61  61.12       119  88.55       177  58.14
  4  80           62  61          120  94.34       178  80.48
  5  76.44        63  57.98       121   0.444      179  90
  6  75.16        64  57.23       122   0          180  96.93
  7  78.97        65  58.47       123   0.496      181  90.21
  8  83           66  66.03       124   0          182   0.16
  9  90.98        67  85.56       125   0.523      183   0.605
 10  90           68  92          126   0          184   0.22
 11  76.44        69  92.93       127  84          185   0.461
 12  58           70  92.18       128  55.16       186   0.252
 13  54.12        71  91.1        129  53.78       187   0.256
 14  54           72  89.89       130  73          188   0.278
 15  50.98        73  83          131  99.84       189   0.005
 16  50.24        74  75.54       132 100.99       190   0.213
 17  51.47        75  72.12       133  84.08       191   0
 18  58.15        76  69.87       134  66.7        192   0.127
 19  80.5         77  66.05       135  62.23       193   0
 20  90           78  68.2        136  64          194  91.86
 21  90.93        79  69.87       137  58.62       195  88.8
 22  90.3         80  80          138  57.77       196  79.99
 23  88.36        81  91.59       139  56.62       197  71.56
 24  82.89        82  94.34       140  60.25       198   0.169
 25  14.64        83  84.44       141  81.5        199   0
 26  11.72        84  78.89       142  90          200   0.17
 27  31.16        85  60.26       143  91.93       201   0
 28  21.52        86  61.7        144   0.55       202   0.133
 29  39           87  60          145   0          203   0
 30  39           88  62.23       146   0.574      204   0.111
 31  39           89  60          147   0          205   0
 32  14.4         90  66.87       148   0.56       206   0.135
 33  14.56        91  82.5        149   0.052      207   0
 34  39           92  90.11       150   0.454      208   0.247634
 35  22.72        93  91.53       151   0.323      209   0.30881
 36  55.52        94  90.41       152 106.53       210   0.400121
 37  45.04        95  90.46       153 120          211   0.458625
 38  55.84        96  82.89       154  85.99       212   0.424647
 39  49.2         97   0.343      155  69.6        213   0.56852
 40  49.12        98   0          156  64.94       214   0.048246
 41  49.68        99   0.38       157  64          215   0.094699
 42  59.32       100   0          158  60.21       216   0.387228
 43  30.84       101  84          159  60.29       217   0.583
 44  37.28       102  74          160  56.62       218   0.15607
 45  30.12       103  69.12       161  58.15       219   0.292586
 46  29.8        104  64.3        162  76.5        220   0.404102
 47  19.36       105  60.95       163  86.45       221   1.51352
 48  17.28       106  65.11       164  93.43       222   0.925461
 49  83.57       107  65.11       165   0.367      223   0.75418
 50  81          108  78          166   0.52       224   0
 51  77.02       109  93.98       167   0.295      225  -0.05761
 52  75          110 103.5        168   0.636      226   0.172174
 53  71.44       111  86.44       169   0.22       227   0.684778
 54  70.66       112  72.62       170   0.685      228   0.701639
 55  75.05       113  62.23       171   0.148      229   0.621816
 56  81.5        114  64          172   0.675      230   0.310321
 57  90.98       115  60.21       173  75          231   0.093256
 58  92          116  63.99       174  64.9
;

param Scen0 (tr)
 :    1	    2	    3	    4	    5	    6	    7	    8	    9	   10	   11	   12	   13	   14	   15	   16	   17	   18	   19	   20	   21	   22	   23	   24	   25	   26	   27	   28	   29	   30	   31	   32	   33	   34	   35	   36	   37	   38	   39	   40	   41	   42	   43	   44	   45	   46	   47	   48	   49	   50	   51	   52	   53	   54	   55	   56	   57	   58	   59	   60	   61	   62	   63	   64	   65	   66	   67	   68	   69	   70	   71	   72	   73	   74	   75	   76	   77	   78	   79	   80	   81	   82	   83	   84	   85	   86	   87	   88	   89	   90	   91	   92	   93	   94	   95	   96	   97	   98	   99	  100	  101	  102	  103	  104	  105	  106	  107	  108	  109	  110	  111	  112	  113	  114	  115	  116	  117	  118	  119	  120	  121	  122	  123	  124	  125	  126	  127	  128	  129	  130	  131	  132	  133	  134	  135	  136	  137	  138	  139	  140	  141	  142	  143	  144	  145	  146	  147	  148	  149	  150	  151	  152	  153	  154	  155	  156	  157	  158	  159	  160	  161	  162	  163	  164	  165	  166	  167	  168	  169	  170	  171	  172	  173	  174	  175	  176	  177	  178	  179	  180	  181	  182	  183	  184	  185	  186	  187	  188	  189	  190	  191	  192	  193	  194	  195	  196	  197	  198	  199	  200	  201	  202	  203	  204	  205	  206	  207	  208	  209	  210	  211	  212	  213	  214	  215	  216	  217	  218	  219	  220	  221	  222	  223	  224	  225	  226	  227	  228	  229	  230	  231	:=
    1	69.398700	54.407700	53.225900	35.484100	30.194400	22.474400	36.959000	43.744200	66.939700	69.814800	46.321600	44.718600	45.969300	43.094300	39.888100	41.646100	47.960300	59.256300	99.121300	110.580000	125.392000	116.569000	105.769000	107.358000	10.860700	10.186600	18.028200	28.148200	39.007500	35.335400	24.797000	16.643700	8.768560	20.220300	78.250900	59.226000	51.460400	52.492700	52.781600	53.752200	64.774400	46.354100	29.641300	0.000000	5.617170	13.556000	9.885460	15.451000	89.499000	61.449000	55.846200	38.191600	39.974200	31.030200	51.181700	63.987100	85.931300	105.185000	123.146000	129.308000	115.275000	101.814000	79.577000	76.010700	74.440300	84.846600	92.381800	81.945600	84.075500	90.020800	79.336300	85.575500	71.544100	61.545500	61.389500	44.788400	32.859900	34.487300	62.649700	80.054700	106.058000	118.194000	120.565000	128.693000	123.297000	112.794000	98.433600	98.164800	101.647000	126.302000	138.530000	145.839000	147.173000	136.916000	121.366000	125.755000	0.335925	0.000000	0.355301	0.000000	101.147000	83.087600	86.059300	79.918800	73.325600	62.180700	74.579300	81.972000	87.759300	90.107000	82.704700	79.448500	75.125100	72.496100	68.144900	69.244900	67.638300	82.777700	102.688000	118.483000	0.353913	0.000000	0.293201	0.000000	0.240129	0.000000	47.362100	30.258400	35.487800	67.726700	81.106300	95.991900	77.662000	69.140400	61.858900	70.131600	61.577700	41.630200	51.346900	72.177100	84.204800	91.413200	103.315000	0.209039	0.000000	0.185550	0.000000	0.215551	0.000200	0.255002	0.053200	89.200400	125.743000	97.195700	78.047000	75.159000	75.039200	73.869800	72.614200	76.237900	73.994300	112.561000	130.666000	133.045000	0.261178	0.015500	0.263717	0.086200	0.266034	1.886500	0.262211	0.706300	50.268900	57.881600	56.099700	53.184200	57.261700	96.025100	125.127000	118.221000	101.458000	0.249766	0.174900	0.245301	1.425900	0.250374	0.239900	0.255970	0.000100	0.493750	0.000000	0.523428	0.000000	115.672000	127.612000	123.903000	109.392000	0.498647	0.000000	0.462247	0.000000	0.381965	0.000000	0.333237	0.000000	0.359929	0.000000	0.489836	0.000000	224.989000	0.000000	0.000000	0.000000	0.252126	0.000000	0.954450	5.734300	1.335770	1.539080	6.022130	39.102100	2.405390	208.030000	427.251000	15.657500	0.000000	0.560884	1.111410	2.239900	1.626940	2.740710	
;
param Prob0 :=
    1	1.000
;
set c[0,1] := 1;
set c[1,1] := 1;
set c[2,1] := 1;
set c[3,1] := 1;
set c[4,1] := 1;
set c[5,1] := 1;
set c[6,1] := 1;
set c[7,1] := 1;
set c[8,1] := 1;
set c[9,1] := 1;
set c[10,1] := 1;
set c[11,1] := 1;
set c[12,1] := 1;
set c[13,1] := 1;
set c[14,1] := 1;
set c[15,1] := 1;
set c[16,1] := 1;
set c[17,1] := 1;
set c[18,1] := 1;
set c[19,1] := 1;
set c[20,1] := 1;
set c[21,1] := 1;
set c[22,1] := 1;
set c[23,1] := 1;
set c[24,1] := 1;
set c[25,1] := 1;
set c[26,1] := 1;
set c[27,1] := 1;
set c[28,1] := 1;
set c[29,1] := 1;
set c[30,1] := 1;
set c[31,1] := 1;
set c[32,1] := 1;
set c[33,1] := 1;
set c[34,1] := 1;

