#erel:= 0.850;
#emax:= 0.000;
#q:= 0.000;
#nesce:=     1;
#etime:= 0.029;
#snodes:=    34;
param nS:=     1;
param nSG:=    34;
param nRVSG [*] :=
 1 24    5  2    9  2   13  2   17  2   21  9   25  2   29  2   33  2
 2 24    6  2   10  2   14  2   18  2   22  2   26  2   30  2   34 24
 3 24    7 20   11 17   15  2   19  2   23  2   27  2   31  2
 4 24    8  2   12  2   16 13   20  2   24  2   28  4   32  2
;

param ScenF [*] :=
  1  47.9836        59  78.8041       117  62.0624       175  83.7508
  2  73.2254        60  74.2731       118  70.4451       176  81.029
  3  70.6229        61  72.4778       119  81.3622       177  78.0987
  4  63.0095        62  69.0557       120  80.0687       178  96.5394
  5  55.6846        63  66.1972       121   0.0781718    179 109.895
  6  55.5829        64  68.1091       122   0            180 116.691
  7  64.8759        65  73.4621       123   0.122962     181  84.6393
  8  75.5821        66  81.6755       124   0            182   0.0899934
  9 101.775         67  95.8401       125   0.154638     183   0.6127
 10 101.465         68 111.758        126   0            184   0.0653675
 11  81.1039        69 112.883        127  50.8195       185   0.4741
 12  73.77          70 105.102        128  76.0484       186   0.0277424
 13  70.2735        71  89.936        129  74.6061       187   0.2494
 14  66.6804        72  89.4293       130  66.0305       188   0.0129128
 15  61.8454        73  50.9107       131  84.4399       189   0.0046
 16  56.538         74  76.7232       132  95.4667       190   0.0335437
 17  63.319         75  79.3633       133  94.1473       191   0
 18  77.328         76  80.438        134  80.5834       192   0.0454797
 19 100.62          77  75.6399       135  79.936        193   0
 20 119.945         78  82.1138       136  73.884        194 142.909
 21 116.405         79  89.6525       137  70.3266       195 121.914
 22 102.341         80  89.8021       138  67.2915       196 104.909
 23  89.1526        81 105.602        139  67.5064       197  96.8833
 24  82.9317        82 104.869        140  77.8778       198   0.0377713
 25  40.1681        83  99.5          141  91.6042       199   0
 26  60.6733        84  92.2444       142  96.1468       200   0.0462431
 27  71.592         85  75.9431       143  70.0037       201   0
 28  78.769         86  64.7579       144   0.164397     202   0.0882397
 29  82.7312        87  54.6248       145   0            203   0
 30  71.8794        88  50.6452       146   0.156287     204   0.140227
 31  61.6445        89  58.8299       147   0            205   0
 32  41.9949        90  77.5255       148   0.139759     206   0.176126
 33  38.1536        91  86.3748       149   0.0488       207   0
 34  54.8876        92 105.908        150   0.115687     208   0.393146
 35  76.1291        93 107.009        151   0.3346       209   3.12781
 36  72.1405        94  98.7097       152  68.0411       210  16.4601
 37  84.4472        95  90.9207       153  88.9349       211   1.34057
 38  74.2607        96  87.5969       154  77.7032       212   0
 39  66.9747        97   0.00431293   155  65.9054       213   0
 40  59.7877        98   0            156  58.577        214   0
 41  69.1905        99   0.0366974    157  58.5466       215   0
 42  67.2325       100   0            158  58.4605       216   0.132356
 43  86.502        101  55.9051       159  57.5153       217   1.0837
 44  20.4594       102  74.6788       160  53.1777       218   0
 45  18.3711       103  71.9577       161  60.1048       219   0
 46   8.31651      104  70.537        162  80.0006       220   0.510973
 47  11.0118       105  67.9004       163  88.46         221   4.16955
 48  14.6206       106  69.4422       164  77.0939       222   0.301808
 49  43.1445       107  68.9591       165   0.0915016    223   0
 50  79.8006       108  71.0581       166   0.5325       224  40.3984
 51  77.7946       109  99.491        167   0.0698298    225   5.9294
 52  74.364        110 108.358        168   0.6475       226   0
 53  65.8727       111 105.287        169   0.0725665    227   0.171484
 54  70.4068       112  89.3485       170   0.6957       228   0.233019
 55  75.4448       113  82.2713       171   0.0837954    229   0.58006
 56  84.207        114  80.4697       172   0.6837       230   0.531172
 57 101.287        115  67.6731       173  79.5699       231   0.761407
 58  96.2621       116  61.6679       174  84.268
;

param ScenO [*] :=
  1  90.78        59 114.17       117  93.3        175  90.78
  2  95.62        60  99.96       118 105.01       176  91.75
  3  87.99        61  92.54       119 114.14       177 105
  4  78.56        62  85.47       120 119.02       178 117.13
  5  76.2         63  92.1        121   0.034      179 127.98
  6  75.18        64  93.78       122   0          180 145.8
  7  76.46        65  94.75       123   0.035      181 154.15
  8  90.78        66 104.31       124   0          182   0.104
  9 101.11        67 115.5        125   0.027      183   0.129
 10 108.37        68 121.26       126   0          184   0.122
 11 108.45        69 122.18       127  93.78       185   0.073
 12  96.96        70 128.56       128  95.18       186   0.147
 13  90           71 122.02       129  94.45       187   0.026
 14  81.48        72 114.17       130  96.66       188   0.173
 15  90.1         73  90.73       131 105.11       189   0
 16  90.78        74  95.62       132 116.6        190   0.188
 17  91.75        75  93.09       133 116.4        191   0
 18 103.01        76  85.2        134 108.96       192   0.203
 19 111.61        77  81.2        135  96.08       193   0
 20 117.98        78  80.3        136  86.31       194 173.46
 21 121.5         79  81.36       137  89.99       195 128
 22 128.46        80  90.78       138  90.45       196 112.06
 23 122.02        81 104.55       139  91.75       197  96.81
 24 112.12        82 114.82       140 113.56       198   0.185
 25  16.48        83 114.37       141 116.4        199   0
 26  40.2         84 100.96       142 123.53       200   0.139
 27  39.32        85  96          143 125.46       201   0
 28  40.32        86  87.93       144   0.019      202   0.181
 29  40.32        87  96.08       145   0          203   0
 30  40.32        88  96.43       146   0.023      204   0.21
 31  40.32        89  96.08       147   0          205   0
 32  38.88        90 108.11       148   0.037      206   0.225
 33  15.4         91 115.8        149   0.019      207   0
 34  21.28        92 119.02       150   0.051      208   0.655761
 35  21.28        93 121.5        151   0.1        209   0.948128
 36  30           94 128.46       152  99.99       210   0.966019
 37  12           95 122.02       153 117.13       211   1.28029
 38  21.92        96 115.2        154 116.6        212   1.28242
 39  16.6         97   0.025      155 113.44       213   1.33759
 40  35.08        98   0          156  90          214   0.817421
 41  25.92        99   0.031      157  86.66       215   0.756554
 42  17.68       100   0          158  86.66       216   0.462269
 43   8.08       101  90.77       159  86.66       217   0.664298
 44   6.64       102 101.62       160  88.65       218   0.713232
 45   8          103 103.09       161 113.66       219   0.754744
 46  11.04       104  96.43       162 116.61       220   0.770778
 47   8.44       105  93          163 125          221   0.999018
 48   9.32       106  81.18       164 133.05       222   1.32597
 49  90.78       107  82.46       165   0.049      223   1.29368
 50  93.14       108  95.78       166   0.16       224   0.594005
 51  89.09       109 101.11       167   0.057      225   0.574993
 52  82.7        110 115.2        168   0.21       226   0.739808
 53  80.34       111 114.45       169   0.071      227   0.726988
 54  80.1        112 102.96       170   0.208      228   0.707737
 55  80.6        113  94.9        171   0.093      229   0.753308
 56  87          114  83.48       172   0.177      230   0.703491
 57 105.05       115  90.1        173  84.47       231   0.727167
 58 114.12       116  90.78       174  87.88
;

param Scen0 (tr)
 :    1	    2	    3	    4	    5	    6	    7	    8	    9	   10	   11	   12	   13	   14	   15	   16	   17	   18	   19	   20	   21	   22	   23	   24	   25	   26	   27	   28	   29	   30	   31	   32	   33	   34	   35	   36	   37	   38	   39	   40	   41	   42	   43	   44	   45	   46	   47	   48	   49	   50	   51	   52	   53	   54	   55	   56	   57	   58	   59	   60	   61	   62	   63	   64	   65	   66	   67	   68	   69	   70	   71	   72	   73	   74	   75	   76	   77	   78	   79	   80	   81	   82	   83	   84	   85	   86	   87	   88	   89	   90	   91	   92	   93	   94	   95	   96	   97	   98	   99	  100	  101	  102	  103	  104	  105	  106	  107	  108	  109	  110	  111	  112	  113	  114	  115	  116	  117	  118	  119	  120	  121	  122	  123	  124	  125	  126	  127	  128	  129	  130	  131	  132	  133	  134	  135	  136	  137	  138	  139	  140	  141	  142	  143	  144	  145	  146	  147	  148	  149	  150	  151	  152	  153	  154	  155	  156	  157	  158	  159	  160	  161	  162	  163	  164	  165	  166	  167	  168	  169	  170	  171	  172	  173	  174	  175	  176	  177	  178	  179	  180	  181	  182	  183	  184	  185	  186	  187	  188	  189	  190	  191	  192	  193	  194	  195	  196	  197	  198	  199	  200	  201	  202	  203	  204	  205	  206	  207	  208	  209	  210	  211	  212	  213	  214	  215	  216	  217	  218	  219	  220	  221	  222	  223	  224	  225	  226	  227	  228	  229	  230	  231	:=
    1	76.666000	62.272600	60.744600	43.510400	38.344800	29.895200	46.836500	58.079500	87.536200	93.371300	73.822900	70.878000	71.240800	65.086900	55.666200	53.780800	60.268500	88.884700	123.420000	121.865000	115.548000	104.721000	95.304900	93.799500	45.712200	64.003300	78.718200	93.919900	105.471000	91.494900	67.429900	51.061700	42.792200	58.619000	123.023000	98.832800	102.918000	95.619300	91.807800	86.094400	100.242000	75.001100	66.449200	8.412720	12.524300	8.881200	8.593040	18.621600	96.543800	86.626900	90.787400	77.926400	73.355200	60.948300	72.297800	85.024100	99.946200	106.389000	90.802400	85.708700	82.810000	79.331200	75.277000	77.974800	85.811000	105.811000	124.987000	118.520000	121.301000	119.164000	104.708000	108.296000	93.437700	86.878300	95.125300	89.927700	85.429500	80.656100	97.447200	99.925000	114.942000	122.052000	112.740000	102.785000	88.691800	75.068900	60.889100	63.361500	71.810100	120.298000	128.182000	143.485000	139.502000	133.739000	120.758000	124.446000	0.009934	0.000000	0.056417	0.000000	107.244000	90.422700	90.547700	82.646900	76.158300	65.226000	78.971500	86.968500	98.018800	102.316000	99.198500	88.772900	79.999700	76.454000	69.718000	69.576300	69.119400	85.535200	111.660000	129.461000	0.130653	0.000000	0.135208	0.000000	0.095176	0.000000	79.399700	69.175900	70.487800	94.940100	109.110000	125.123000	116.468000	107.204000	101.389000	107.111000	99.691200	80.402900	86.729400	101.526000	114.220000	117.043000	123.616000	0.059391	0.000000	0.005166	0.000000	0.000000	0.079600	0.000000	0.277900	83.079600	123.965000	93.407500	76.319200	74.889000	74.106700	73.227600	71.467400	74.377700	68.521500	101.066000	121.485000	126.098000	0.000000	0.759000	0.000000	1.374300	0.000000	1.593100	0.000000	0.587100	88.343700	94.659800	95.563100	95.447400	89.002100	123.249000	153.686000	151.312000	129.337000	0.000000	1.895600	0.000000	1.586300	0.000000	0.463900	0.000000	0.002200	0.000000	0.000000	0.000000	0.000000	154.612000	154.965000	142.540000	129.132000	0.000000	0.000000	0.000000	0.000000	0.045179	0.000000	0.115551	0.000000	0.159823	0.000000	0.933441	2.707000	27.578500	1.355440	0.000000	0.000000	0.365189	0.000000	0.153417	0.969494	0.925780	1.130030	0.679579	1.383320	2.299600	193.895000	0.000000	2.859660	0.000000	0.664461	0.644099	0.696769	0.728224	0.832313	
;
param Prob0 :=
    1	1.000
;
set c[0,1] := 1;
set c[1,1] := 1;
set c[2,1] := 1;
set c[3,1] := 1;
set c[4,1] := 1;
set c[5,1] := 1;
set c[6,1] := 1;
set c[7,1] := 1;
set c[8,1] := 1;
set c[9,1] := 1;
set c[10,1] := 1;
set c[11,1] := 1;
set c[12,1] := 1;
set c[13,1] := 1;
set c[14,1] := 1;
set c[15,1] := 1;
set c[16,1] := 1;
set c[17,1] := 1;
set c[18,1] := 1;
set c[19,1] := 1;
set c[20,1] := 1;
set c[21,1] := 1;
set c[22,1] := 1;
set c[23,1] := 1;
set c[24,1] := 1;
set c[25,1] := 1;
set c[26,1] := 1;
set c[27,1] := 1;
set c[28,1] := 1;
set c[29,1] := 1;
set c[30,1] := 1;
set c[31,1] := 1;
set c[32,1] := 1;
set c[33,1] := 1;
set c[34,1] := 1;

