1 0.1 16.264630000000004 18.769619666666664 16.29658200000001 16.163190000000004 20.192275 21.254574999999996 23.288812500000017 29.759999999999984 22.75 29.5765 38.62940625 51.12000000000049 50.930000000000135 42.0235625 46.73624999999999 42.18874999999999 39.04359999999999 43.643359999999994 40.3360625 29.053066666666663 33.91674166666667 33.987616666666675 27.61483916666667 35.75 
2 0.1 13.565183333333335 13.755060833333328 16.29658200000001 16.163190000000004 20.192275 21.9942 23.288812500000017 33.6000375 28.848007 25.893483333333336 33.34299 51.120000000000495 50.930000000000085 42.0235625 46.73624999999999 44.742292500000005 43.6755325 42.27010999999999 40.3360625 29.053066666666663 33.91674166666667 33.547614166666676 27.61483916666667 35.75 
3 0.1 13.565183333333335 13.755060833333328 16.29658200000001 16.163190000000004 20.192275 21.9942 23.28881250000002 33.6000375 28.848007000000003 25.893483333333336 33.34299 51.12000000000049 50.930000000000135 42.0235625 46.73624999999999 44.742292500000005 43.6755325 42.27010999999999 40.3360625 29.053066666666663 33.91674166666667 33.547614166666676 27.61483916666667 35.75 
4 0.1 13.565183333333335 12.542316666666666 16.29658200000001 16.163190000000004 22.888725000000004 23.26299257812501 31.720000000000034 37.18000000000001 28.848007000000003 24.776499999999995 40.103887500000006 51.12000000000049 50.93000000000012 51.9 46.73624999999999 42.18874999999999 39.04359999999999 43.643359999999994 40.3360625 29.053066666666663 33.91674166666667 33.987616666666675 30.526975000000007 35.75 
5 0.1 16.264630000000004 18.769619666666664 16.29658200000001 16.163190000000004 22.888725000000004 21.254574999999996 31.720000000000034 26.611056000000005 22.75 25.893483333333332 38.62940625 51.12000000000049 50.93000000000012 42.0235625 46.73624999999999 30.220408333333335 27.217295000000004 27.332291666666666 27.177605000000003 26.986783333333335 33.91674166666667 31.129233333333335 18.65109250000001 35.75 
6 0.1 16.264630000000004 18.769619666666664 16.296582000000008 16.163190000000004 22.888725000000004 21.254574999999996 31.720000000000034 26.611056000000005 22.75 25.893483333333336 38.62940625 51.12000000000049 50.93000000000012 42.0235625 46.73624999999999 30.220408333333335 27.217295000000004 27.332291666666666 27.177605000000003 26.986783333333335 33.91674166666667 31.129233333333335 18.65109250000001 35.75 
7 0.1 16.264630000000004 18.769619666666664 16.29658200000001 16.163190000000004 22.888725000000004 21.254574999999996 31.720000000000013 26.611056000000005 22.75 25.893483333333332 38.62940625 51.12000000000049 50.93000000000012 42.0235625 46.73624999999999 30.220408333333335 27.217295000000004 27.332291666666666 27.177605000000003 26.986783333333335 33.91674166666667 31.129233333333335 18.65109250000001 35.75 
8 0.1 16.264630000000004 18.769619666666664 16.29658200000001 16.163190000000004 22.888725000000004 21.254574999999996 31.720000000000006 26.611056000000016 22.75 25.893483333333332 38.62940625 51.12000000000049 50.93000000000013 42.0235625 46.73624999999999 30.220408333333335 27.217295000000004 27.332291666666666 27.177605000000003 26.986783333333335 33.91674166666667 31.129233333333335 18.65109250000001 35.75 
9 0.1 13.565183333333335 13.755060833333328 16.29658200000001 16.163190000000004 20.192275 21.9942 23.288812500000017 33.6000375 28.848007 25.893483333333332 33.34299 51.12000000000049 50.93000000000009 42.0235625 46.73624999999999 44.742292500000005 43.6755325 42.27010999999999 40.3360625 29.053066666666663 33.91674166666667 33.547614166666676 27.61483916666667 35.75 
10 0.1 16.264630000000004 10.891666666666667 12.598275000000001 13.397944166666669 13.36670416666667 14.632758333333335 23.288812500000017 22.239484166666653 24.37284166666667 25.893483333333332 40.103887500000006 51.12000000000003 50.930000000000135 51.9 51.110000000000014 49.330000000000034 43.6755325 43.643359999999994 40.3360625 26.986783333333335 26.882808333333337 31.129233333333342 18.65109250000001 35.75 
