#erel:= 0.850;
#emax:= 2510.098;
#q:= 0.000;
#nesce:=     9;
#etime:= 0.052;
#snodes:=   245;
param nS:=    10;
param nSG:=    34;
param nRVSG [*] :=
 1 24    5  2    9  2   13  2   17  2   21  9   25  2   29  2   33  2
 2 24    6  2   10  2   14  2   18  2   22  2   26  2   30  2   34 24
 3 24    7 20   11 17   15  2   19  2   23  2   27  2   31  2
 4 24    8  2   12  2   16 13   20  2   24  2   28  4   32  2
;

param ScenF [*] :=
  1  53.982       59  99.8685     117  83.646      175  63.7054
  2  80.4843      60 101.075      118  84.8515     176  53.0916
  3  76.8461      61  96.9768     119 106.055      177  54.0632
  4  67.5469      62  96.0773     120 104.2        178  81.5164
  5  59.8074      63  91.7821     121   0.385602   179 109.393
  6  60.4964      64  91.9069     122   0          180 124.62
  7  77.2389      65  88.5077     123   0.380181   181  87.5617
  8  95.13        66  88.5702     124   0          182   0.316443
  9 123.677       67 102.646      125   0.37617    183   0.5288
 10 119.908       68 122.847      126   0          184   0.330915
 11 106.723       69 126.166      127  43.6193     185   0.4233
 12 108.548       70 120.812      128  75.4228     186   0.347056
 13 108.064       71 113.671      129  75.9512     187   0.1605
 14 105.98        72  97.6998     130  74.892      188   0.371978
 15  99.1495      73  58.7445     131 105.531      189   0
 16  89.0365      74  85.8641     132 116.106      190   0.382304
 17  87.9362      75  77.0381     133 107.341      191   0
 18  97.2374      76  69.2192     134  92.6141     192   0.361412
 19 119.986       77  70.4999     135  94.467      193   0
 20 141.916       78  73.6424     136  88.8795     194 117.433
 21 147.374       79  81.6799     137  83.4464     195  87.5988
 22 132.08        80  88.8774     138  81.8368     196  70.9149
 23 122.227       81 103.585      139  85.2809     197  56.9352
 24 103.847       82  99.6651     140 104.52       198   0.34352
 25  42.196       83 125.389      141 117.402      199   0
 26  56.79        84 126.75       142 122.663      200   0.325378
 27  66.8906      85 117.318      143  87.3786     201   0
 28  72.781       86 123.33       144   0.359784   202   0.300314
 29  75.4488      87 128.073      145   0          203   0
 30  66.1925      88 118.198      146   0.345797   204   0.268595
 31  61.8594      89 116.693      147   0          205   0
 32  39.1399      90 102.398      148   0.338163   206   0.234541
 33  28.3966      91 109.013      149   0.0441     207   0
 34  34.0775      92 130.574      150   0.298088   208   0.164682
 35  51.599       93 120.063      151   0.1946     209   0
 36  52.2848      94  94.2093     152  85.9231     210   0
 37  71.4893      95  90.8186     153 115.919      211   0
 38  73.1575      96  92.3217     154 110.031      212   2.34878
 39  68.009       97   0.397199   155 101.11       213   0.535996
 40  63.0174      98   0          156  97.0717     214   0
 41  69.3785      99   0.395982   157  98.2443     215   0.847386
 42  64.015      100   0          158  99.6403     216   0.475572
 43  76.2584     101  66.8706     159  98.1503     217   0.747861
 44  18.8311     102  90.101      160  92.1366     218   3.55524
 45  23.896      103  86.8805     161  95.7297     219   3.08086
 46  13.2868     104  84.6467     162 113.671      220   3.36171
 47  11.574      105  78.6636     163 127.606      221   0
 48   9.83406    106  75.9002     164 110.949      222   0.630868
 49  32.5738     107  78.756      165   0.251252   223   0
 50  61.9179     108  84.9991     166   0.3345     224  16.8765
 51  60.5974     109 116.156      167   0.22839    225   7.78051
 52  54.5187     110 121.245      168   0.5534     226   0.853808
 53  46.7037     111 113.41       169   0.249599   227   0.403372
 54  48.5247     112  98.7459     170   0.6157     228   0.241864
 55  60.6583     113  89.5628     171   0.284393   229   0.375787
 56  76.9355     114  95.9334     172   0.6346     230   0.48357
 57 112.844      115  90.5354     173  59.8065     231   0.557394
 58 120.605      116  85.2673     174  63.9682
;

param ScenO [*] :=
  1 65           48 31.8         95 61.01       142 55.12       189  0.003
  2 37.94        49 65           96 51.99       143 68.57       190  0.768
  3 16.66        50 22.95        97  0.38       144  0.501      191  0
  4 14.72        51  7.47        98  0          145  0          192  0.708
  5  4.3         52  0.72        99  0.331      146  0.525      193  0
  6  4.3         53  0          100  0          147  0          194 74.4
  7  4.3         54  0.2        101 70          148  0.513      195 73.4
  8  4.3         55  0          102 37.95       149  0          196 47.37
  9  5           56  0          103 16.66       150  0.488      197 38.98
 10 14.81        57  2          104  7.99       151  0.076      198  0.691
 11 14           58 13.81       105  6.3        152 15          199  0
 12  5           59 16          106  4.3        153 14.81       200  0.756
 13  4.3         60 11.9        107  4.3        154 21          201  0
 14  4.3         61  9.3        108 13.98       155 16.66       202  0.778
 15  4.3         62  4.3        109 14          156 15          203  0
 16  4.3         63  4.3        110 16.66       157 10          204  0.731
 17  4.3         64  4.3        111 19          158  7.39       205  0
 18 16.66        65  5.81       112 15          159  9.3        206  0.73
 19 39.98        66 16.66       113 14          160  9.3        207  0
 20 47.5         67 39.98       114 13.98       161 18          208  0.787846
 21 62.29        68 47.5        115 12.3        162 50.97       209  1.89246
 22 63.37        69 62.29       116 12.3        163 55.12       210  0.358944
 23 58           70 63.37       117 10.3        164 68.52       211  0.003397
 24 46.5         71 58          118 18.93       165  0.488      212  0.260465
 25 68.64        72 47.99       119 50.59       166  0.346      213  0.027907
 26 43.44        73 65          120 56.89       167  0.59       214  0.023256
 27 38.24        74 22.94       121  0.286      168  0.526      215 11.407
 28 43.28        75 12.36       122  0          169  0.64       216  5.958
 29 48.4         76  5          123  0.294      170  0.553      217  4.24646
 30 48.64        77  4.8        124  0          171  0.695      218  4.91429
 31 48.64        78  4.3        125  0.358      172  0.571      219  0.68
 32 48.64        79  4.3        126  0          173 14          220 12.4372
 33 48.28        80  4.3        127 75.01       174 14          221  0.388372
 34 56.56        81  5          128 13.98       175 14          222  0.102326
 35 74.48        82 16.29       129 10.49       176 14.3        223  0.551163
 36 78.76        83 16.66       130 14          177 17.99       224 14.7349
 37 45.8         84 14          131 14          178 42.2        225  0.028812
 38 40.8         85 13.98       132 17.45       179 51.62       226  0.33942
 39 43.72        86 13.98       133 20          180 69          227  0.220842
 40 47.24        87 13.98       134 16.66       181 70          228  1.26569
 41 79.24        88 13.98       135 14          182  0.72       229  0.40445
 42 72.6         89 13.98       136 10.49       183  0.498      230  0.416207
 43 35.44        90 18.33       137 10.49       184  0.723      231  0.363871
 44 32.2         91 50.49       138  9.3        185  0.39
 45 27.16        92 53.03       139  9.8        186  0.826
 46 25.52        93 64.69       140 18.33       187  0.176
 47 29.24        94 66.37       141 50.59       188  0.821
;

param Scen0 (tr)
 :    1	    2	    3	    4	    5	    6	    7	    8	    9	   10	   11	   12	   13	   14	   15	   16	   17	   18	   19	   20	   21	   22	   23	   24	   25	   26	   27	   28	   29	   30	   31	   32	   33	   34	   35	   36	   37	   38	   39	   40	   41	   42	   43	   44	   45	   46	   47	   48	   49	   50	   51	   52	   53	   54	   55	   56	   57	   58	   59	   60	   61	   62	   63	   64	   65	   66	   67	   68	   69	   70	   71	   72	   73	   74	   75	   76	   77	   78	   79	   80	   81	   82	   83	   84	   85	   86	   87	   88	   89	   90	   91	   92	   93	   94	   95	   96	   97	   98	   99	  100	  101	  102	  103	  104	  105	  106	  107	  108	  109	  110	  111	  112	  113	  114	  115	  116	  117	  118	  119	  120	  121	  122	  123	  124	  125	  126	  127	  128	  129	  130	  131	  132	  133	  134	  135	  136	  137	  138	  139	  140	  141	  142	  143	  144	  145	  146	  147	  148	  149	  150	  151	  152	  153	  154	  155	  156	  157	  158	  159	  160	  161	  162	  163	  164	  165	  166	  167	  168	  169	  170	  171	  172	  173	  174	  175	  176	  177	  178	  179	  180	  181	  182	  183	  184	  185	  186	  187	  188	  189	  190	  191	  192	  193	  194	  195	  196	  197	  198	  199	  200	  201	  202	  203	  204	  205	  206	  207	  208	  209	  210	  211	  212	  213	  214	  215	  216	  217	  218	  219	  220	  221	  222	  223	  224	  225	  226	  227	  228	  229	  230	  231	:=
    1	90.378200	81.542600	77.614900	71.554100	64.540400	57.658100	83.252300	98.205100	118.735000	113.713000	108.496000	108.578000	114.952000	114.600000	106.721000	97.415400	93.616000	91.787800	122.701000	123.290000	140.975000	122.425000	117.730000	109.780000	33.373300	40.806800	44.443400	50.649400	50.282600	38.956400	41.125400	19.978400	9.841000	0.000000	61.659700	40.042200	61.966300	66.396400	88.259400	81.924600	87.544600	96.346800	77.976000	38.127500	45.113200	16.959400	12.067900	36.512700	76.776800	54.004500	54.441200	49.837100	44.447300	30.684900	58.184500	78.373100	96.406900	102.073000	99.607500	102.679000	97.079500	97.312200	100.615000	96.677600	93.193500	80.270500	112.039000	110.511000	128.784000	113.974000	113.286000	109.678000	75.299100	83.867500	78.331000	67.141000	66.241300	71.249900	84.560300	96.091700	108.988000	79.434500	122.309000	124.278000	115.539000	121.654000	127.105000	116.271000	118.881000	83.399200	94.495800	108.630000	88.832400	64.455600	64.247900	64.520300	0.404924	0.000000	0.420776	0.000000	95.721600	92.763300	91.004300	86.587700	83.731800	78.211900	98.720000	109.516000	113.920000	91.131700	103.225000	90.479100	77.583000	84.997400	85.706200	78.570600	65.959700	88.479300	98.067400	104.743000	0.440809	0.000000	0.400286	0.000000	0.338114	0.000000	55.949700	58.149000	70.788400	73.950300	89.328300	81.097800	76.828100	79.466400	76.053700	72.923800	74.136100	65.295000	70.755400	95.796400	111.750000	127.150000	120.799000	0.279910	0.000000	0.216989	0.000000	0.172765	0.038600	0.123877	0.222800	107.314000	124.611000	132.003000	106.504000	66.576600	86.425200	108.365000	85.061900	68.624700	76.118500	133.405000	148.825000	148.169000	0.077776	0.771200	0.066495	0.285400	0.114748	2.091100	0.167340	3.942400	84.859100	10.741800	26.953900	18.415700	28.763300	39.910900	83.026100	112.847000	120.426000	0.204998	2.738600	0.229140	0.489200	0.239548	0.287700	0.247889	0.000000	0.389555	0.000000	0.353673	0.000000	108.488000	79.872600	61.509500	50.455800	0.331602	0.000000	0.325697	0.000000	0.348249	0.000000	0.345009	0.000000	0.285863	0.000000	0.389034	0.000000	13.954600	0.000000	1.440710	0.000000	0.401316	0.000000	0.375857	0.437336	3.241020	2.256610	3.939750	3.203020	0.825922	37.145200	6.939150	0.000000	3.822280	0.918306	0.477200	0.382942	0.483806	0.283351	
    2	90.378200	81.542600	77.614900	71.554100	64.540400	57.658100	83.252300	98.205100	118.735000	113.713000	108.496000	108.578000	114.952000	114.600000	106.721000	97.415400	93.616000	91.787800	122.701000	123.290000	140.975000	122.425000	117.730000	109.780000	33.373300	40.806800	44.443400	50.649400	50.282600	38.956400	41.125400	19.978400	9.841000	0.000000	61.659700	40.042200	61.966300	66.396400	88.259400	81.924600	87.544600	96.346800	77.976000	38.127500	45.113200	16.959400	12.067900	36.512700	76.776800	54.004500	54.441200	49.837100	44.447300	30.684900	58.184500	78.373100	96.406900	102.073000	99.607500	102.679000	97.079500	97.312200	100.615000	96.677600	93.193500	80.270500	112.039000	110.511000	128.784000	113.974000	113.286000	109.678000	83.686000	86.727700	80.978300	79.003100	80.252600	68.174000	86.487200	98.184100	101.001000	101.284000	122.921000	120.904000	114.385000	123.275000	135.945000	125.536000	116.946000	88.309400	113.264000	118.833000	116.433000	82.153300	84.040400	95.973400	0.409037	0.000000	0.422278	0.000000	101.851000	91.062900	89.590900	88.118700	75.885500	74.475100	91.335100	100.670000	103.960000	106.505000	112.599000	100.364000	88.477300	94.286500	92.849900	89.951000	86.473400	79.766300	112.359000	120.468000	0.420720	0.000000	0.417208	0.000000	0.404167	0.000000	37.709900	45.844100	55.694000	77.179300	99.965600	118.976000	104.140000	86.325200	82.538600	82.837600	70.934500	67.936100	55.064600	98.762500	109.734000	117.473000	121.015000	0.363934	0.000000	0.342499	0.000000	0.334631	0.062900	0.308702	0.030600	63.404600	95.400000	95.203100	101.078000	104.510000	103.242000	103.407000	97.250000	94.042400	91.110300	119.489000	118.002000	123.745000	0.289315	0.370500	0.260315	0.330500	0.257728	0.477700	0.270975	4.141800	55.046000	50.072500	47.085900	42.928000	45.744800	100.198000	110.220000	93.609400	123.057000	0.278100	0.833000	0.221445	2.177500	0.218471	0.122900	0.243744	0.000000	0.273915	0.000000	0.285872	0.000000	105.565000	77.425100	71.828500	60.975100	0.284490	0.000000	0.256075	0.000000	0.204938	0.000000	0.154772	0.000000	0.122482	0.000000	0.316281	0.560121	16.032000	0.281674	1.560620	0.000000	0.845334	0.000000	0.680126	0.976167	4.497090	4.542130	4.725790	2.350730	1.392240	3.836250	12.299400	2.898830	1.096100	0.890649	0.834799	0.756392	0.631089	0.443041	
    3	59.430000	68.490900	65.357700	55.867700	49.576400	69.879400	80.182400	100.488000	138.065000	131.493000	121.902000	113.579000	108.670000	114.482000	101.385000	81.805100	76.696500	93.537400	105.789000	125.436000	138.459000	134.903000	116.472000	100.029000	54.566000	51.088600	62.807400	71.326700	72.531700	53.403500	56.308100	22.173500	20.220800	21.088100	21.483800	51.807400	35.787600	63.430800	61.918600	44.175700	47.471200	74.156000	75.977800	29.518400	19.851100	0.140015	4.820720	6.110530	54.377700	50.652900	53.822400	44.201700	35.461200	47.194600	54.980600	74.566900	109.159000	118.135000	107.100000	97.271300	87.386800	90.844200	81.873400	71.129800	68.445700	75.376700	86.296100	98.287600	112.654000	117.540000	105.111000	91.414600	72.343600	70.420700	69.937100	55.696800	53.626300	75.171900	82.379700	92.173100	111.037000	118.485000	139.814000	131.366000	116.065000	122.232000	127.690000	114.745000	106.403000	97.658700	110.328000	120.462000	119.267000	105.065000	93.836400	97.290800	0.391780	0.000000	0.377130	0.000000	70.907500	76.827800	80.962400	65.467000	57.483000	80.848200	89.583600	98.111600	128.370000	132.540000	119.479000	103.616000	90.338000	88.029700	84.577000	74.995400	71.322300	78.434600	101.703000	110.293000	0.354439	0.000000	0.297574	0.000000	0.241819	0.000000	52.880000	77.478100	74.047600	70.034200	91.938300	105.239000	108.313000	97.825800	98.797000	95.755100	89.035600	84.021000	84.897500	101.079000	119.760000	126.207000	113.433000	0.374745	0.000000	0.368466	0.000000	0.356139	0.042100	0.358390	0.393100	109.776000	120.201000	75.020600	88.895100	94.760300	106.950000	113.537000	112.555000	100.623000	84.335100	103.506000	113.040000	107.574000	0.356629	1.139300	0.382174	0.907700	0.445158	0.377000	0.502314	0.327100	76.346500	81.360000	80.902400	80.688200	74.391400	117.771000	105.153000	110.523000	114.561000	0.536707	3.950600	0.551011	0.260700	0.545751	0.051000	0.520826	0.000000	0.528124	0.000000	0.524422	0.000000	127.629000	92.775600	92.159700	66.077100	0.502214	0.000000	0.464038	0.000000	0.421175	0.000000	0.390880	0.000000	0.374034	0.000000	0.054279	0.000000	0.000000	0.000000	0.668993	0.000000	0.655330	0.092735	0.574520	1.220770	4.938540	4.758690	6.322500	3.411300	0.844895	0.000000	13.748700	4.326520	0.610411	0.621122	0.507968	0.525603	0.393266	0.284900	
    4	59.430000	68.490900	65.357700	55.867700	49.576400	69.879400	80.182400	100.488000	138.065000	131.493000	121.902000	113.579000	108.670000	114.482000	101.385000	81.805100	76.696500	93.537400	105.789000	125.436000	138.459000	134.903000	116.472000	100.029000	54.566000	51.088600	62.807400	71.326700	72.531700	53.403500	56.308100	22.173500	20.220800	21.088100	21.483800	51.807400	35.787600	63.430800	61.918600	44.175700	47.471200	74.156000	75.977800	29.518400	19.851100	0.140015	4.820720	6.110530	54.377700	50.652900	53.822400	44.201700	35.461200	47.194600	54.980600	74.566900	109.159000	118.135000	107.100000	97.271300	87.386800	90.844200	81.873400	71.129800	68.445700	75.376700	86.296100	98.287600	112.654000	117.540000	105.111000	91.414600	72.343600	70.420700	69.937100	55.696800	53.626300	75.171900	82.379700	92.173100	111.037000	118.485000	139.814000	131.366000	116.065000	122.232000	127.690000	114.745000	106.403000	97.658700	110.328000	120.462000	119.267000	105.065000	93.836400	97.290800	0.391780	0.000000	0.377130	0.000000	74.824700	82.383600	89.287000	86.604800	83.155300	85.008400	108.018000	119.626000	123.010000	118.252000	127.312000	94.870800	88.284400	83.298600	74.787300	78.240200	74.728300	62.944600	100.869000	124.293000	0.280023	0.000000	0.250096	0.000000	0.216594	0.000000	44.750400	60.308200	68.144700	87.944300	92.685300	85.379200	97.124100	93.959100	94.252300	101.150000	96.268100	75.270900	79.038200	101.128000	107.624000	115.648000	94.044800	0.180233	0.000000	0.168638	0.000000	0.165725	0.091000	0.127940	0.554000	114.831000	123.133000	121.846000	109.997000	112.526000	108.301000	113.551000	103.458000	100.399000	104.947000	111.874000	127.289000	113.102000	0.099081	1.052600	0.099536	0.184700	0.123056	0.402700	0.155379	1.334300	68.263500	73.105500	68.091800	63.657100	69.751900	94.398600	106.233000	110.123000	80.001200	0.201085	0.438900	0.246278	0.318900	0.300394	0.107500	0.350324	0.000000	0.405590	0.000000	0.437942	0.000000	126.048000	90.531200	70.437200	43.581100	0.385242	0.000000	0.266640	0.000000	0.183408	0.000000	0.139704	0.000000	0.095066	0.000000	0.000000	0.000000	0.000000	0.000000	2.520600	0.000000	1.050880	2.285710	0.701811	1.442450	4.818460	3.649990	5.036860	3.370960	0.633849	26.354100	7.009710	6.483980	0.900745	0.405345	0.127057	0.838102	0.467251	0.252408	
    5	92.225700	91.766900	84.289000	71.690600	62.597000	64.292300	89.105600	97.467200	136.774000	130.852000	113.041000	108.037000	114.304000	101.157000	95.556500	87.095900	97.982300	97.292100	126.523000	133.042000	151.370000	133.298000	108.323000	91.253600	55.221500	58.541100	102.442000	107.548000	103.873000	100.177000	78.681400	47.086000	31.882100	47.228900	64.951300	60.891000	74.654100	78.097700	75.713200	68.399800	74.154200	64.623200	71.439500	17.935600	16.336300	6.372470	12.750300	17.006800	84.346600	79.888700	75.831800	67.343900	59.800800	53.257300	72.026900	83.076200	122.474000	128.771000	110.395000	110.027000	108.632000	98.745500	95.072100	93.303500	85.115900	84.201200	112.838000	115.468000	135.647000	121.986000	104.129000	88.081900	81.445100	99.564400	93.379000	84.604500	81.839600	82.544700	83.997100	100.854000	117.061000	117.218000	141.962000	138.089000	124.859000	125.796000	126.500000	124.308000	108.690000	102.960000	114.163000	118.292000	109.467000	76.125900	73.960500	80.020700	0.388758	0.000000	0.372363	0.000000	96.200700	90.082700	77.122000	76.731400	64.813500	61.921700	76.090800	91.123500	104.207000	107.236000	115.017000	117.883000	114.415000	114.834000	106.759000	110.237000	95.839600	97.621000	122.390000	116.667000	0.375267	0.000000	0.406271	0.000000	0.449471	0.000000	61.429200	55.937200	77.729500	93.264800	101.779000	107.249000	103.688000	96.040600	89.969000	89.074100	81.563500	77.819300	74.658200	89.886400	104.240000	109.072000	119.013000	0.470171	0.000000	0.443604	0.000000	0.398209	0.023200	0.311272	0.108700	104.177000	125.371000	100.114000	104.663000	116.778000	80.248200	88.610400	82.098300	73.036000	86.755600	103.602000	112.859000	112.569000	0.216601	0.276900	0.167954	0.217500	0.360049	0.243200	0.399441	0.186400	42.948700	50.461600	36.355700	31.696100	66.645600	66.054100	75.691300	111.442000	128.352000	0.435468	0.209300	0.479758	0.295300	0.528383	0.186800	0.555707	0.000000	0.542959	0.000000	0.526293	0.000000	96.946800	115.009000	107.365000	83.267400	0.511181	0.000000	0.508517	0.000000	0.497723	0.000000	0.458496	0.000000	0.441933	0.000000	0.030117	0.000000	0.000000	0.000000	4.651600	0.015423	0.865657	4.660680	0.700095	0.209056	2.913370	3.179150	3.813960	2.237260	0.816458	59.516200	16.894300	4.213670	0.742780	0.725994	0.820698	0.376230	0.461733	0.398959	
    6	91.284100	79.511100	80.835600	71.202600	64.545900	64.838100	76.288500	95.047600	122.834000	120.898000	111.962000	98.169400	100.323000	98.201100	91.593500	79.243000	112.749000	117.229000	133.916000	147.212000	156.650000	141.122000	128.739000	112.685000	43.163200	49.628000	69.813700	78.922400	82.688200	75.651400	66.141600	39.051100	34.903600	38.304300	58.225300	45.922400	98.258200	99.184600	95.460400	58.867400	70.641600	61.122300	78.960900	25.927200	24.928600	14.938100	15.701400	25.360800	86.949100	52.597900	54.848400	50.919000	43.819200	44.976000	62.597700	80.491000	107.215000	121.151000	113.294000	108.926000	98.588500	96.214700	93.202300	89.915200	87.003800	89.772400	103.109000	122.570000	152.827000	143.088000	138.063000	124.196000	77.746300	81.181500	74.512600	68.424700	70.309700	66.141900	84.102100	99.723900	106.423000	107.247000	94.054900	106.568000	99.462300	106.638000	108.242000	103.155000	100.538000	85.579200	122.681000	156.224000	131.869000	115.539000	100.151000	115.701000	0.395241	0.000000	0.379478	0.000000	95.998700	94.157700	91.714300	90.473300	77.694900	77.038000	99.142200	113.537000	119.193000	103.104000	105.950000	99.959000	97.060200	98.844200	100.019000	99.712600	89.417500	80.438000	112.010000	119.592000	0.419324	0.000000	0.407938	0.000000	0.381702	0.000000	47.237500	42.655000	42.964100	68.153500	96.942500	116.613000	110.287000	100.608000	90.821100	81.593500	74.048500	67.004000	68.955400	89.408800	93.840700	97.462400	94.536500	0.365195	0.000000	0.330230	0.000000	0.283364	0.035800	0.202874	0.254900	128.111000	98.306500	83.137900	102.048000	64.349900	66.065800	53.441600	42.236600	45.965700	50.191200	60.311400	82.229300	103.122000	0.112467	1.272200	0.066606	0.257700	0.092434	0.341100	0.151000	0.275400	93.644000	94.340800	92.527800	65.895500	91.892000	98.802300	114.049000	116.532000	114.227000	0.213228	0.320800	0.240552	1.140800	0.246966	0.167300	0.252307	0.000000	0.265430	0.000000	0.294189	0.000000	134.620000	110.924000	103.838000	56.375200	0.340639	0.000000	0.382946	0.000000	0.359907	0.000000	0.274610	0.000000	0.185283	0.000000	0.096900	0.000000	1.457300	0.000000	2.383720	0.000000	0.868767	0.944123	0.690842	1.124740	5.672990	5.571600	5.950780	1.186810	0.519107	34.001000	8.452680	0.063727	0.755898	0.642527	0.478585	0.545557	0.402113	0.349484	
    7	91.284100	79.511100	80.835600	71.202600	64.545900	64.838100	76.288500	95.047600	122.834000	120.898000	111.962000	98.169400	100.323000	98.201100	91.593500	79.243000	112.749000	117.229000	133.916000	147.212000	156.650000	141.122000	128.739000	112.685000	43.163200	49.628000	69.813700	78.922400	82.688200	75.651400	66.141600	39.051100	34.903600	38.304300	58.225300	45.922400	98.258200	99.184600	95.460400	58.867400	70.641600	61.122300	78.960900	25.927200	24.928600	14.938100	15.701400	25.360800	86.949100	52.597900	54.848400	50.919000	43.819200	44.976000	62.597700	80.491000	107.215000	121.151000	113.294000	108.926000	98.588500	96.214700	93.202300	89.915200	87.003800	89.772400	103.109000	122.570000	152.827000	143.088000	138.063000	124.196000	77.746300	81.181500	74.512600	68.424700	70.309700	66.141900	84.102100	99.723900	106.423000	107.247000	94.054900	106.568000	99.462300	106.638000	108.242000	103.155000	100.538000	85.579200	122.681000	156.224000	131.869000	115.539000	100.151000	115.701000	0.395241	0.000000	0.379478	0.000000	95.998700	94.157700	91.714300	90.473300	77.694900	77.038000	99.142200	113.537000	119.193000	103.104000	105.950000	99.959000	97.060200	98.844200	100.019000	99.712600	89.417500	80.438000	112.010000	119.592000	0.419324	0.000000	0.407938	0.000000	0.381702	0.000000	47.237500	42.655000	42.964100	68.153500	96.942500	116.613000	110.287000	100.608000	90.821100	81.593500	74.048500	67.004000	68.955400	89.408800	93.840700	97.462400	94.536500	0.365195	0.000000	0.330230	0.000000	0.283364	0.035800	0.202874	0.254900	128.111000	98.306500	83.137900	102.048000	64.349900	66.065800	53.441600	42.236600	45.965700	50.191200	60.311400	82.229300	103.122000	0.112467	1.272200	0.066606	0.257700	0.092434	0.341100	0.151000	0.275400	93.644000	94.340800	92.527800	65.895500	91.892000	98.802300	114.049000	116.532000	114.227000	0.213228	0.320800	0.240552	1.140800	0.246966	0.167300	0.252307	0.000000	0.265430	0.000000	0.294189	0.000000	134.620000	110.924000	103.838000	56.375200	0.340639	0.000000	0.382946	0.000000	0.359907	0.000000	0.274610	0.000000	0.185283	0.000000	0.096900	0.000000	1.457300	0.000000	2.383720	0.000000	0.868767	0.944123	0.690842	1.124740	5.672990	5.571600	5.950780	1.186810	0.519107	34.001000	8.452680	0.063727	0.755898	0.642527	0.478585	0.545557	0.402113	0.349484	
    8	92.225700	91.766900	84.289000	71.690600	62.597000	64.292300	89.105600	97.467200	136.774000	130.852000	113.041000	108.037000	114.304000	101.157000	95.556500	87.095900	97.982300	97.292100	126.523000	133.042000	151.370000	133.298000	108.323000	91.253600	55.221500	58.541100	102.442000	107.548000	103.873000	100.177000	78.681400	47.086000	31.882100	47.228900	64.951300	60.891000	74.654100	78.097700	75.713200	68.399800	74.154200	64.623200	71.439500	17.935600	16.336300	6.372470	12.750300	17.006800	84.346600	79.888700	75.831800	67.343900	59.800800	53.257300	72.026900	83.076200	122.474000	128.771000	110.395000	110.027000	108.632000	98.745500	95.072100	93.303500	85.115900	84.201200	112.838000	115.468000	135.647000	121.986000	104.129000	88.081900	81.445100	99.564400	93.379000	84.604500	81.839600	82.544700	83.997100	100.854000	117.061000	117.218000	141.962000	138.089000	124.859000	125.796000	126.500000	124.308000	108.690000	102.960000	114.163000	118.292000	109.467000	76.125900	73.960500	80.020700	0.388758	0.000000	0.372363	0.000000	96.200700	90.082700	77.122000	76.731400	64.813500	61.921700	76.090800	91.123500	104.207000	107.236000	115.017000	117.883000	114.415000	114.834000	106.759000	110.237000	95.839600	97.621000	122.390000	116.667000	0.375267	0.000000	0.406271	0.000000	0.449471	0.000000	61.429200	55.937200	77.729500	93.264800	101.779000	107.249000	103.688000	96.040600	89.969000	89.074100	81.563500	77.819300	74.658200	89.886400	104.240000	109.072000	119.013000	0.470171	0.000000	0.443604	0.000000	0.398209	0.023200	0.311272	0.108700	104.177000	125.371000	100.114000	104.663000	116.778000	80.248200	88.610400	82.098300	73.036000	86.755600	103.602000	112.859000	112.569000	0.216601	0.276900	0.167954	0.217500	0.360049	0.243200	0.399441	0.186400	42.948700	50.461600	36.355700	31.696100	66.645600	66.054100	75.691300	111.442000	128.352000	0.435468	0.209300	0.479758	0.295300	0.528383	0.186800	0.555707	0.000000	0.542959	0.000000	0.526293	0.000000	116.624000	92.080700	74.550500	59.493700	0.321135	0.000000	0.276003	0.000000	0.247491	0.000000	0.216787	0.000000	0.182792	0.000000	0.000000	0.000000	3.715910	0.000000	0.887018	0.000000	0.861368	2.431130	0.660320	0.558563	2.590380	1.966420	3.023070	2.739230	1.388430	84.552700	9.392370	5.482650	1.874570	0.159970	0.235561	0.488420	0.379745	0.438902	
    9	91.284100	79.511100	80.835600	71.202600	64.545900	64.838100	76.288500	95.047600	122.834000	120.898000	111.962000	98.169400	100.323000	98.201100	91.593500	79.243000	112.749000	117.229000	133.916000	147.212000	156.650000	141.122000	128.739000	112.685000	43.163200	49.628000	69.813700	78.922400	82.688200	75.651400	66.141600	39.051100	34.903600	38.304300	58.225300	45.922400	98.258200	99.184600	95.460400	58.867400	70.641600	61.122300	78.960900	25.927200	24.928600	14.938100	15.701400	25.360800	86.949100	52.597900	54.848400	50.919000	43.819200	44.976000	62.597700	80.491000	107.215000	121.151000	113.294000	108.926000	98.588500	96.214700	93.202300	89.915200	87.003800	89.772400	103.109000	122.570000	152.827000	143.088000	138.063000	124.196000	77.746300	81.181500	74.512600	68.424700	70.309700	66.141900	84.102100	99.723900	106.423000	107.247000	94.054900	106.568000	99.462300	106.638000	108.242000	103.155000	100.538000	85.579200	122.681000	156.224000	131.869000	115.539000	100.151000	115.701000	0.395241	0.000000	0.379478	0.000000	95.998700	94.157700	91.714300	90.473300	77.694900	77.038000	99.142200	113.537000	119.193000	103.104000	105.950000	99.959000	97.060200	98.844200	100.019000	99.712600	89.417500	80.438000	112.010000	119.592000	0.419324	0.000000	0.407938	0.000000	0.381702	0.000000	94.173800	56.862300	59.082100	83.629700	101.178000	111.630000	110.589000	103.286000	100.607000	95.212200	86.041600	83.729600	87.777100	108.973000	104.318000	100.369000	96.700300	0.336787	0.000000	0.286962	0.000000	0.242520	0.082500	0.210192	0.075100	86.863500	94.793700	88.432000	95.559100	87.317700	86.107500	90.579600	86.858800	80.948600	79.165300	84.743800	127.145000	127.966000	0.108970	0.470100	0.138135	0.233800	0.267858	0.916500	0.338775	1.266500	93.253700	83.732200	93.367400	87.586200	89.762700	105.052000	129.998000	185.655000	144.678000	0.326812	0.176500	0.195081	0.480200	0.100287	0.267400	0.079880	0.000000	0.152915	0.000000	0.212202	0.000000	133.304000	106.211000	99.916600	61.629100	0.252378	0.000000	0.300407	0.000000	0.315668	0.000000	0.263403	0.000000	0.218655	0.000000	0.173479	0.000000	0.000000	0.000000	2.870440	0.000000	0.642622	0.000000	0.698604	1.101800	3.669650	3.004860	3.263600	1.275530	1.111490	112.767000	7.961560	1.082270	1.066680	0.488257	0.583504	0.545471	0.428569	0.342109	
   10	91.284100	79.511100	80.835600	71.202600	64.545900	64.838100	76.288500	95.047600	122.834000	120.898000	111.962000	98.169400	100.323000	98.201100	91.593500	79.243000	112.749000	117.229000	133.916000	147.212000	156.650000	141.122000	128.739000	112.685000	43.163200	49.628000	69.813700	78.922400	82.688200	75.651400	66.141600	39.051100	34.903600	38.304300	58.225300	45.922400	98.258200	99.184600	95.460400	58.867400	70.641600	61.122300	78.960900	25.927200	24.928600	14.938100	15.701400	25.360800	86.949100	52.597900	54.848400	50.919000	43.819200	44.976000	62.597700	80.491000	107.215000	121.151000	113.294000	108.926000	98.588500	96.214700	93.202300	89.915200	87.003800	89.772400	103.109000	122.570000	152.827000	143.088000	138.063000	124.196000	77.746300	81.181500	74.512600	68.424700	70.309700	66.141900	84.102100	99.723900	106.423000	107.247000	94.054900	106.568000	99.462300	106.638000	108.242000	103.155000	100.538000	85.579200	122.681000	156.224000	131.869000	115.539000	100.151000	115.701000	0.395241	0.000000	0.379478	0.000000	95.998700	94.157700	91.714300	90.473300	77.694900	77.038000	99.142200	113.537000	119.193000	103.104000	105.950000	99.959000	97.060200	98.844200	100.019000	99.712600	89.417500	80.438000	112.010000	119.592000	0.419324	0.000000	0.407938	0.000000	0.381702	0.000000	94.173800	56.862300	59.082100	83.629700	101.178000	111.630000	110.589000	103.286000	100.607000	95.212200	86.041600	83.729600	87.777100	108.973000	104.318000	100.369000	96.700300	0.336787	0.000000	0.286962	0.000000	0.242520	0.082500	0.210192	0.075100	86.774900	90.358900	51.696800	42.251900	56.340200	57.227800	57.531500	114.044000	113.968000	119.734000	138.197000	139.661000	138.884000	0.157573	0.377900	0.143837	0.572800	0.188301	0.658200	0.237080	1.665300	72.953200	75.271600	72.639000	61.986600	63.458800	76.638800	95.377700	98.886000	93.433900	0.281643	0.143100	0.333718	0.213400	0.402137	0.136600	0.471023	0.000000	0.521455	0.000000	0.520689	0.000000	129.925000	93.806200	74.127200	54.383900	0.471693	0.000000	0.413570	0.000000	0.388937	0.000000	0.340595	0.000000	0.224492	0.000000	0.325015	0.000000	9.025290	0.000000	2.774850	0.000000	0.833843	0.128586	0.573909	0.000000	0.000000	0.000000	0.000000	0.482462	1.445340	0.000000	11.115300	3.353120	1.325090	0.521513	0.645132	0.339219	0.328934	0.308189	
;
param Prob0 :=
    1	0.100
    2	0.100
    3	0.100
    4	0.100
    5	0.100
    6	0.200
    7	0.000
    8	0.100
    9	0.100
   10	0.100
;
set c[0,5] := 5 1 2 3 4 6 7 8 9 10;
set c[1,2] := 2 1;
set c[1,5] := 5 8;
set c[1,7] := 7 6 9 10;
set c[1,3] := 3 4;
set c[2,5] := 5 8;
set c[2,3] := 3 4;
set c[2,6] := 6 7 9 10;
set c[2,2] := 2 1;
set c[3,2] := 2 1;
set c[3,6] := 6 7 9 10;
set c[3,3] := 3 4;
set c[3,5] := 5 8;
set c[4,3] := 3 4;
set c[4,5] := 5 8;
set c[4,10] := 10 6 7 9;
set c[4,2] := 2;
set c[4,1] := 1;
set c[5,9] := 9 10 6 7;
set c[5,5] := 5 8;
set c[5,1] := 1;
set c[5,2] := 2;
set c[5,3] := 3 4;
set c[6,3] := 3 4;
set c[6,2] := 2;
set c[6,1] := 1;
set c[6,5] := 5 8;
set c[6,9] := 9 10 6 7;
set c[7,5] := 5 8;
set c[7,2] := 2;
set c[7,1] := 1;
set c[7,9] := 9 10 6 7;
set c[7,3] := 3;
set c[7,4] := 4;
set c[8,3] := 3;
set c[8,4] := 4;
set c[8,1] := 1;
set c[8,2] := 2;
set c[8,6] := 6 9 10 7;
set c[8,5] := 5 8;
set c[9,1] := 1;
set c[9,6] := 6 9 10 7;
set c[9,2] := 2;
set c[9,5] := 5 8;
set c[9,4] := 4;
set c[9,3] := 3;
set c[10,10] := 10 6 9 7;
set c[10,5] := 5 8;
set c[10,2] := 2;
set c[10,4] := 4;
set c[10,3] := 3;
set c[10,1] := 1;
set c[11,2] := 2;
set c[11,1] := 1;
set c[11,3] := 3;
set c[11,5] := 5 8;
set c[11,4] := 4;
set c[11,10] := 10 9;
set c[11,6] := 6 7;
set c[12,1] := 1;
set c[12,6] := 6 7;
set c[12,4] := 4;
set c[12,10] := 10 9;
set c[12,3] := 3;
set c[12,5] := 5 8;
set c[12,2] := 2;
set c[13,2] := 2;
set c[13,4] := 4;
set c[13,6] := 6 7;
set c[13,10] := 10 9;
set c[13,5] := 5 8;
set c[13,3] := 3;
set c[13,1] := 1;
set c[14,6] := 6 7;
set c[14,1] := 1;
set c[14,10] := 10 9;
set c[14,4] := 4;
set c[14,5] := 5 8;
set c[14,3] := 3;
set c[14,2] := 2;
set c[15,10] := 10 9;
set c[15,1] := 1;
set c[15,3] := 3;
set c[15,5] := 5 8;
set c[15,2] := 2;
set c[15,4] := 4;
set c[15,6] := 6 7;
set c[16,4] := 4;
set c[16,5] := 5 8;
set c[16,3] := 3;
set c[16,1] := 1;
set c[16,2] := 2;
set c[16,6] := 6 7;
set c[16,10] := 10;
set c[16,9] := 9;
set c[17,9] := 9;
set c[17,1] := 1;
set c[17,2] := 2;
set c[17,6] := 6 7;
set c[17,10] := 10;
set c[17,3] := 3;
set c[17,5] := 5 8;
set c[17,4] := 4;
set c[18,10] := 10;
set c[18,5] := 5 8;
set c[18,1] := 1;
set c[18,4] := 4;
set c[18,3] := 3;
set c[18,6] := 6 7;
set c[18,2] := 2;
set c[18,9] := 9;
set c[19,5] := 5 8;
set c[19,1] := 1;
set c[19,3] := 3;
set c[19,6] := 6 7;
set c[19,9] := 9;
set c[19,2] := 2;
set c[19,4] := 4;
set c[19,10] := 10;
set c[20,9] := 9;
set c[20,4] := 4;
set c[20,10] := 10;
set c[20,6] := 6 7;
set c[20,1] := 1;
set c[20,3] := 3;
set c[20,2] := 2;
set c[20,5] := 5 8;
set c[21,1] := 1;
set c[21,4] := 4;
set c[21,2] := 2;
set c[21,3] := 3;
set c[21,5] := 5 8;
set c[21,10] := 10;
set c[21,6] := 6 7;
set c[21,9] := 9;
set c[22,5] := 5 8;
set c[22,10] := 10;
set c[22,4] := 4;
set c[22,6] := 6 7;
set c[22,9] := 9;
set c[22,2] := 2;
set c[22,3] := 3;
set c[22,1] := 1;
set c[23,10] := 10;
set c[23,6] := 6 7;
set c[23,3] := 3;
set c[23,2] := 2;
set c[23,1] := 1;
set c[23,9] := 9;
set c[23,4] := 4;
set c[23,5] := 5 8;
set c[24,5] := 5 8;
set c[24,9] := 9;
set c[24,2] := 2;
set c[24,4] := 4;
set c[24,1] := 1;
set c[24,3] := 3;
set c[24,6] := 6 7;
set c[24,10] := 10;
set c[25,4] := 4;
set c[25,2] := 2;
set c[25,10] := 10;
set c[25,6] := 6 7;
set c[25,3] := 3;
set c[25,1] := 1;
set c[25,9] := 9;
set c[25,5] := 5 8;
set c[26,5] := 5 8;
set c[26,2] := 2;
set c[26,6] := 6 7;
set c[26,9] := 9;
set c[26,10] := 10;
set c[26,1] := 1;
set c[26,3] := 3;
set c[26,4] := 4;
set c[27,3] := 3;
set c[27,2] := 2;
set c[27,10] := 10;
set c[27,6] := 6 7;
set c[27,9] := 9;
set c[27,1] := 1;
set c[27,4] := 4;
set c[27,5] := 5 8;
set c[28,2] := 2;
set c[28,6] := 6 7;
set c[28,9] := 9;
set c[28,10] := 10;
set c[28,4] := 4;
set c[28,5] := 5;
set c[28,8] := 8;
set c[28,1] := 1;
set c[28,3] := 3;
set c[29,5] := 5;
set c[29,10] := 10;
set c[29,6] := 6 7;
set c[29,9] := 9;
set c[29,8] := 8;
set c[29,3] := 3;
set c[29,4] := 4;
set c[29,1] := 1;
set c[29,2] := 2;
set c[30,8] := 8;
set c[30,6] := 6 7;
set c[30,4] := 4;
set c[30,2] := 2;
set c[30,3] := 3;
set c[30,10] := 10;
set c[30,9] := 9;
set c[30,1] := 1;
set c[30,5] := 5;
set c[31,4] := 4;
set c[31,6] := 6 7;
set c[31,1] := 1;
set c[31,2] := 2;
set c[31,10] := 10;
set c[31,3] := 3;
set c[31,5] := 5;
set c[31,9] := 9;
set c[31,8] := 8;
set c[32,3] := 3;
set c[32,10] := 10;
set c[32,9] := 9;
set c[32,2] := 2;
set c[32,5] := 5;
set c[32,1] := 1;
set c[32,6] := 6 7;
set c[32,8] := 8;
set c[32,4] := 4;
set c[33,10] := 10;
set c[33,2] := 2;
set c[33,4] := 4;
set c[33,1] := 1;
set c[33,8] := 8;
set c[33,5] := 5;
set c[33,6] := 6 7;
set c[33,9] := 9;
set c[33,3] := 3;
set c[34,5] := 5;
set c[34,9] := 9;
set c[34,8] := 8;
set c[34,1] := 1;
set c[34,4] := 4;
set c[34,2] := 2;
set c[34,6] := 6 7;
set c[34,3] := 3;
set c[34,10] := 10;

