1 0.1 91.5745 165.92937850299998 180.3 159.546905643 77.4851 74.763 80.2732 180.3 89.3435 69.5354 174.74479000000002 68.29960748 77.2403985 164.061793301 112.338191616 180.3 58.6802 180.3 180.3 92.9415 111.324 106.943 117.11 102.164 
2 0.1 109.247 180.3 180.3 180.3 76.8293 65.6878 102.61723482000001 180.3 79.91328108 70.494 180.3 175.314381055 87.633057075 140.501649288 114.81940506300002 180.3 169.655961574 180.3 180.3 101.169 113.94 124.915 121.722 98.0381 
3 0.1 109.247 98.4088 180.3 113.71193691500001 76.8293 65.6878 100.27551573000001 180.3 74.42677848 70.494 180.3 151.290488514 139.807661661 180.3 123.27305303300001 180.3 48.7754 180.3 180.3 101.169 113.94 124.915 121.722 98.0381 
4 0.1 107.388 180.3 83.7483 167.29370809600002 180.3 65.2934 69.5611 180.3 80.184447399 85.7374 176.65126908 115.25579510399999 64.18923227 104.613579969 116.737539394 180.3 180.3 180.3 180.3 105.382 122.648 119.758 111.353 87.5342 
5 0.1 101.121 85.7694 75.3986 94.293683165 162.88772264999997 67.1241 76.68344343999999 180.3 98.009575379 80.0923 140.883821172 180.3 180.3 92.33910150999999 145.422765236 180.3 76.2407 180.3 180.3 110.304 130.237 147.218 146.173 116.246 
6 0.1 101.121 85.7694 180.3 136.14666686500001 64.1265 67.1241 180.3 180.3 101.552141133 80.0923 180.3 118.046859609 109.08524277 168.441315262 133.82491185 68.5667 180.3 180.3 180.3 110.304 130.237 147.218 146.173 116.246 
7 0.1 101.121 85.7694 180.3 103.94928956000001 64.1265 67.1241 68.7374 180.3 84.6289 80.0923 65.0109 56.9639 58.7538 129.03546041899997 136.375180354 180.3 77.501721178 180.3 180.3 110.304 130.237 147.218 146.173 116.246 
8 0.1 101.121 85.7694 75.3986 133.22728334500002 64.1265 67.1241 68.7374 180.3 87.92773452200001 80.0923 180.3 100.105509665 58.7538 95.65536855699999 170.30377648200002 180.3 76.2407 180.3 180.3 110.304 130.237 147.218 146.173 116.246 
9 0.1 109.247 180.3 180.3 180.3 76.8293 65.6878 95.88676074000001 180.3 67.7346 70.494 70.0432 59.3813 57.1551 57.5666 174.091319617 180.3 180.3 180.3 180.3 101.169 113.94 124.915 121.722 98.0381 
10 0.1 100.62 180.3 180.3 180.3 180.3 87.4759 113.388999703 180.3 81.9149 78.7352 180.3 172.67974629 97.954569144 104.35097347199999 93.202512562 180.3 180.3 172.974932221 180.3 114.818 136.868 141.853 137.554 113.778 
