1 0.1 83.07125822799999 91.3703 86.675 79.8617 0.0 0.0 49.447889834 65.5321 69.386485031 0.0 62.42 55.289 51.314 45.1661 43.9728 53.0805 0.0 56.8034 86.147 78.392809356 73.595628456 39.856158898000004 18.80517247 0.0 
2 0.1 91.161268397 98.4088 83.5102 78.5515 3.9097662477 43.738155942199995 74.983 63.8218 67.7346 0.0 70.0432 59.3813 57.1551 57.5666 51.2653 48.3845 48.7754 64.1257 74.1274 58.50886543199999 44.0463555 29.323421505000002 1.6986305099999999 0.0 
3 0.1 54.388291208999995 96.073559176 83.5102 78.5515 0.0 35.813645437999995 74.983 63.8218 67.7346 51.436158582 70.0432 59.3813 57.1551 57.5666 51.2653 48.3845 0.0 64.1257 74.1274 36.850909419 0.0 61.212971855000006 3.2576458859999997 0.0 
4 0.1 35.180738352000006 99.3258 36.503957759100004 71.5744 72.1181 42.2527955948 6.3852916134 57.2455 76.6677 1.6889410426 57.8335 56.6568 55.1762 43.3921 46.2014 53.2511 69.892 63.3325 90.7131 71.438036272 79.679131736 2.3089342399999997 0.8673285169999999 0.0 
5 0.1 51.703369542000004 62.535584542200006 0.0 70.7215 64.1265 41.328106997700004 68.7374 71.6959 84.6289 0.0 65.0109 56.9639 58.7538 59.0819 61.1282 68.5667 12.377677645 94.3342 98.1811 66.680201952 41.463683927 27.615005221999997 0.0 0.0 
6 0.1 61.63456407299999 60.280621246799996 75.3986 70.7215 0.0 0.0 68.7374 71.6959 84.6289 0.0 65.0109 56.9639 58.7538 59.0819 61.1282 0.0 76.2407 94.3342 98.1811 58.834057824 70.733798492 22.867813593999998 0.624304883 0.0 
7 0.1 52.52770793399999 32.8966818312 75.3986 70.7215 0.0 0.0 67.74593174239999 71.6959 64.5829370859 0.0 0.0 0.0 0.0 59.0819 61.1282 68.5667 76.2407 94.3342 98.1811 11.028524832 5.870563012 15.334374098 0.0 0.0 
8 0.1 70.451506305 80.10433113 0.0 70.7215 52.24886141699999 35.609603546399995 60.345525783599996 71.6959 84.6289 33.315193107999995 65.0109 56.9639 26.1664161066 59.0819 61.1282 68.5667 12.615548629000001 94.3342 98.1811 47.509918272 53.618703137 29.837113713999997 0.395397965 0.0 
9 0.1 86.00306204500001 98.4088 83.5102 78.5515 0.0 21.7887746356 74.983 63.8218 58.783811283000006 0.0 0.0 0.0 0.0 44.1577845618 51.2653 48.3845 48.7754 64.1257 74.1274 49.377756168 50.68073988 0.0 0.0 0.0 
10 0.1 68.93466138000001 119.812 104.685 95.5573 89.2186 47.365400621199996 90.7613 74.3456 79.7919115367 10.216049670400002 60.2219 48.9462 45.4934 42.9336 39.1571 42.9173 51.2572 63.8503 85.1379 61.364250464 51.714478856 8.688921809 0.0 0.0 
