#erel:= 0.850;
#emax:= 2450.299;
#q:= 0.000;
#nesce:=     9;
#etime:= 0.037;
#snodes:=   239;
param nS:=    10;
param nSG:=    34;
param nRVSG [*] :=
 1 24    5  2    9  2   13  2   17  2   21  9   25  2   29  2   33  2
 2 24    6  2   10  2   14  2   18  2   22  2   26  2   30  2   34 24
 3 24    7 20   11 17   15  2   19  2   23  2   27  2   31  2
 4 24    8  2   12  2   16 13   20  2   24  2   28  4   32  2
;

param ScenF [*] :=
  1  19.5762       59  34.7664      117  65.2667      175  45.6554
  2  30.5536       60  30.7965      118  68.7005      176  41.1813
  3  22.1294       61  24.9538      119  91.7037      177  40.9132
  4  15.5292       62  20.6273      120  89.9732      178  52.2517
  5  12.7788       63  13.3562      121   0.43847     179  61.5611
  6  15.8578       64   7.78045     122   0           180  67.4468
  7  24.5621       65   4.49959     123   0.427913    181  47.3666
  8  32.418        66  12.6823      124   0           182   0.826905
  9  52.4236       67  30.586       125   0.431243    183   0.4175
 10  56.9479       68  48.2765      126   0           184   0.853974
 11  41.0042       69  47.9075      127  30.9767      185   0.3716
 12  32.5518       70  42.4991      128  50.1071      186   0.801733
 13  29.1753       71  46.3193      129  54.2411      187   0.2057
 14  27.6616       72  51.363       130  55.8268      188   0.733897
 15  24.4991       73  34.8968      131  79.7587      189   0.003
 16  17.8127       74  50.6773      132  78.9272      190   0.682419
 17  20.4119       75  41.9702      133  68.8722      191   0
 18  35.4379       76  38.1971      134  66.5798      192   0.572986
 19  60.9543       77  41.5211      135  70.064       193   0
 20  81.0238       78  48.3394      136  70.6617      194 104.827
 21  81.0347       79  58.0259      137  71.7026      195  96.8449
 22  81.1163       80  57.6809      138  68.434       196  79.3521
 23  80.9561       81  53.8807      139  64.147       197  71.8154
 24  64.7712       82  46.4524      140  67.1329      198   0.478634
 25  14.5949       83  52.3653      141  77.3523      199   0
 26  21.6778       84  54.5886      142  82.7651      200   0.430889
 27  14.4694       85  46.6606      143  64.3953      201   0
 28  11.3757       86  45.7318      144   0.454218    202   0.386348
 29  11.019        87  41.601       145   0           203   0
 30  11.5893       88  36.1142      146   0.473343    204   0.321293
 31  14.6687       89  47.5197      147   0           205   0
 32  13.3921       90  61.131       148   0.482865    206   0.23096
 33  35.4667       91  61.5761      149   0.0324      207   0
 34  39.6102       92  72.7982      150   0.521403    208   0.0983024
 35  61.6204       93  87.1137      151   0.2536      209   0
 36  55.2192       94  87.5122      152  54.0358      210  46.8479
 37  73.0558       95  83.7868      153  71.2852      211   0
 38  65.4708       96  79.8657      154  59.0139      212   4.06869
 39  72.0767       97   0.458457    155  46.3578      213   3.22502
 40  75.9808       98   0           156  41.1483      214   0.737811
 41  82.4282       99   0.449871    157  42.5714      215   0
 42  57.8154      100   0           158  44.8879      216   0.567525
 43  50.2756      101  40.0584      159  44.9637      217   2.68523
 44  15.065       102  64.0858      160  38.7704      218   2.95647
 45   1.6175      103  59.755       161  42.5137      219   1.26357
 46   8.34785     104  52.417       162  61.6291      220   3.05323
 47   7.28888     105  49.9729      163  81.592       221   1.96494
 48   3.96469     106  48.6801      164  77.8813      222   1.97156
 49  22.3051      107  54.3814      165   0.596391    223   0
 50  40.2138      108  60.6155      166   0.4045      224  87.6585
 51  36.2239      109  82.2         167   0.637776    225  14.9077
 52  33.6698      110  87.1688      168   0.3494      226   0.576496
 53  30.3058      111  77.5976      169   0.678814    227   0.308164
 54  32.1644      112  63.5704      170   0.2916      228   0.187576
 55  30.7587      113  55.146       171   0.747311    229   0.570444
 56  28.8575      114  61.666       172   0.3057      230   0.494068
 57  37.07        115  61.5873      173  44.0048      231   0.758555
 58  40.4042      116  59.6519      174  46.9112
;

param ScenO [*] :=
  1 65.47        48 19.48        95 69.1        142 62.45       189  0.004
  2 44.8         49 62.34        96 68.5        143 64.78       190  0.318
  3 43.1         50 50           97  0.406      144  0.286      191  0
  4 41           51 43.25        98  0          145  0          192  0.347
  5 36.5         52 42           99  0.323      146  0.291      193  0
  6 27.79        53 37.5        100  0          147  0          194 61.5
  7 38           54 30          101 60.47       148  0.278      195 60
  8 44.1         55 40          102 47.2        149  0.045      196 55.53
  9 61.1         56 45.76       103 43.85       150  0.245      197 25.6
 10 71.34        57 63.78       104 41          151  0.316      198  0.383
 11 61.2         58 76.68       105 39.39       152 61.08       199  0
 12 45           59 67.4        106 32.78       153 63.87       200  0.403
 13 42.6         60 50          107 40.4        154 68.5        201  0
 14 41           61 42.6        108 44.85       155 45          202  0.393
 15 40           62 41          109 67.21       156 41.99       203  0
 16 40           63 41          110 76.34       157 41          204  0.355
 17 42.6         64 41          111 68.5        158 40          205  0
 18 45.15        65 44.6        112 45          159 40          206  0.325
 19 65           66 49.13       113 43.35       160 41.99       207  0
 20 70.5         67 67          114 44.99       161 44          208  0.750267
 21 71.98        68 68.84       115 42          162 58.5        209  1.71228
 22 73.1         69 68.3        116 41          163 61.65       210  0.846868
 23 70.75        70 69.11       117 43.35       164 62.76       211  1.95951
 24 66.9         71 66.85       118 45.95       165  0.207      212  2.01123
 25 36.32        72 65.24       119 65          166  0.51       213  2.7366
 26 28.96        73 60.21       120 69.3        167  0.178      214  1.855
 27 30.96        74 50          121  0.256      168  0.624      215  0.368481
 28 32.16        75 43.2        122  0          169  0.158      216  0.387725
 29 35.48        76 42          123  0.237      170  0.674      217  0.624334
 30 39.92        77 39.49       124  0          171  0.137      218  0.15866
 31 34.8         78 30.79       125  0.26       172  0.662      219  0.108444
 32 32.36        79 40.99       126  0          173 45          220  0.158685
 33 17.56        80 45.1        127 60.47       174 44.99       221  0.118049
 34 45           81 66.9        128 29.14       175 40          222  0
 35 17.16        82 70.9        129 39.05       176 36          223  0.5065
 36 40.4         83 65.2        130 44          177 30          224  0.211737
 37 48.04        84 45.1        131 61.08       178 52          225  0.013732
 38 47.68        85 42.7        132 68.84       179 56.4        226  0.395385
 39 45.36        86 45.1        133 68.5        180 63.5        227  0.646667
 40 45.4         87 44.13       134 46          181 63.5        228  0.537788
 41 48.04        88 44          135 44.49       182  0.145      229  0.559371
 42 44.36        89 42.9        136 43.15       183  0.593      230  0.985159
 43 18.16        90 46.15       137 41.35       184  0.195      231  0.689686
 44  8.64        91 68.5        138 41.85       185  0.458
 45  7.6         92 68.5        139 42.6        186  0.229
 46  6.8         93 68.99       140 45.15       187  0.243
 47  8.64        94 69.3        141 60.85       188  0.27
;

param Scen0 (tr)
 :    1	    2	    3	    4	    5	    6	    7	    8	    9	   10	   11	   12	   13	   14	   15	   16	   17	   18	   19	   20	   21	   22	   23	   24	   25	   26	   27	   28	   29	   30	   31	   32	   33	   34	   35	   36	   37	   38	   39	   40	   41	   42	   43	   44	   45	   46	   47	   48	   49	   50	   51	   52	   53	   54	   55	   56	   57	   58	   59	   60	   61	   62	   63	   64	   65	   66	   67	   68	   69	   70	   71	   72	   73	   74	   75	   76	   77	   78	   79	   80	   81	   82	   83	   84	   85	   86	   87	   88	   89	   90	   91	   92	   93	   94	   95	   96	   97	   98	   99	  100	  101	  102	  103	  104	  105	  106	  107	  108	  109	  110	  111	  112	  113	  114	  115	  116	  117	  118	  119	  120	  121	  122	  123	  124	  125	  126	  127	  128	  129	  130	  131	  132	  133	  134	  135	  136	  137	  138	  139	  140	  141	  142	  143	  144	  145	  146	  147	  148	  149	  150	  151	  152	  153	  154	  155	  156	  157	  158	  159	  160	  161	  162	  163	  164	  165	  166	  167	  168	  169	  170	  171	  172	  173	  174	  175	  176	  177	  178	  179	  180	  181	  182	  183	  184	  185	  186	  187	  188	  189	  190	  191	  192	  193	  194	  195	  196	  197	  198	  199	  200	  201	  202	  203	  204	  205	  206	  207	  208	  209	  210	  211	  212	  213	  214	  215	  216	  217	  218	  219	  220	  221	  222	  223	  224	  225	  226	  227	  228	  229	  230	  231	:=
    1	66.100500	39.491700	33.721800	26.897300	25.557800	27.350500	30.121100	36.394300	57.504300	64.808700	52.345800	27.483900	27.323000	25.625200	21.985000	12.862800	29.358200	36.497100	68.202900	73.003800	83.490900	79.948900	66.742300	50.405600	20.110000	22.022200	16.267900	10.006400	7.672590	11.590800	14.213100	28.883800	48.107500	57.078800	51.884600	61.943900	72.093600	72.644500	76.511300	81.605700	79.648000	78.654500	56.486800	0.000000	0.000000	4.614940	4.950150	3.988790	41.457600	25.046600	29.979300	27.725800	27.844200	25.521200	31.614900	34.567400	41.504600	21.723600	31.473500	31.934700	28.851700	28.651600	23.023600	10.398900	1.758560	0.000000	13.034500	20.112400	24.654000	23.969900	29.802600	30.965700	52.197300	44.495300	36.136800	28.739500	32.198100	39.369500	56.785800	60.978200	56.669300	22.702800	45.531900	46.834400	40.556000	37.504600	35.413800	32.193000	46.888000	40.572400	46.842100	54.201800	64.318200	66.736000	68.700000	60.600100	0.465973	0.000000	0.472256	0.000000	68.592200	63.974300	58.105600	46.176500	46.458400	42.803700	66.419000	77.624400	69.008100	43.614700	57.461700	46.089700	35.766700	42.713800	48.698200	44.571100	39.319500	69.258900	83.979400	91.503700	0.493798	0.000000	0.442101	0.000000	0.371511	0.000000	44.903000	30.369000	35.944600	65.675200	79.126200	76.705200	74.128700	79.804000	79.272600	81.479800	79.965000	74.444200	68.697800	75.194400	67.393200	60.645800	66.993200	0.344603	0.000000	0.309369	0.000000	0.277133	0.005000	0.304295	0.102700	71.280900	79.451900	80.025900	49.574700	10.017300	29.104900	51.201100	28.961700	11.875900	21.065300	79.075000	98.618400	109.060000	0.376567	0.596700	0.421215	0.255500	0.479351	10.587800	0.559883	0.287400	69.565800	53.832400	51.310900	45.834600	44.802200	44.741700	47.202200	38.195600	50.673000	0.644226	0.708200	0.684647	0.163800	0.632998	0.347300	0.554914	0.001200	0.724507	0.000000	0.644229	0.000000	80.913100	93.555100	71.466200	71.141800	0.551371	0.000000	0.481551	0.000000	0.434295	0.000000	0.392618	0.000000	0.324108	0.000000	0.637758	0.000000	59.948900	0.000000	5.719020	1.637370	1.201490	0.000000	0.608414	2.198390	4.711870	1.802420	4.697130	0.000000	1.741660	160.451000	0.000000	0.000000	3.466260	0.969698	0.436345	0.572384	0.569975	0.574474	
    2	66.100500	39.491700	33.721800	26.897300	25.557800	27.350500	30.121100	36.394300	57.504300	64.808700	52.345800	27.483900	27.323000	25.625200	21.985000	12.862800	29.358200	36.497100	68.202900	73.003800	83.490900	79.948900	66.742300	50.405600	20.110000	22.022200	16.267900	10.006400	7.672590	11.590800	14.213100	28.883800	48.107500	57.078800	51.884600	61.943900	72.093600	72.644500	76.511300	81.605700	79.648000	78.654500	56.486800	0.000000	0.000000	4.614940	4.950150	3.988790	66.948400	35.911800	37.271300	36.576100	36.043000	22.276300	34.640300	38.297800	31.210500	34.250000	38.130900	35.071600	30.327900	25.995000	24.921300	15.743700	10.860000	11.863500	49.850200	49.201000	60.932800	48.416400	65.563500	66.017400	75.043600	61.672800	53.110700	52.933100	56.836100	48.759300	69.752200	72.295400	59.379400	53.343000	57.027900	55.420200	51.716500	50.280400	34.150400	33.199400	38.107500	40.383400	56.653100	54.529500	79.370300	75.465200	74.478700	68.143000	0.470832	0.000000	0.478747	0.000000	83.110500	67.594500	63.792000	59.719300	50.032100	49.406100	68.261100	79.330300	72.628400	71.009400	77.608000	65.353600	55.408600	60.705700	65.405300	66.644500	68.595600	62.941100	97.030300	106.640000	0.472878	0.000000	0.458912	0.000000	0.449666	0.000000	59.122500	60.834600	57.137000	55.558500	92.103300	90.010600	61.044000	53.354500	51.884500	55.854700	55.292400	50.576900	56.342000	65.328900	78.595500	91.555800	102.620000	0.448592	0.000000	0.459579	0.000000	0.467131	0.048900	0.521248	0.794400	32.815600	52.610200	46.633100	49.289800	51.028700	48.569900	48.699000	42.327000	36.686100	35.051300	64.272100	68.928300	88.807700	0.622700	0.079100	0.654567	0.077800	0.671344	0.285700	0.718425	0.174700	36.570200	38.038600	30.233300	20.586700	11.286700	8.020830	35.271900	54.338100	79.909200	0.771617	0.269900	0.607627	0.311400	0.590812	0.645200	0.559144	0.006800	0.547486	0.000000	0.428657	0.000000	92.785800	85.838600	79.671600	76.102900	0.270183	0.000000	0.208582	0.000000	0.171102	0.000000	0.116293	0.000000	0.062027	0.000000	0.714118	0.000000	67.519200	0.107346	2.428960	1.054310	0.686096	0.000000	0.540607	2.802570	4.094090	2.814250	4.258430	0.566997	4.167520	195.773000	0.000000	16.742500	1.722460	1.095670	0.738505	0.802779	0.756008	0.697917	
    3	21.786400	14.462900	7.274940	1.248640	0.000000	29.370800	32.108900	42.751900	71.153500	72.995000	60.233400	41.278800	33.651300	39.261900	29.473800	13.346100	11.691500	38.176300	54.748800	73.407000	78.238100	88.169400	79.817800	63.700300	26.178300	14.482400	12.687200	9.635630	5.693740	0.326271	10.134600	0.000000	22.389600	28.238900	36.749100	59.043400	41.718300	61.257000	68.813700	60.656900	65.697700	75.486800	52.433900	28.943300	0.062423	0.000000	3.153860	5.177630	44.886600	29.483800	33.196200	26.887100	22.387300	42.174300	34.087800	34.212200	39.578000	44.705900	48.376100	34.352000	23.511300	23.146200	11.449400	0.000000	0.000000	7.076370	16.058500	24.071100	22.173200	25.740500	37.857700	41.058000	56.545400	42.529000	41.075200	30.338600	33.436500	54.405500	64.084800	66.758400	65.868300	65.465100	71.939300	61.283400	47.151200	49.125100	45.677000	32.660700	44.906900	62.142600	63.498600	64.072600	76.064100	84.600500	83.728400	80.994500	0.497045	0.000000	0.570209	0.000000	48.956800	53.588600	57.921100	41.403300	37.572900	58.088300	68.909900	78.797100	101.382000	105.093000	92.737000	75.162500	60.771100	59.915900	62.093700	55.256000	57.599300	65.242800	94.117800	104.661000	0.649595	0.000000	0.691609	0.000000	0.764665	0.000000	25.466200	18.768700	30.949600	56.593700	71.425800	75.314400	63.289100	57.995500	56.790100	60.873500	55.917400	54.433900	61.795400	77.957600	68.449000	72.773300	95.810500	0.395386	0.000000	0.388772	0.000000	0.361573	0.005400	0.382294	0.620400	70.227700	66.146600	16.329000	27.028200	32.139300	42.212400	48.233200	48.206400	36.078200	20.728200	39.364700	68.393800	74.836400	0.449754	0.762700	0.489876	0.336800	0.530150	0.981300	0.604143	0.913800	38.976000	34.638900	31.863400	33.101400	47.931500	58.751400	68.727600	43.497100	89.815600	0.703776	0.159000	0.761490	0.106500	0.726076	0.378900	0.658672	0.003900	0.595238	0.000000	0.486932	0.000000	113.248000	102.637000	96.306700	76.382100	0.393783	0.000000	0.341595	0.000000	0.311254	0.000000	0.253266	0.000000	0.154421	0.000000	0.000000	0.000000	41.627600	0.000000	1.349620	0.805154	1.006190	0.140809	0.451972	2.403720	3.419450	1.689450	2.347300	0.000000	2.484060	146.682000	0.000000	9.854170	0.700902	0.670202	0.364361	0.401893	0.351181	0.291094	
    4	58.442500	42.714400	27.919700	18.958600	14.655300	16.858500	31.553600	26.943800	52.750200	57.271100	40.140300	37.528700	35.042900	29.622000	25.465800	20.759300	21.466600	46.896000	76.371700	91.878400	86.738500	79.107800	71.541600	60.266700	12.754000	21.320500	15.513700	12.717200	10.912600	11.889500	15.597300	20.805100	35.682400	47.888300	60.311000	69.897400	91.071800	75.791900	85.778700	74.612600	90.180600	82.419000	61.872400	29.669800	10.122600	11.945200	7.753250	23.355300	62.604600	25.089900	22.348300	27.929200	25.192400	22.200000	12.249100	5.491510	2.838730	9.574270	0.494974	0.000000	0.000000	0.000000	0.000000	0.000000	0.000000	0.000000	0.000000	11.702800	16.547400	20.787300	31.127000	35.519500	67.707500	47.593500	40.001800	39.753000	48.397600	47.246200	51.655000	40.708000	29.195700	35.122900	25.393300	30.560600	20.724500	15.945100	8.053560	3.398390	22.830800	39.645900	25.858400	33.406600	45.788800	61.678900	63.802400	62.989600	0.453691	0.000000	0.448089	0.000000	51.459100	51.774200	44.957400	43.459500	42.169400	38.333700	42.512700	44.554100	49.467900	63.043300	55.408600	50.993100	36.349900	32.492800	29.878500	30.631400	42.584300	46.593300	46.827600	61.874400	0.470948	0.000000	0.466337	0.000000	0.479418	0.000000	41.554200	55.041300	53.761200	50.420800	64.472100	66.230700	66.100400	69.930100	73.186700	76.687200	74.923400	70.784600	70.544300	72.498300	84.567700	87.738900	91.616900	0.533581	0.000000	0.546420	0.000000	0.557272	0.055500	0.591383	0.043300	79.608100	72.220900	63.948600	46.595000	49.806400	44.861300	49.824600	41.970500	39.363800	45.358900	52.132600	72.931100	80.559200	0.685946	0.079600	0.756604	1.198000	0.800014	0.336500	0.895957	0.247200	53.106600	56.731100	56.205700	48.801200	49.492700	46.441100	63.530200	59.071400	79.855200	0.980137	0.224200	0.999147	0.784700	0.947165	0.392100	0.899672	0.002200	0.806025	0.000000	0.642542	0.000000	110.868000	68.860700	61.640500	58.267300	0.494887	0.000000	0.386567	0.000000	0.311517	0.000000	0.237344	0.000000	0.147323	0.000000	0.362404	0.000000	47.100700	0.873634	4.753890	1.315230	1.518030	0.951468	0.694575	2.215190	2.319570	1.072660	2.687110	0.000000	3.715640	199.142000	0.000000	10.674400	1.417570	0.763613	0.479171	0.542290	0.510763	0.533253	
    5	58.442500	42.714400	27.919700	18.958600	14.655300	16.858500	31.553600	26.943800	52.750200	57.271100	40.140300	37.528700	35.042900	29.622000	25.465800	20.759300	21.466600	46.896000	76.371700	91.878400	86.738500	79.107800	71.541600	60.266700	12.754000	21.320500	15.513700	12.717200	10.912600	11.889500	15.597300	20.805100	35.682400	47.888300	60.311000	69.897400	91.071800	75.791900	85.778700	74.612600	90.180600	82.419000	61.872400	29.669800	10.122600	11.945200	7.753250	23.355300	62.604600	25.089900	22.348300	27.929200	25.192400	22.200000	12.249100	5.491510	2.838730	9.574270	0.494974	0.000000	0.000000	0.000000	0.000000	0.000000	0.000000	0.000000	0.000000	11.702800	16.547400	20.787300	31.127000	35.519500	67.707500	47.593500	40.001800	39.753000	48.397600	47.246200	51.655000	40.708000	29.195700	35.122900	25.393300	30.560600	20.724500	15.945100	8.053560	3.398390	22.830800	39.645900	25.858400	33.406600	45.788800	61.678900	63.802400	62.989600	0.453691	0.000000	0.448089	0.000000	51.459100	51.774200	44.957400	43.459500	42.169400	38.333700	42.512700	44.554100	49.467900	63.043300	55.408600	50.993100	36.349900	32.492800	29.878500	30.631400	42.584300	46.593300	46.827600	61.874400	0.470948	0.000000	0.466337	0.000000	0.479418	0.000000	41.554200	55.041300	53.761200	50.420800	64.472100	66.230700	66.100400	69.930100	73.186700	76.687200	74.923400	70.784600	70.544300	72.498300	84.567700	87.738900	91.616900	0.533581	0.000000	0.546420	0.000000	0.557272	0.055500	0.505883	1.720600	67.920500	71.940600	45.223000	46.263500	58.046300	28.009100	36.612400	32.008500	23.028200	38.293900	56.688600	69.989700	79.641600	0.576766	2.417700	0.621925	1.175400	0.412850	0.682500	0.468501	0.025500	47.387300	51.531000	46.698600	29.486900	51.542300	61.800400	57.080500	53.342000	41.954900	0.551876	0.500200	0.595187	0.364900	0.553224	0.083200	0.506379	0.001000	0.478207	0.000000	0.360546	0.000000	84.830200	78.948500	63.529900	63.449400	0.257974	0.000000	0.208039	0.000000	0.178119	0.000000	0.126626	0.000000	0.049014	0.000000	0.414177	0.000000	50.887500	0.000000	5.500370	2.514400	1.102730	0.000000	0.000000	1.756270	2.422030	0.678619	1.089360	0.000000	3.612170	239.993000	25.757500	9.361670	1.542050	0.818891	0.817866	0.707865	0.702025	0.590523	
    6	58.442500	42.714400	27.919700	18.958600	14.655300	16.858500	31.553600	26.943800	52.750200	57.271100	40.140300	37.528700	35.042900	29.622000	25.465800	20.759300	21.466600	46.896000	76.371700	91.878400	86.738500	79.107800	71.541600	60.266700	18.592000	11.804900	7.596310	2.654000	3.366860	4.059740	11.321300	15.596800	38.712100	39.465200	58.361100	35.206700	87.968300	84.399100	90.562000	62.326100	75.614700	50.804600	44.086200	23.998300	6.511220	8.868250	8.485430	17.291600	77.886800	36.228300	39.068400	37.535400	35.571000	31.699800	37.323600	37.498400	39.012000	42.436000	35.592000	13.200100	8.367520	0.000000	0.000000	0.000000	0.000000	0.000000	17.902700	57.259700	51.901200	59.363400	67.037000	63.190000	80.440200	48.483900	48.686700	46.585800	47.743500	46.481900	65.053200	70.134000	68.473200	58.277600	70.338700	69.052300	69.010500	65.915000	60.296600	63.058500	72.193700	84.975400	78.363000	76.770300	94.048600	95.622400	88.403800	84.987900	0.451702	0.000000	0.431942	0.000000	91.695200	67.505000	65.746000	55.397700	57.130400	57.824900	83.420400	94.131000	101.470000	88.188200	100.893000	83.891100	75.506800	77.994500	84.581100	94.015100	92.429900	84.801400	101.048000	108.043000	0.421309	0.000000	0.414552	0.000000	0.424124	0.000000	51.363800	35.246100	49.055700	68.453000	80.089900	67.224600	61.118500	64.678300	60.022800	62.863500	55.119700	35.907400	50.396700	51.897700	62.171400	79.818900	79.775200	0.450511	0.000000	0.484157	0.000000	0.524551	0.015000	0.568624	0.133600	101.823000	54.083900	32.302600	26.646100	18.175700	10.342500	5.018630	0.640136	0.000000	6.521430	7.934980	27.610400	35.087000	0.800801	0.339800	0.911705	0.063000	0.949087	0.054900	1.032760	0.272200	22.850800	29.445600	16.251400	17.183400	22.277500	40.437300	35.615500	59.959100	93.830900	1.117690	1.400700	1.112090	0.615900	0.997053	0.237800	0.905509	0.017600	0.805281	0.000000	0.633745	0.000000	122.761000	118.505000	108.268000	60.154300	0.501920	0.000000	0.445444	0.000000	0.402545	0.000000	0.308765	0.000000	0.214429	0.000000	0.541255	0.000000	42.592500	0.000000	3.850080	1.115410	1.377460	1.519740	0.612840	2.564100	2.982580	0.585140	2.292260	0.000000	1.834150	140.908000	0.000000	10.686800	0.485116	0.501128	0.066342	0.718246	0.553054	0.394316	
    7	66.100500	39.491700	33.721800	26.897300	25.557800	27.350500	30.121100	36.394300	57.504300	64.808700	52.345800	27.483900	27.323000	25.625200	21.985000	12.862800	29.358200	36.497100	68.202900	73.003800	83.490900	79.948900	66.742300	50.405600	20.110000	22.022200	16.267900	10.006400	7.672590	11.590800	14.213100	28.883800	48.107500	57.078800	51.884600	61.943900	72.093600	72.644500	76.511300	81.605700	79.648000	78.654500	56.486800	0.000000	0.000000	4.614940	4.950150	3.988790	77.371000	38.659200	39.193900	36.370200	37.816400	33.266500	31.550400	24.696200	22.007000	27.388100	37.969400	21.891300	16.006400	10.987600	5.502610	0.000000	0.000000	4.988810	41.106600	41.361300	51.152300	34.484300	39.960300	44.508000	82.483700	47.727800	40.701900	37.781700	43.761700	45.437300	49.271500	43.911700	33.600600	30.264600	38.704800	30.554000	22.711800	27.294000	23.628400	13.833500	30.738000	54.142900	66.086800	61.765900	81.321200	75.803500	72.966200	66.845500	0.440160	0.000000	0.408083	0.000000	89.738000	62.254700	53.476500	45.988900	44.632200	41.382100	51.808800	64.175400	70.105300	68.064700	70.980800	55.823100	45.345600	50.350900	58.805100	58.503100	82.615300	87.797000	117.693000	113.252000	0.390462	0.000000	0.388685	0.000000	0.409031	0.000000	33.813400	26.804800	48.871400	60.955100	82.431000	83.106300	76.428300	78.730000	70.618800	67.482200	65.953300	56.987200	50.365800	56.792500	55.944800	57.082800	68.018200	0.454975	0.000000	0.510663	0.000000	0.524359	0.009900	0.570936	0.281900	66.252700	46.505600	49.136000	38.318000	38.753200	41.615300	33.004700	26.986400	19.401700	29.355600	58.335600	69.945100	79.724300	0.606248	2.042600	0.613378	0.359000	0.647065	0.060000	0.729048	0.121300	75.041300	38.049200	34.754000	33.828400	29.509300	71.844300	75.578500	69.143000	80.670100	0.816636	0.376100	0.848933	0.570800	0.825439	0.027700	0.581177	0.001700	0.518842	0.000000	0.390734	0.000000	78.854900	59.814000	111.221000	89.710800	0.283217	0.000000	0.217347	0.000000	0.191463	0.000000	0.120415	0.000000	0.000000	0.000000	0.259589	0.000000	59.563200	0.000000	2.564460	0.000000	0.377901	0.000000	0.428881	2.675610	2.904700	1.749740	3.033230	0.000000	2.261280	116.133000	49.608500	11.500500	0.858804	0.839184	0.849276	0.567957	0.565098	0.580193	
    8	58.442500	42.714400	27.919700	18.958600	14.655300	16.858500	31.553600	26.943800	52.750200	57.271100	40.140300	37.528700	35.042900	29.622000	25.465800	20.759300	21.466600	46.896000	76.371700	91.878400	86.738500	79.107800	71.541600	60.266700	18.592000	11.804900	7.596310	2.654000	3.366860	4.059740	11.321300	15.596800	38.712100	39.465200	58.361100	35.206700	87.968300	84.399100	90.562000	62.326100	75.614700	50.804600	44.086200	23.998300	6.511220	8.868250	8.485430	17.291600	77.886800	36.228300	39.068400	37.535400	35.571000	31.699800	37.323600	37.498400	39.012000	42.436000	35.592000	13.200100	8.367520	0.000000	0.000000	0.000000	0.000000	0.000000	17.902700	57.259700	51.901200	59.363400	67.037000	63.190000	80.440200	48.483900	48.686700	46.585800	47.743500	46.481900	65.053200	70.134000	68.473200	58.277600	70.338700	69.052300	69.010500	65.915000	60.296600	63.058500	72.193700	84.975400	78.363000	76.770300	94.048600	95.622400	88.403800	84.987900	0.451702	0.000000	0.431942	0.000000	91.695200	67.505000	65.746000	55.397700	57.130400	57.824900	83.420400	94.131000	101.470000	88.188200	100.893000	83.891100	75.506800	77.994500	84.581100	94.015100	92.429900	84.801400	101.048000	108.043000	0.421309	0.000000	0.414552	0.000000	0.424124	0.000000	51.363800	35.246100	49.055700	68.453000	80.089900	67.224600	61.118500	64.678300	60.022800	62.863500	55.119700	35.907400	50.396700	51.897700	62.171400	79.818900	79.775200	0.450511	0.000000	0.484157	0.000000	0.524551	0.015000	0.568624	0.133600	108.079000	105.872000	33.351900	47.732400	10.523400	11.968400	0.000000	0.000000	0.000000	0.000000	9.515220	37.122800	69.107700	0.637473	1.078300	0.660521	0.130700	0.670594	0.178000	0.714166	0.181900	59.967600	63.039100	65.311500	32.286000	29.880300	28.225300	36.804300	37.217800	55.182800	0.793768	0.188900	0.838297	0.040800	0.802070	0.866400	0.728955	0.012500	0.665577	0.000000	0.563265	0.000000	94.021500	94.766700	78.432600	66.489600	0.485037	0.000000	0.447882	0.000000	0.425068	0.000000	0.384569	0.000000	0.309969	0.000000	0.740119	0.000000	58.494900	1.068940	4.494520	2.660320	1.592210	0.000000	0.688578	3.008850	5.477980	3.775370	5.657750	0.000000	1.718030	122.846000	0.000000	7.661250	0.276194	0.765135	0.445593	0.622867	0.615340	0.643875	
    9	21.786400	14.462900	7.274940	1.248640	0.000000	29.370800	32.108900	42.751900	71.153500	72.995000	60.233400	41.278800	33.651300	39.261900	29.473800	13.346100	11.691500	38.176300	54.748800	73.407000	78.238100	88.169400	79.817800	63.700300	26.178300	14.482400	12.687200	9.635630	5.693740	0.326271	10.134600	0.000000	22.389600	28.238900	36.749100	59.043400	41.718300	61.257000	68.813700	60.656900	65.697700	75.486800	52.433900	28.943300	0.062423	0.000000	3.153860	5.177630	44.886600	29.483800	33.196200	26.887100	22.387300	42.174300	34.087800	34.212200	39.578000	44.705900	48.376100	34.352000	23.511300	23.146200	11.449400	0.000000	0.000000	7.076370	16.058500	24.071100	22.173200	25.740500	37.857700	41.058000	56.545400	42.529000	41.075200	30.338600	33.436500	54.405500	64.084800	66.758400	65.868300	65.465100	71.939300	61.283400	47.151200	49.125100	45.677000	32.660700	44.906900	62.142600	63.498600	64.072600	76.064100	84.600500	83.728400	80.994500	0.497045	0.000000	0.570209	0.000000	48.956800	53.588600	57.921100	41.403300	37.572900	58.088300	68.909900	78.797100	101.382000	105.093000	92.737000	75.162500	60.771100	59.915900	62.093700	55.256000	57.599300	65.242800	94.117800	104.661000	0.649595	0.000000	0.691609	0.000000	0.764665	0.000000	25.466200	18.768700	30.949600	56.593700	71.425800	75.314400	63.289100	57.995500	56.790100	60.873500	55.917400	54.433900	61.795400	77.957600	68.449000	72.773300	95.810500	0.395386	0.000000	0.388772	0.000000	0.361573	0.005400	0.382294	0.620400	70.227700	66.146600	16.329000	27.028200	32.139300	42.212400	48.233200	48.206400	36.078200	20.728200	39.364700	68.393800	74.836400	0.449754	0.762700	0.489876	0.336800	0.530150	0.981300	0.604143	0.913800	38.976000	34.638900	31.863400	33.101400	47.931500	58.751400	68.727600	43.497100	89.815600	0.703776	0.159000	0.761490	0.106500	0.726076	0.378900	0.658672	0.003900	0.595238	0.000000	0.486932	0.000000	113.248000	102.637000	96.306700	76.382100	0.393783	0.000000	0.341595	0.000000	0.311254	0.000000	0.253266	0.000000	0.154421	0.000000	0.461985	0.000000	46.529100	0.090014	3.250460	2.271260	1.228950	0.000000	0.568379	2.313780	2.909590	1.319640	3.352670	2.453240	2.203130	0.000000	72.880600	14.231800	1.108680	0.611310	0.488426	0.570409	0.606214	0.531022	
   10	58.442500	42.714400	27.919700	18.958600	14.655300	16.858500	31.553600	26.943800	52.750200	57.271100	40.140300	37.528700	35.042900	29.622000	25.465800	20.759300	21.466600	46.896000	76.371700	91.878400	86.738500	79.107800	71.541600	60.266700	18.592000	11.804900	7.596310	2.654000	3.366860	4.059740	11.321300	15.596800	38.712100	39.465200	58.361100	35.206700	87.968300	84.399100	90.562000	62.326100	75.614700	50.804600	44.086200	23.998300	6.511220	8.868250	8.485430	17.291600	77.886800	36.228300	39.068400	37.535400	35.571000	31.699800	37.323600	37.498400	39.012000	42.436000	35.592000	13.200100	8.367520	0.000000	0.000000	0.000000	0.000000	0.000000	17.902700	57.259700	51.901200	59.363400	67.037000	63.190000	80.440200	48.483900	48.686700	46.585800	47.743500	46.481900	65.053200	70.134000	68.473200	58.277600	70.338700	69.052300	69.010500	65.915000	60.296600	63.058500	72.193700	84.975400	78.363000	76.770300	94.048600	95.622400	88.403800	84.987900	0.451702	0.000000	0.431942	0.000000	91.695200	67.505000	65.746000	55.397700	57.130400	57.824900	83.420400	94.131000	101.470000	88.188200	100.893000	83.891100	75.506800	77.994500	84.581100	94.015100	92.429900	84.801400	101.048000	108.043000	0.421309	0.000000	0.414552	0.000000	0.424124	0.000000	51.363800	35.246100	49.055700	68.453000	80.089900	67.224600	61.118500	64.678300	60.022800	62.863500	55.119700	35.907400	50.396700	51.897700	62.171400	79.818900	79.775200	0.450511	0.000000	0.484157	0.000000	0.524551	0.015000	0.568624	0.133600	101.823000	54.083900	32.302600	26.646100	18.175700	10.342500	5.018630	0.640136	0.000000	6.521430	7.934980	27.610400	35.087000	0.800801	0.339800	0.911705	0.063000	0.949087	0.054900	1.032760	0.272200	22.850800	29.445600	16.251400	17.183400	22.277500	40.437300	35.615500	59.959100	93.830900	1.117690	1.400700	1.112090	0.615900	0.997053	0.237800	0.905509	0.017600	0.805281	0.000000	0.633745	0.000000	122.761000	118.505000	108.268000	60.154300	0.501920	0.000000	0.445444	0.000000	0.402545	0.000000	0.308765	0.000000	0.214429	0.000000	0.541255	0.000000	42.592500	0.000000	3.850080	1.115410	1.377460	1.519740	0.612840	2.564100	2.982580	0.585140	2.292260	0.000000	1.834150	140.908000	0.000000	10.686800	0.485116	0.501128	0.066342	0.718246	0.553054	0.394316	
;
param Prob0 :=
    1	0.100
    2	0.100
    3	0.100
    4	0.100
    5	0.100
    6	0.200
    7	0.100
    8	0.100
    9	0.100
   10	0.000
;
set c[0,5] := 5 1 2 3 4 6 7 8 9 10;
set c[1,5] := 5 4 6 8 10;
set c[1,7] := 7 1 2;
set c[1,3] := 3 9;
set c[2,1] := 1 7 2;
set c[2,3] := 3 9;
set c[2,8] := 8 6 10;
set c[2,4] := 4 5;
set c[3,3] := 3 9;
set c[3,4] := 4 5;
set c[3,6] := 6 8 10;
set c[3,7] := 7;
set c[3,1] := 1;
set c[3,2] := 2;
set c[4,10] := 10 6 8;
set c[4,7] := 7;
set c[4,1] := 1;
set c[4,2] := 2;
set c[4,4] := 4 5;
set c[4,3] := 3 9;
set c[5,7] := 7;
set c[5,3] := 3 9;
set c[5,2] := 2;
set c[5,1] := 1;
set c[5,4] := 4 5;
set c[5,6] := 6 10 8;
set c[6,1] := 1;
set c[6,3] := 3 9;
set c[6,2] := 2;
set c[6,10] := 10 6 8;
set c[6,4] := 4 5;
set c[6,7] := 7;
set c[7,2] := 2;
set c[7,7] := 7;
set c[7,10] := 10 6 8;
set c[7,4] := 4 5;
set c[7,3] := 3 9;
set c[7,1] := 1;
set c[8,3] := 3 9;
set c[8,10] := 10 6 8;
set c[8,7] := 7;
set c[8,1] := 1;
set c[8,4] := 4 5;
set c[8,2] := 2;
set c[9,1] := 1;
set c[9,2] := 2;
set c[9,10] := 10 6 8;
set c[9,7] := 7;
set c[9,4] := 4 5;
set c[9,3] := 3 9;
set c[10,4] := 4 5;
set c[10,7] := 7;
set c[10,2] := 2;
set c[10,3] := 3 9;
set c[10,10] := 10 6 8;
set c[10,1] := 1;
set c[11,10] := 10 6 8;
set c[11,2] := 2;
set c[11,7] := 7;
set c[11,1] := 1;
set c[11,3] := 3 9;
set c[11,4] := 4 5;
set c[12,1] := 1;
set c[12,3] := 3 9;
set c[12,4] := 4 5;
set c[12,7] := 7;
set c[12,2] := 2;
set c[12,10] := 10 6 8;
set c[13,3] := 3 9;
set c[13,2] := 2;
set c[13,10] := 10 6 8;
set c[13,7] := 7;
set c[13,4] := 4 5;
set c[13,1] := 1;
set c[14,7] := 7;
set c[14,2] := 2;
set c[14,4] := 4 5;
set c[14,8] := 8 10 6;
set c[14,1] := 1;
set c[14,3] := 3 9;
set c[15,2] := 2;
set c[15,1] := 1;
set c[15,8] := 8 10 6;
set c[15,3] := 3 9;
set c[15,4] := 4;
set c[15,5] := 5;
set c[15,7] := 7;
set c[16,5] := 5;
set c[16,3] := 3 9;
set c[16,6] := 6 10;
set c[16,8] := 8;
set c[16,1] := 1;
set c[16,4] := 4;
set c[16,7] := 7;
set c[16,2] := 2;
set c[17,2] := 2;
set c[17,8] := 8;
set c[17,1] := 1;
set c[17,4] := 4;
set c[17,7] := 7;
set c[17,6] := 6 10;
set c[17,3] := 3 9;
set c[17,5] := 5;
set c[18,7] := 7;
set c[18,3] := 3 9;
set c[18,8] := 8;
set c[18,5] := 5;
set c[18,6] := 6 10;
set c[18,4] := 4;
set c[18,1] := 1;
set c[18,2] := 2;
set c[19,3] := 3 9;
set c[19,8] := 8;
set c[19,6] := 6 10;
set c[19,4] := 4;
set c[19,2] := 2;
set c[19,1] := 1;
set c[19,5] := 5;
set c[19,7] := 7;
set c[20,2] := 2;
set c[20,5] := 5;
set c[20,7] := 7;
set c[20,4] := 4;
set c[20,8] := 8;
set c[20,6] := 6 10;
set c[20,1] := 1;
set c[20,3] := 3 9;
set c[21,8] := 8;
set c[21,5] := 5;
set c[21,1] := 1;
set c[21,6] := 6 10;
set c[21,3] := 3 9;
set c[21,7] := 7;
set c[21,4] := 4;
set c[21,2] := 2;
set c[22,3] := 3 9;
set c[22,7] := 7;
set c[22,5] := 5;
set c[22,4] := 4;
set c[22,2] := 2;
set c[22,1] := 1;
set c[22,6] := 6 10;
set c[22,8] := 8;
set c[23,7] := 7;
set c[23,4] := 4;
set c[23,6] := 6 10;
set c[23,1] := 1;
set c[23,8] := 8;
set c[23,2] := 2;
set c[23,5] := 5;
set c[23,3] := 3 9;
set c[24,3] := 3 9;
set c[24,2] := 2;
set c[24,1] := 1;
set c[24,5] := 5;
set c[24,8] := 8;
set c[24,6] := 6 10;
set c[24,4] := 4;
set c[24,7] := 7;
set c[25,5] := 5;
set c[25,1] := 1;
set c[25,7] := 7;
set c[25,4] := 4;
set c[25,6] := 6 10;
set c[25,8] := 8;
set c[25,2] := 2;
set c[25,3] := 3 9;
set c[26,3] := 3 9;
set c[26,1] := 1;
set c[26,4] := 4;
set c[26,2] := 2;
set c[26,7] := 7;
set c[26,8] := 8;
set c[26,6] := 6 10;
set c[26,5] := 5;
set c[27,6] := 6 10;
set c[27,1] := 1;
set c[27,7] := 7;
set c[27,4] := 4;
set c[27,2] := 2;
set c[27,8] := 8;
set c[27,5] := 5;
set c[27,3] := 3 9;
set c[28,1] := 1;
set c[28,4] := 4;
set c[28,2] := 2;
set c[28,7] := 7;
set c[28,5] := 5;
set c[28,3] := 3 9;
set c[28,8] := 8;
set c[28,6] := 6 10;
set c[29,5] := 5;
set c[29,2] := 2;
set c[29,4] := 4;
set c[29,7] := 7;
set c[29,8] := 8;
set c[29,6] := 6 10;
set c[29,3] := 3 9;
set c[29,1] := 1;
set c[30,7] := 7;
set c[30,8] := 8;
set c[30,2] := 2;
set c[30,3] := 3 9;
set c[30,1] := 1;
set c[30,6] := 6 10;
set c[30,4] := 4;
set c[30,5] := 5;
set c[31,8] := 8;
set c[31,3] := 3 9;
set c[31,1] := 1;
set c[31,2] := 2;
set c[31,5] := 5;
set c[31,6] := 6 10;
set c[31,4] := 4;
set c[31,7] := 7;
set c[32,6] := 6 10;
set c[32,4] := 4;
set c[32,7] := 7;
set c[32,2] := 2;
set c[32,1] := 1;
set c[32,5] := 5;
set c[32,3] := 3 9;
set c[32,8] := 8;
set c[33,1] := 1;
set c[33,2] := 2;
set c[33,7] := 7;
set c[33,8] := 8;
set c[33,4] := 4;
set c[33,5] := 5;
set c[33,3] := 3 9;
set c[33,6] := 6 10;
set c[34,6] := 6 10;
set c[34,8] := 8;
set c[34,4] := 4;
set c[34,3] := 3;
set c[34,9] := 9;
set c[34,5] := 5;
set c[34,7] := 7;
set c[34,2] := 2;
set c[34,1] := 1;

