#erel:= 0.850;
#emax:= 2536.826;
#q:= 0.000;
#nesce:=     8;
#etime:= 0.043;
#snodes:=   239;
param nS:=    10;
param nSG:=    34;
param nRVSG [*] :=
 1 24    5  2    9  2   13  2   17  2   21  9   25  2   29  2   33  2
 2 24    6  2   10  2   14  2   18  2   22  2   26  2   30  2   34 24
 3 24    7 20   11 17   15  2   19  2   23  2   27  2   31  2
 4 24    8  2   12  2   16 13   20  2   24  2   28  4   32  2
;

param ScenF [*] :=
  1  47.338       59  90.0296     117  65.4439     175  61.0797
  2  65.9901      60  80.511      118  73.6413     176  62.6681
  3  56.0794      61  69.3493     119  92.0623     177  67.5573
  4  47.5114      62  66.7828     120  91.647      178  95.0938
  5  43.6564      63  59.7565     121   0.595012   179 115.394
  6  46.1221      64  57.4779     122   0          180 125.695
  7  59.7659      65  54.2743     123   0.558462   181  87.7156
  8  74.0206      66  54.5071     124   0          182   0.547326
  9 109.346       67  72.4939     125   0.530269   183   0.548
 10 119.62        68  98.1861     126   0          184   0.507705
 11  90.9747      69  95.9499     127  53.3284     185   0.4341
 12  77.6449      70  85.5617     128  81.6449     186   0.458115
 13  66.8297      71  78.8773     129  83.8449     187   0.2203
 14  61.526       72  81.5966     130  76.6858     188   0.450339
 15  57.7106      73  46.1036     131  97.0004     189   0.0035
 16  57.4746      74  74.0327     132  94.7602     190   0.504564
 17  63.4011      75  68.7723     133  79.3604     191   0
 18  73.0396      76  65.4085     134  65.035      192   0.524713
 19  95.9873      77  61.851      135  66.3028     193   0
 20 113.312       78  69.2189     136  64.4734     194  93.053
 21 103.838       79  83.2819     137  68.2545     195  80.4691
 22  98.4022      80  97.178      138  69.3661     196  73.4764
 23  93.5821      81 119.861      139  68.7836     197  58.5649
 24  78.1106      82 113.302      140  76.243      198   0.503664
 25   4.14286     83  92.2014     141  99.2913     199   0
 26   8.25759     84  85.2205     142 113.549      200   0.488435
 27   8.51708     85  79.983      143  91.5613     201   0
 28   7.82127     86  82.1975     144   0.500454   202   0.483924
 29   7.84665     87  82.2316     145   0          203   0
 30   9.5768      88  78.9179     146   0.456011   204   0.467329
 31  13.5153      89  78.2662     147   0          205   0
 32   9.75462     90  81.8525     148   0.42215    206   0.408336
 33  14.0662      91 107.658      149   0.019      207   0
 34  20.0831      92 137.512      150   0.446264   208   0.838688
 35  32.8187      93 141.156      151   0.1701     209   4.137
 36  28.2578      94 127.368      152  73.7378     210  15.676
 37  31.4665      95 116.62       153  91.876      211   3.49707
 38  26.8649      96 113.546      154  74.2494     212   0
 39  30.2572      97   0.668427   155  55.4382     213   8.74531
 40  34.4133      98   0          156  49.3477     214   0.695312
 41  38.3017      99   0.636412   157  55.8936     215   0
 42  32.2347     100   0          158  57.6565     216   0.882742
 43  39.9549     101  43.4437     159  62.2474     217   2.0391
 44  15.3097     102  65.8678     160  63.6666     218   1.18908
 45   6.75642    103  65.7413     161  69.3573     219   0
 46   8.35101    104  62.4997     162  93.7426     220   0.996894
 47  11.1078     105  60.2931     163 106.005      221   3.16727
 48  14.2117     106  61.0712     164  95.9876     222   0
 49  40.3161     107  64.8209     165   0.506178   223   0
 50  67.0047     108  70.8454     166   0.3463     224 131.525
 51  64.2216     109  94.3893     167   0.546114   225   3.43871
 52  61.8814     110  97.078      168   0.5381     226   0
 53  57.4479     111  74.4311     169   0.559977   227   0.168635
 54  59.549      112  66.7292     170   0.6026     228   0.351387
 55  65.1839     113  63.7427     171   0.559206   229   0.97767
 56  73.0757     114  70.3313     172   0.6024     230   0.752648
 57 107.091      115  69.2782     173  59.2745     231   1.0526
 58 115.815      116  65.9463     174  60.4937
;

param ScenO [*] :=
  1 72.23        48  8           95 81.32       142 84.89       189  0.004
  2 75           49 66.43        96 78.46       143 83.61       190  0.152
  3 69.03        50 63.89        97  0.663      144  0.585      191  0
  4 59.9         51 59.03        98  0          145  0          192  0.135
  5 61.16        52 54.6         99  0.685      146  0.627      193  0
  6 49.3         53 54.6        100  0          147  0          194 83.46
  7 49.3         54 51.9        101 62.23       148  0.644      195 83.46
  8 50           55 51.9        102 70          149  0.044      196 83.46
  9 54.9         56 52.24       103 70.01       150  0.607      197 73.94
 10 68.96        57 56.5        104 70.01       151  0.321      198  0.107
 11 54.9         58 60.95       105 69.98       152 79.57       199  0
 12 49.6         59 54          106 55.3        153 77.09       200  0.084
 13 49.3         60 52.2        107 54.23       154 77.09       201  0
 14 49.3         61 47.1        108 56          155 61.38       202  0.064
 15 49.3         62 49.3        109 70.01       156 57          203  0
 16 48.6         63 49.3        110 68.96       157 54.23       204  0.068
 17 47.79        64 50.2        111 60.9        158 54.39       205  0
 18 53.5         65 49.39       112 59.64       159 53.46       206  0.116
 19 78.39        66 53.4        113 57          160 47.79       207  0
 20 85.02        67 67.28       114 59.64       161 64.52       208  0.851862
 21 83.61        68 75.09       115 59.64       162 75          209  0.954933
 22 83.46        69 78.6        116 55.89       163 85.02       210  0.988845
 23 83.46        70 78.45       117 55          164 86.61       211  1.5172
 24 83.46        71 77.47       118 58.52       165  0.459      212  1.46534
 25 14.4         72 75.54       119 73.39       166  0.52       213  1.83692
 26  9.6         73 62.23       120 81          167  0.332      214  1.90183
 27 13.6         74 65          121  0.635      168  0.637      215  1.6108
 28 15.64        75 67.03       122  0          169  0.239      216  1.46703
 29 15           76 69.15       123  0.571      170  0.687      217  0.862819
 30 26.2         77 61.16       124  0          171  0.146      218  0.226412
 31 26.2         78 61.05       125  0.551      172  0.678      219  1.56008
 32 24.68        79 61.05       126  0          173 70          220  1.5787
 33 18.12        80 57.25       127 62.33       174 72.12       221  1.55416
 34 21.68        81 62.15       128 74.3        175 59.64       222  1.62393
 35 25.68        82 58.96       129 69.99       176 50.69       223  0.388477
 36 30.8         83 54.9        130 77.33       177 72.6        224  0
 37 30.88        84 53.6        131 73.95       178 72.5        225  0.505047
 38 29.4         85 49.3        132 69.99       179 85.02       226  0.998086
 39 28.6         86 54.23       133 69.99       180 83.61       227  1.14973
 40 28.8         87 53.3        134 59.64       181 83.46       228  0.982538
 41 31.16        88 50.3        135 54.23       182  0.081      229  1.04421
 42 32.76        89 47.79       136 60          183  0.609      230  1.08831
 43  8.04        90 53.5        137 60          184  0.053      231  1.13144
 44  5           91 62.5        138 53.46       185  0.472
 45  5.2         92 75.95       139 52.56       186  0.071
 46  7           93 78.95       140 66.52       187  0.25
 47  5.36        94 79.46       141 75          188  0.127
;

param Scen0 (tr)
 :    1	    2	    3	    4	    5	    6	    7	    8	    9	   10	   11	   12	   13	   14	   15	   16	   17	   18	   19	   20	   21	   22	   23	   24	   25	   26	   27	   28	   29	   30	   31	   32	   33	   34	   35	   36	   37	   38	   39	   40	   41	   42	   43	   44	   45	   46	   47	   48	   49	   50	   51	   52	   53	   54	   55	   56	   57	   58	   59	   60	   61	   62	   63	   64	   65	   66	   67	   68	   69	   70	   71	   72	   73	   74	   75	   76	   77	   78	   79	   80	   81	   82	   83	   84	   85	   86	   87	   88	   89	   90	   91	   92	   93	   94	   95	   96	   97	   98	   99	  100	  101	  102	  103	  104	  105	  106	  107	  108	  109	  110	  111	  112	  113	  114	  115	  116	  117	  118	  119	  120	  121	  122	  123	  124	  125	  126	  127	  128	  129	  130	  131	  132	  133	  134	  135	  136	  137	  138	  139	  140	  141	  142	  143	  144	  145	  146	  147	  148	  149	  150	  151	  152	  153	  154	  155	  156	  157	  158	  159	  160	  161	  162	  163	  164	  165	  166	  167	  168	  169	  170	  171	  172	  173	  174	  175	  176	  177	  178	  179	  180	  181	  182	  183	  184	  185	  186	  187	  188	  189	  190	  191	  192	  193	  194	  195	  196	  197	  198	  199	  200	  201	  202	  203	  204	  205	  206	  207	  208	  209	  210	  211	  212	  213	  214	  215	  216	  217	  218	  219	  220	  221	  222	  223	  224	  225	  226	  227	  228	  229	  230	  231	:=
    1	95.189600	75.123700	67.934500	59.210800	56.875200	57.584300	65.265600	77.635400	113.261000	126.304000	101.681000	71.410600	64.212600	58.720400	54.248700	51.508300	70.231600	72.251800	102.264000	103.778000	104.605000	95.309400	78.007600	63.045600	15.894900	0.704974	8.194720	7.859980	4.929460	0.699927	10.693800	0.000000	1.915020	12.427500	7.243840	32.488200	0.451314	22.888400	26.733200	20.975800	23.210800	49.793300	36.635600	31.375600	5.756600	0.000000	5.863470	15.051000	62.396100	55.527300	60.182300	53.763800	48.084800	70.421400	69.089900	78.390600	109.235000	119.885000	103.935000	84.297200	67.932500	69.486900	57.585000	43.233900	40.640900	47.867900	56.975200	72.529800	68.825500	67.690400	69.923500	70.920800	67.919400	65.376100	66.618600	55.770900	52.189300	75.290500	89.273600	105.947000	131.319000	131.380000	111.422000	91.658400	80.314300	85.733600	86.341700	75.280100	75.479900	82.970300	109.351000	127.698000	129.891000	125.092000	117.034000	115.202000	0.707042	0.000000	0.756894	0.000000	52.406700	54.878300	63.162700	50.214200	46.773400	68.842300	77.911600	87.549200	111.117000	112.348000	87.136200	76.431100	67.019900	66.179900	67.226500	58.680600	55.022400	67.200800	91.747200	104.021000	0.803912	0.000000	0.819011	0.000000	0.860661	0.000000	48.924700	50.144100	59.976100	76.353200	88.167000	91.259500	74.814400	55.940400	52.513500	53.722000	51.973700	55.054200	66.268700	86.975600	90.109900	102.851000	122.579000	0.495640	0.000000	0.443539	0.000000	0.408200	0.011300	0.232262	0.522800	90.723500	99.998700	95.358200	58.825500	18.304600	42.428500	63.949200	46.370500	36.876000	48.071200	111.219000	123.234000	127.568000	0.285559	0.173800	0.325642	1.446700	0.352445	0.073600	0.359982	0.389500	84.434200	66.614300	65.931500	66.527800	70.810100	86.831500	100.235000	96.301900	90.812100	0.351231	0.067600	0.325414	0.023300	0.277423	0.043800	0.260092	0.000200	0.558885	0.000000	0.570630	0.000000	68.944500	76.559700	64.813500	58.292800	0.529808	0.000000	0.488371	0.000000	0.497357	0.000000	0.480757	0.000000	0.413258	0.000000	1.448560	2.997330	25.960000	3.239820	1.588420	7.058050	1.285610	0.000000	0.947791	1.462780	2.753770	0.485916	2.441770	0.000000	0.000000	182.454000	4.328250	0.000000	2.793330	0.806289	0.592813	0.978529	0.861383	0.947176	
    2	91.478500	77.076300	63.432000	58.608300	55.519400	49.859000	73.854100	86.084500	111.790000	123.673000	103.647000	89.106900	84.042600	78.488500	66.289700	68.858800	70.072800	67.654200	98.696200	95.016600	98.695300	85.400400	86.629200	81.304500	7.309330	0.000000	0.000000	0.000000	0.000000	0.000000	7.717110	22.775000	19.231100	25.030600	31.613400	55.756300	48.736200	48.357200	49.586600	51.025100	39.684700	52.685900	43.911500	30.862300	10.396500	7.218920	10.050600	21.248900	86.205600	63.561100	66.317100	66.080700	64.569700	50.964600	70.142800	82.641900	101.152000	109.859000	93.290100	84.498600	74.504400	72.004700	69.407700	63.420900	58.841900	52.293400	90.092800	96.708500	107.629000	90.790100	97.541400	95.877000	86.591600	85.237500	80.362000	80.896800	77.730000	69.719900	94.856100	111.501000	125.694000	120.656000	97.335500	86.032800	85.007100	86.920700	75.196600	76.678800	70.174000	62.774600	103.808000	119.362000	135.017000	117.831000	108.770000	103.086000	0.681125	0.000000	0.666030	0.000000	87.011300	69.558500	70.369300	70.523100	61.182500	62.493000	79.359800	90.203800	85.130700	81.447400	74.731000	69.160900	64.557600	70.001200	71.939600	71.554500	67.485400	66.656600	96.123000	106.915000	0.630386	0.000000	0.590563	0.000000	0.549536	0.000000	81.181000	92.154100	86.660500	76.644600	110.377000	106.943000	72.448300	53.121100	49.670100	51.473800	53.529200	52.864800	60.863200	74.845100	100.323000	121.809000	129.857000	0.495640	0.000000	0.443539	0.000000	0.408200	0.063900	0.448492	0.040800	52.217700	72.811100	62.057100	58.627400	59.317600	61.885400	61.491300	59.703400	61.741000	61.891700	96.300600	93.647100	108.788000	0.535546	0.763500	0.565954	0.311400	0.555810	5.702900	0.534479	0.391100	52.385000	52.229500	46.268200	42.402500	36.844300	49.944600	88.202600	112.002000	119.711000	0.497137	0.270400	0.183619	1.257500	0.149334	0.041500	0.153356	0.002600	0.220137	0.000000	0.237394	0.000000	80.363100	68.510000	72.431700	61.621700	0.268878	0.000000	0.338474	0.000000	0.401143	0.000000	0.378360	0.000000	0.303663	0.000000	1.463250	3.303330	36.962000	3.433460	0.000000	6.410490	0.654048	0.000000	0.860803	2.217300	2.417570	1.672610	2.270630	1.586510	2.181180	211.548000	0.000000	4.966320	1.187200	0.995232	0.923457	1.194850	1.062730	1.002010	
    3	95.189600	75.123700	67.934500	59.210800	56.875200	57.584300	65.265600	77.635400	113.261000	126.304000	101.681000	71.410600	64.212600	58.720400	54.248700	51.508300	70.231600	72.251800	102.264000	103.778000	104.605000	95.309400	78.007600	63.045600	15.894900	0.704974	8.194720	7.859980	4.929460	0.699927	10.693800	0.000000	1.915020	12.427500	7.243840	32.488200	0.451314	22.888400	26.733200	20.975800	23.210800	49.793300	36.635600	31.375600	5.756600	0.000000	5.863470	15.051000	62.396100	55.527300	60.182300	53.763800	48.084800	70.421400	69.089900	78.390600	109.235000	119.885000	103.935000	84.297200	67.932500	69.486900	57.585000	43.233900	40.640900	47.867900	56.975200	72.529800	68.825500	67.690400	69.923500	70.920800	67.919400	65.376100	66.618600	55.770900	52.189300	75.290500	89.273600	105.947000	131.319000	131.380000	111.422000	91.658400	80.314300	85.733600	86.341700	75.280100	75.479900	82.970300	109.351000	127.698000	129.891000	125.092000	117.034000	115.202000	0.707042	0.000000	0.756894	0.000000	52.406700	54.878300	63.162700	50.214200	46.773400	68.842300	77.911600	87.549200	111.117000	112.348000	87.136200	76.431100	67.019900	66.179900	67.226500	58.680600	55.022400	67.200800	91.747200	104.021000	0.803912	0.000000	0.819011	0.000000	0.860661	0.000000	48.924700	50.144100	59.976100	76.353200	88.167000	91.259500	74.814400	55.940400	52.513500	53.722000	51.973700	55.054200	66.268700	86.975600	90.109900	102.851000	122.579000	0.495640	0.000000	0.443539	0.000000	0.408200	0.011300	0.448492	0.121900	89.769100	86.523200	31.642800	36.355500	40.498100	55.679500	61.060700	65.638600	61.205600	47.805500	71.612300	94.502200	95.049600	0.535546	0.330300	0.565954	0.675200	0.555810	1.860000	0.534479	1.537800	55.541600	49.370400	48.377000	55.452500	75.288600	101.793000	122.100000	101.417000	129.795000	0.497137	0.963600	0.447296	0.513200	0.389590	0.662300	0.394921	0.006100	0.431701	0.000000	0.454341	0.000000	104.195000	88.321400	92.029500	61.758100	0.426527	0.000000	0.387539	0.000000	0.376048	0.000000	0.364072	0.000000	0.313752	0.000000	0.723107	2.328950	11.083800	2.488230	0.000000	6.163250	1.001010	0.000000	0.828076	1.972090	1.923630	0.685549	0.896728	0.181223	0.564245	143.566000	13.003000	0.000000	0.019466	0.553776	0.542749	0.817168	0.660902	0.627901	
    4	87.249200	78.359500	61.701000	50.671400	45.484500	46.818700	66.938300	69.015400	110.603000	121.278000	91.192700	82.087800	72.524400	63.433700	58.429500	60.064200	64.114900	84.376900	112.067000	124.723000	109.568000	96.460300	84.851800	74.298100	3.148200	6.802120	9.084080	8.990480	8.017050	10.215600	14.672000	17.408600	14.393600	29.659700	30.909500	43.527600	49.993000	38.186700	44.657300	34.288000	47.010600	56.430300	47.033300	30.373100	15.637300	12.309300	11.119600	32.376800	84.728100	58.349700	56.724100	53.736600	46.010800	45.035600	57.537000	65.911900	90.723100	105.937000	96.645700	83.233400	68.616600	64.032400	57.483600	50.598900	44.694300	51.860600	64.766800	92.136100	122.471000	103.916000	99.825200	94.157900	77.655600	87.154300	79.278200	78.013900	71.471600	73.485000	82.708200	104.864000	135.190000	131.920000	101.188000	82.263400	79.435700	81.913400	83.510000	77.872800	80.530900	85.321200	108.728000	132.475000	119.811000	106.798000	107.526000	104.428000	0.676718	0.000000	0.663840	0.000000	76.581500	65.619000	56.188000	55.901000	47.241400	48.495400	63.495700	79.688500	83.413700	82.298900	75.920500	69.705000	66.023000	64.892900	73.156500	71.950600	70.668700	79.589400	98.511900	109.592000	0.638119	0.000000	0.610278	0.000000	0.563097	0.000000	63.464300	85.656500	82.439100	70.390100	80.592700	81.270800	75.977700	67.008400	67.671900	68.600300	69.557500	69.732100	73.312900	80.287000	105.202000	116.874000	117.676000	0.506839	0.000000	0.456298	0.000000	0.410001	0.005400	0.428648	0.086800	87.627000	92.708000	60.925000	55.830300	66.643800	42.054700	50.167400	50.032900	48.446900	65.588200	89.525600	95.851600	99.609800	0.474865	0.876100	0.534329	1.872300	0.414915	1.040000	0.427713	0.824900	61.136300	63.283600	60.304700	49.021500	78.677100	104.784000	111.056000	112.140000	82.751300	0.543976	0.265200	0.504452	0.511800	0.419051	0.153100	0.412840	0.001400	0.443521	0.000000	0.448937	0.000000	101.687000	55.276200	58.175700	47.194500	0.442826	0.000000	0.431819	0.000000	0.437531	0.000000	0.430425	0.000000	0.382111	0.000000	1.114120	4.177650	13.915700	4.518420	0.528371	6.766160	1.562330	1.283230	0.997857	1.495510	0.408705	0.000000	0.531079	0.551288	1.700130	203.333000	4.741820	0.000000	0.732698	0.655304	0.665359	0.951835	0.842228	0.877548	
    5	87.249200	78.359500	61.701000	50.671400	45.484500	46.818700	66.938300	69.015400	110.603000	121.278000	91.192700	82.087800	72.524400	63.433700	58.429500	60.064200	64.114900	84.376900	112.067000	124.723000	109.568000	96.460300	84.851800	74.298100	3.148200	6.802120	9.084080	8.990480	8.017050	10.215600	14.672000	17.408600	14.393600	29.659700	30.909500	43.527600	49.993000	38.186700	44.657300	34.288000	47.010600	56.430300	47.033300	30.373100	15.637300	12.309300	11.119600	32.376800	84.728100	58.349700	56.724100	53.736600	46.010800	45.035600	57.537000	65.911900	90.723100	105.937000	96.645700	83.233400	68.616600	64.032400	57.483600	50.598900	44.694300	51.860600	64.766800	92.136100	122.471000	103.916000	99.825200	94.157900	77.655600	87.154300	79.278200	78.013900	71.471600	73.485000	82.708200	104.864000	135.190000	131.920000	101.188000	82.263400	79.435700	81.913400	83.510000	77.872800	80.530900	85.321200	108.728000	132.475000	119.811000	106.798000	107.526000	104.428000	0.676718	0.000000	0.663840	0.000000	76.581500	65.619000	56.188000	55.901000	47.241400	48.495400	63.495700	79.688500	83.413700	82.298900	75.920500	69.705000	66.023000	64.892900	73.156500	71.950600	70.668700	79.589400	98.511900	109.592000	0.638119	0.000000	0.610278	0.000000	0.563097	0.000000	63.464300	85.656500	82.439100	70.390100	80.592700	81.270800	75.977700	67.008400	67.671900	68.600300	69.557500	69.732100	73.312900	80.287000	105.202000	116.874000	117.676000	0.506839	0.000000	0.456298	0.000000	0.410001	0.005400	0.428648	0.086800	87.627000	92.708000	60.925000	55.830300	66.643800	42.054700	50.167400	50.032900	48.446900	65.588200	89.525600	95.851600	99.609800	0.474865	0.876100	0.534329	1.872300	0.414915	1.040000	0.427713	0.824900	61.136300	63.283600	60.304700	49.021500	78.677100	104.784000	111.056000	112.140000	82.751300	0.543976	0.265200	0.504452	0.511800	0.419051	0.153100	0.412840	0.001400	0.443521	0.000000	0.448937	0.000000	101.687000	55.276200	58.175700	47.194500	0.442826	0.000000	0.431819	0.000000	0.437531	0.000000	0.430425	0.000000	0.382111	0.000000	1.114120	4.177650	13.915700	4.518420	0.528371	6.766160	1.562330	1.283230	0.997857	1.495510	0.408705	0.000000	0.531079	0.551288	1.700130	203.333000	4.741820	0.000000	0.732698	0.655304	0.665359	0.951835	0.842228	0.877548	
    6	95.189600	75.123700	67.934500	59.210800	56.875200	57.584300	65.265600	77.635400	113.261000	126.304000	101.681000	71.410600	64.212600	58.720400	54.248700	51.508300	70.231600	72.251800	102.264000	103.778000	104.605000	95.309400	78.007600	63.045600	15.894900	0.704974	8.194720	7.859980	4.929460	0.699927	10.693800	0.000000	1.915020	12.427500	7.243840	32.488200	0.451314	22.888400	26.733200	20.975800	23.210800	49.793300	36.635600	31.375600	5.756600	0.000000	5.863470	15.051000	96.688900	66.583500	68.157200	65.757300	66.356500	62.189800	67.552200	70.011300	92.541700	103.355000	93.610700	71.496800	60.456800	57.470600	52.243100	46.632600	44.741900	49.119400	85.398500	93.564400	101.621000	79.537200	73.995200	75.635000	93.947000	71.088000	67.886100	65.784500	64.528500	66.065400	74.074000	82.915800	100.393000	98.064900	79.110500	60.872900	55.946300	64.176300	64.763200	57.076200	61.459300	74.579300	111.781000	125.703000	133.646000	113.620000	104.384000	99.536500	0.653268	0.000000	0.602709	0.000000	92.366900	61.896700	56.627600	52.323400	51.225000	49.688500	58.651600	70.702100	78.172600	73.660400	64.122300	54.986800	49.082400	54.094300	61.249400	58.963900	82.702600	92.532600	117.864000	114.750000	0.561460	0.000000	0.535952	0.000000	0.525179	0.000000	56.442000	57.940000	77.899500	81.065500	99.110400	98.057100	85.623400	76.033600	65.961500	60.411800	61.566400	56.777900	53.693300	64.790000	76.810200	86.754600	94.428100	0.455230	0.000000	0.380473	0.000000	0.305389	0.004900	0.319822	0.145600	121.425000	74.718300	47.315100	35.324300	25.866200	23.091300	17.039200	17.218300	20.330100	32.755800	39.388700	51.284700	52.679300	0.382170	0.649700	0.429707	2.144900	0.451888	0.343700	0.462850	0.092700	39.945600	44.694100	33.227000	40.560400	50.802400	83.459600	89.153300	118.194000	134.052000	0.472620	0.138200	0.461202	0.416700	0.423010	0.099100	0.410278	0.002600	0.447675	0.000000	0.460995	0.000000	110.877000	101.981000	102.097000	46.098200	0.432225	0.000000	0.407579	0.000000	0.412210	0.000000	0.394813	0.000000	0.317929	0.000000	1.292320	3.252370	16.845200	3.160510	0.000000	6.721750	1.493390	0.620310	0.918531	1.995280	0.924235	0.000000	0.116144	0.964507	0.000000	133.677000	0.000000	0.000000	0.000000	0.371310	0.240510	1.132980	0.898451	0.788060	
    7	95.189600	75.123700	67.934500	59.210800	56.875200	57.584300	65.265600	77.635400	113.261000	126.304000	101.681000	71.410600	64.212600	58.720400	54.248700	51.508300	70.231600	72.251800	102.264000	103.778000	104.605000	95.309400	78.007600	63.045600	15.894900	0.704974	8.194720	7.859980	4.929460	0.699927	10.693800	0.000000	1.915020	12.427500	7.243840	32.488200	0.451314	22.888400	26.733200	20.975800	23.210800	49.793300	36.635600	31.375600	5.756600	0.000000	5.863470	15.051000	96.688900	66.583500	68.157200	65.757300	66.356500	62.189800	67.552200	70.011300	92.541700	103.355000	93.610700	71.496800	60.456800	57.470600	52.243100	46.632600	44.741900	49.119400	85.398500	93.564400	101.621000	79.537200	73.995200	75.635000	93.947000	71.088000	67.886100	65.784500	64.528500	66.065400	74.074000	82.915800	100.393000	98.064900	79.110500	60.872900	55.946300	64.176300	64.763200	57.076200	61.459300	74.579300	111.781000	125.703000	133.646000	113.620000	104.384000	99.536500	0.653268	0.000000	0.602709	0.000000	92.366900	61.896700	56.627600	52.323400	51.225000	49.688500	58.651600	70.702100	78.172600	73.660400	64.122300	54.986800	49.082400	54.094300	61.249400	58.963900	82.702600	92.532600	117.864000	114.750000	0.561460	0.000000	0.535952	0.000000	0.525179	0.000000	56.442000	57.940000	77.899500	81.065500	99.110400	98.057100	85.623400	76.033600	65.961500	60.411800	61.566400	56.777900	53.693300	64.790000	76.810200	86.754600	94.428100	0.521615	0.000000	0.516574	0.000000	0.487628	0.012300	0.520815	0.341900	85.814700	67.021100	64.645400	47.983800	47.499400	55.524200	46.347800	44.932200	44.793500	56.715800	91.016600	91.642700	94.925400	0.547515	0.254400	0.561819	0.138100	0.574342	3.159100	0.587252	0.445000	90.014300	51.141700	49.698100	54.736100	55.506000	114.113000	128.888000	127.354000	120.951000	0.580302	2.965700	0.543317	2.951400	0.517636	0.123400	0.640225	0.002000	0.654393	0.000000	0.660950	0.000000	66.197400	42.652900	106.151000	78.471600	0.638441	0.000000	0.633484	0.000000	0.638845	0.000000	0.622337	0.000000	0.586818	0.000000	1.023790	2.342890	32.139800	2.499300	0.000000	4.545700	0.332025	0.000000	0.784365	2.179190	1.172770	0.589212	1.168940	1.170730	0.393440	111.831000	82.570100	0.109477	0.246968	0.732780	1.028970	0.975195	0.878277	0.917887	
    8	91.478500	77.076300	63.432000	58.608300	55.519400	49.859000	73.854100	86.084500	111.790000	123.673000	103.647000	89.106900	84.042600	78.488500	66.289700	68.858800	70.072800	67.654200	98.696200	95.016600	98.695300	85.400400	86.629200	81.304500	7.309330	0.000000	0.000000	0.000000	0.000000	0.000000	7.717110	22.775000	19.231100	25.030600	31.613400	55.756300	48.736200	48.357200	49.586600	51.025100	39.684700	52.685900	43.911500	30.862300	10.396500	7.218920	10.050600	21.248900	86.205600	63.561100	66.317100	66.080700	64.569700	50.964600	70.142800	82.641900	101.152000	109.859000	93.290100	84.498600	74.504400	72.004700	69.407700	63.420900	58.841900	52.293400	90.092800	96.708500	107.629000	90.790100	97.541400	95.877000	82.996600	80.203400	71.875700	74.012700	68.726800	81.528000	98.340600	99.587100	121.318000	119.328000	93.505900	83.229200	77.689300	78.235200	79.388400	78.759800	81.017000	84.052200	116.930000	153.087000	149.237000	136.817000	121.098000	111.103000	0.652066	0.000000	0.606824	0.000000	64.520700	58.430600	62.263600	64.011300	52.594500	61.206300	84.366500	102.051000	124.784000	116.206000	104.404000	98.050300	96.411300	100.830000	104.026000	107.201000	103.315000	98.745600	127.364000	143.376000	0.551655	0.000000	0.501508	0.000000	0.460481	0.000000	75.634000	72.944300	91.740200	101.304000	117.321000	99.785800	73.280800	72.668300	68.195300	74.399600	73.141000	50.178400	54.476000	64.563400	66.404100	77.519800	74.274500	0.423656	0.000000	0.372498	0.000000	0.461673	0.008500	0.454418	0.139000	127.483000	126.067000	48.663700	56.728700	18.630400	25.175600	12.243000	7.626880	19.098100	25.441200	41.531900	62.025600	88.129100	0.509333	0.076000	0.551705	1.092700	0.558136	0.990500	0.551686	0.944800	75.284100	76.487400	80.585800	51.383900	54.489200	69.457000	89.333600	94.825000	94.924100	0.547185	0.448700	0.534227	1.956000	0.511826	0.549800	0.514755	0.047400	0.565970	0.000000	0.591148	0.000000	80.983700	77.670900	72.091300	45.552700	0.584616	0.000000	0.597419	0.000000	0.620259	0.000000	0.609694	0.000000	0.544528	0.000000	1.501410	3.996060	23.418700	4.544970	0.070993	8.088520	1.577970	3.878910	1.029240	1.681230	2.018010	0.672740	1.554850	0.000000	0.935879	252.519000	31.665100	0.000000	0.647915	0.703254	0.769510	0.951413	0.669950	0.656660	
    9	87.249200	78.359500	61.701000	50.671400	45.484500	46.818700	66.938300	69.015400	110.603000	121.278000	91.192700	82.087800	72.524400	63.433700	58.429500	60.064200	64.114900	84.376900	112.067000	124.723000	109.568000	96.460300	84.851800	74.298100	3.148200	6.802120	9.084080	8.990480	8.017050	10.215600	14.672000	17.408600	14.393600	29.659700	30.909500	43.527600	49.993000	38.186700	44.657300	34.288000	47.010600	56.430300	47.033300	30.373100	15.637300	12.309300	11.119600	32.376800	84.728100	58.349700	56.724100	53.736600	46.010800	45.035600	57.537000	65.911900	90.723100	105.937000	96.645700	83.233400	68.616600	64.032400	57.483600	50.598900	44.694300	51.860600	64.766800	92.136100	122.471000	103.916000	99.825200	94.157900	77.655600	87.154300	79.278200	78.013900	71.471600	73.485000	82.708200	104.864000	135.190000	131.920000	101.188000	82.263400	79.435700	81.913400	83.510000	77.872800	80.530900	85.321200	108.728000	132.475000	119.811000	106.798000	107.526000	104.428000	0.676718	0.000000	0.663840	0.000000	76.581500	65.619000	56.188000	55.901000	47.241400	48.495400	63.495700	79.688500	83.413700	82.298900	75.920500	69.705000	66.023000	64.892900	73.156500	71.950600	70.668700	79.589400	98.511900	109.592000	0.638119	0.000000	0.610278	0.000000	0.563097	0.000000	63.464300	85.656500	82.439100	70.390100	80.592700	81.270800	75.977700	67.008400	67.671900	68.600300	69.557500	69.732100	73.312900	80.287000	105.202000	116.874000	117.676000	0.506839	0.000000	0.456298	0.000000	0.410001	0.005400	0.428648	0.086800	87.627000	92.708000	60.925000	55.830300	66.643800	42.054700	50.167400	50.032900	48.446900	65.588200	89.525600	95.851600	99.609800	0.474865	0.876100	0.534329	1.872300	0.414915	1.040000	0.427713	0.824900	61.136300	63.283600	60.304700	49.021500	78.677100	104.784000	111.056000	112.140000	82.751300	0.543976	0.265200	0.504452	0.511800	0.419051	0.153100	0.412840	0.001400	0.443521	0.000000	0.448937	0.000000	101.687000	55.276200	58.175700	47.194500	0.442826	0.000000	0.431819	0.000000	0.437531	0.000000	0.430425	0.000000	0.382111	0.000000	1.114120	4.177650	13.915700	4.518420	0.528371	6.766160	1.562330	1.283230	0.997857	1.495510	0.408705	0.000000	0.531079	0.551288	1.700130	203.333000	4.741820	0.000000	0.732698	0.655304	0.665359	0.951835	0.842228	0.877548	
   10	91.478500	77.076300	63.432000	58.608300	55.519400	49.859000	73.854100	86.084500	111.790000	123.673000	103.647000	89.106900	84.042600	78.488500	66.289700	68.858800	70.072800	67.654200	98.696200	95.016600	98.695300	85.400400	86.629200	81.304500	7.309330	0.000000	0.000000	0.000000	0.000000	0.000000	7.717110	22.775000	19.231100	25.030600	31.613400	55.756300	48.736200	48.357200	49.586600	51.025100	39.684700	52.685900	43.911500	30.862300	10.396500	7.218920	10.050600	21.248900	86.205600	63.561100	66.317100	66.080700	64.569700	50.964600	70.142800	82.641900	101.152000	109.859000	93.290100	84.498600	74.504400	72.004700	69.407700	63.420900	58.841900	52.293400	90.092800	96.708500	107.629000	90.790100	97.541400	95.877000	92.047200	63.701400	57.590100	55.521500	51.626400	58.431000	73.701800	94.034800	118.047000	109.290000	89.238700	85.395200	84.015400	88.645100	90.987100	90.579000	85.858100	88.781900	107.728000	130.485000	132.121000	132.260000	128.247000	115.343000	0.670171	0.000000	0.635614	0.000000	95.566000	53.741300	53.165900	48.135900	43.949900	36.681900	46.220200	61.065600	91.490700	89.340700	67.667400	56.808000	48.487400	53.141400	53.885000	52.577600	55.512900	70.957700	85.112100	94.025100	0.598698	0.000000	0.551847	0.000000	0.511791	0.000000	73.213800	65.123300	77.080900	88.009200	97.911700	83.640400	71.305900	63.058300	56.936900	57.532900	52.462600	36.651000	54.720800	61.538300	84.268300	110.169000	107.121000	0.500880	0.000000	0.481529	0.000000	0.473291	0.091200	0.628873	0.223000	75.509600	66.586100	14.263100	0.000000	7.125310	12.906700	13.076000	80.523200	81.326600	89.747300	112.345000	129.430000	127.226000	0.764531	0.364300	0.855986	3.626600	0.914084	0.878200	0.931731	0.150500	93.749500	82.252900	75.426900	56.939900	93.291900	107.860000	110.582000	137.959000	112.487000	0.935759	0.396500	0.913780	0.982600	0.864869	6.488900	0.826356	0.002200	0.863203	0.000000	0.873756	0.000000	106.252000	85.729100	75.372300	103.854000	0.812159	0.000000	0.813753	0.000000	0.823914	0.000000	0.788753	0.000000	0.722558	0.000000	1.401430	3.597700	15.383400	3.179790	0.000000	6.742940	2.148040	0.000000	0.883733	1.698260	1.128020	0.150216	1.273110	3.777170	0.318410	0.000000	107.286000	2.938680	0.482910	0.494534	0.660605	0.977624	0.928189	0.887918	
;
param Prob0 :=
    1	0.100
    2	0.100
    3	0.100
    4	0.300
    5	0.000
    6	0.100
    7	0.100
    8	0.100
    9	0.000
   10	0.100
;
set c[0,5] := 5 1 2 3 4 6 7 8 9 10;
set c[1,5] := 5 4 9;
set c[1,7] := 7 1 3 6;
set c[1,2] := 2 8 10;
set c[2,3] := 3 7 1 6;
set c[2,8] := 8 2 10;
set c[2,4] := 4 5 9;
set c[3,2] := 2 8 10;
set c[3,9] := 9 4 5;
set c[3,3] := 3 1;
set c[3,7] := 7 6;
set c[4,5] := 5 9 4;
set c[4,3] := 3 1;
set c[4,7] := 7 6;
set c[4,8] := 8;
set c[4,2] := 2;
set c[4,10] := 10;
set c[5,8] := 8;
set c[5,10] := 10;
set c[5,7] := 7 6;
set c[5,3] := 3 1;
set c[5,2] := 2;
set c[5,9] := 9 5 4;
set c[6,10] := 10;
set c[6,9] := 9 5 4;
set c[6,2] := 2;
set c[6,3] := 3 1;
set c[6,7] := 7 6;
set c[6,8] := 8;
set c[7,3] := 3 1;
set c[7,5] := 5 9 4;
set c[7,2] := 2;
set c[7,7] := 7 6;
set c[7,8] := 8;
set c[7,10] := 10;
set c[8,8] := 8;
set c[8,2] := 2;
set c[8,9] := 9 5 4;
set c[8,10] := 10;
set c[8,7] := 7 6;
set c[8,3] := 3 1;
set c[9,7] := 7 6;
set c[9,9] := 9 5 4;
set c[9,3] := 3 1;
set c[9,10] := 10;
set c[9,2] := 2;
set c[9,8] := 8;
set c[10,3] := 3 1;
set c[10,5] := 5 9 4;
set c[10,10] := 10;
set c[10,8] := 8;
set c[10,2] := 2;
set c[10,7] := 7 6;
set c[11,2] := 2;
set c[11,8] := 8;
set c[11,4] := 4 5 9;
set c[11,7] := 7 6;
set c[11,10] := 10;
set c[11,3] := 3 1;
set c[12,3] := 3 1;
set c[12,7] := 7;
set c[12,6] := 6;
set c[12,10] := 10;
set c[12,8] := 8;
set c[12,5] := 5 4 9;
set c[12,2] := 2;
set c[13,2] := 2;
set c[13,6] := 6;
set c[13,7] := 7;
set c[13,10] := 10;
set c[13,4] := 4 5 9;
set c[13,8] := 8;
set c[13,3] := 3 1;
set c[14,7] := 7;
set c[14,3] := 3 1;
set c[14,10] := 10;
set c[14,6] := 6;
set c[14,9] := 9 4 5;
set c[14,8] := 8;
set c[14,2] := 2;
set c[15,10] := 10;
set c[15,3] := 3;
set c[15,1] := 1;
set c[15,8] := 8;
set c[15,9] := 9 4 5;
set c[15,2] := 2;
set c[15,6] := 6;
set c[15,7] := 7;
set c[16,6] := 6;
set c[16,5] := 5 9 4;
set c[16,8] := 8;
set c[16,1] := 1;
set c[16,2] := 2;
set c[16,7] := 7;
set c[16,3] := 3;
set c[16,10] := 10;
set c[17,2] := 2;
set c[17,7] := 7;
set c[17,3] := 3;
set c[17,1] := 1;
set c[17,8] := 8;
set c[17,10] := 10;
set c[17,5] := 5 9 4;
set c[17,6] := 6;
set c[18,9] := 9 5 4;
set c[18,7] := 7;
set c[18,6] := 6;
set c[18,10] := 10;
set c[18,1] := 1;
set c[18,8] := 8;
set c[18,3] := 3;
set c[18,2] := 2;
set c[19,6] := 6;
set c[19,1] := 1;
set c[19,10] := 10;
set c[19,2] := 2;
set c[19,3] := 3;
set c[19,8] := 8;
set c[19,7] := 7;
set c[19,5] := 5 9 4;
set c[20,7] := 7;
set c[20,5] := 5 9 4;
set c[20,3] := 3;
set c[20,1] := 1;
set c[20,2] := 2;
set c[20,10] := 10;
set c[20,8] := 8;
set c[20,6] := 6;
set c[21,5] := 5 9 4;
set c[21,8] := 8;
set c[21,10] := 10;
set c[21,6] := 6;
set c[21,1] := 1;
set c[21,3] := 3;
set c[21,2] := 2;
set c[21,7] := 7;
set c[22,1] := 1;
set c[22,10] := 10;
set c[22,3] := 3;
set c[22,2] := 2;
set c[22,8] := 8;
set c[22,7] := 7;
set c[22,6] := 6;
set c[22,9] := 9 5 4;
set c[23,3] := 3;
set c[23,7] := 7;
set c[23,6] := 6;
set c[23,8] := 8;
set c[23,2] := 2;
set c[23,9] := 9 5 4;
set c[23,10] := 10;
set c[23,1] := 1;
set c[24,10] := 10;
set c[24,2] := 2;
set c[24,1] := 1;
set c[24,5] := 5 9 4;
set c[24,8] := 8;
set c[24,7] := 7;
set c[24,6] := 6;
set c[24,3] := 3;
set c[25,9] := 9 5 4;
set c[25,3] := 3;
set c[25,6] := 6;
set c[25,7] := 7;
set c[25,8] := 8;
set c[25,2] := 2;
set c[25,1] := 1;
set c[25,10] := 10;
set c[26,3] := 3;
set c[26,8] := 8;
set c[26,10] := 10;
set c[26,6] := 6;
set c[26,1] := 1;
set c[26,2] := 2;
set c[26,7] := 7;
set c[26,9] := 9 5 4;
set c[27,8] := 8;
set c[27,1] := 1;
set c[27,10] := 10;
set c[27,6] := 6;
set c[27,2] := 2;
set c[27,7] := 7;
set c[27,5] := 5 9 4;
set c[27,3] := 3;
set c[28,6] := 6;
set c[28,2] := 2;
set c[28,1] := 1;
set c[28,4] := 4 5 9;
set c[28,7] := 7;
set c[28,3] := 3;
set c[28,10] := 10;
set c[28,8] := 8;
set c[29,5] := 5 4 9;
set c[29,2] := 2;
set c[29,1] := 1;
set c[29,3] := 3;
set c[29,8] := 8;
set c[29,7] := 7;
set c[29,10] := 10;
set c[29,6] := 6;
set c[30,8] := 8;
set c[30,1] := 1;
set c[30,7] := 7;
set c[30,6] := 6;
set c[30,10] := 10;
set c[30,2] := 2;
set c[30,3] := 3;
set c[30,4] := 4 5 9;
set c[31,7] := 7;
set c[31,6] := 6;
set c[31,1] := 1;
set c[31,9] := 9 4 5;
set c[31,10] := 10;
set c[31,2] := 2;
set c[31,3] := 3;
set c[31,8] := 8;
set c[32,3] := 3;
set c[32,8] := 8;
set c[32,5] := 5 9 4;
set c[32,10] := 10;
set c[32,2] := 2;
set c[32,1] := 1;
set c[32,6] := 6;
set c[32,7] := 7;
set c[33,10] := 10;
set c[33,5] := 5 9 4;
set c[33,6] := 6;
set c[33,8] := 8;
set c[33,2] := 2;
set c[33,7] := 7;
set c[33,1] := 1;
set c[33,3] := 3;
set c[34,2] := 2;
set c[34,7] := 7;
set c[34,1] := 1;
set c[34,3] := 3;
set c[34,6] := 6;
set c[34,8] := 8;
set c[34,4] := 4 5 9;
set c[34,10] := 10;

