#erel:= 0.850;
#emax:= 2473.535;
#q:= 0.000;
#nesce:=     6;
#etime:= 0.031;
#snodes:=   192;
param nS:=    10;
param nSG:=    34;
param nRVSG [*] :=
 1 24    5  2    9  2   13  2   17  2   21  9   25  2   29  2   33  2
 2 24    6  2   10  2   14  2   18  2   22  2   26  2   30  2   34 24
 3 24    7 20   11 17   15  2   19  2   23  2   27  2   31  2
 4 24    8  2   12  2   16 13   20  2   24  2   28  4   32  2
;

param ScenF [*] :=
  1  39.1163      59  19.7985     117  27.7391     175  31.1684
  2  55.609       60  21.3749     118  29.1579     176  30.6633
  3  43.3563      61  19.347      119  54.3978     177  32.4649
  4  36.256       62  19.0007     120  46.6785     178  53.4177
  5  35.4715      63  23.2201     121   0.413341   179  77.1809
  6  36.7408      64  29.0777     122   0          180  90.9003
  7  42.0806      65  31.1975     123   0.365757   181  64.2812
  8  39.6156      66  37.6078     124   0          182   0.428431
  9  45.7866      67  49.4551     125   0.305846   183   0.4551
 10  42.4763      68  68.3281     126   0          184   0.426121
 11  39.5254      69  90.3677     127   7.40824    185   0.2885
 12  32.8122      70  88.6684     128  25.8778     186   0.411703
 13  36.7759      71  86.2957     129  24.83       187   0.1215
 14  41.1579      72  70.4352     130  23.9817     188   0.38204
 15  42.8446      73  10.8509     131  36.4782     189   0.0017
 16  37.8537      74  22.3348     132  43.4447     190   0.332687
 17  41.3164      75   9.11862    133  43.2524     191   0
 18  55.1908      76   1.14478    134  48.3207     192   0.27405
 19  72.0189      77   3.52219    135  55.7829     193   0
 20  91.4123      78   0.300105   136  63.5135     194  88.1761
 21  93.3622      79   0          137  64.9401     195  80.048
 22  91.3903      80   0          138  60.7802     196  53.5875
 23  93.2748      81   0          139  59.9595     197  49.0931
 24  73.4841      82   0          140  71.9565     198   0.232839
 25  49.4937      83  10.3281     141  79.596      199   0
 26  64.501       84  20.8861     142  83.6974     200   0.206062
 27  77.2862      85  23.8195     143  63.9764     201   0
 28  82.9189      86  26.376      144   0.263438   202   0.214975
 29  86.4924      87  32.6268     145   0          203   0
 30  78.3244      88  32.4028     146   0.250015   204   0.247814
 31  69.3683      89  33.6486     147   0          205   0
 32  55.2681      90  22.1904     148   0.257453   206   0.250437
 33  62.2518      91  32.0733     149   0.0002     207   0
 34  79.2198      92  50.6292     150   0.224918   208   2.61503
 35  79.8737      93  77.3045     151   0.1317     209   9.99541
 36  74.4555      94  69.8055     152  31.2757     210  94.3182
 37  82.5944      95  65.396      153  30.4662     211  10.0939
 38  72.6494      96  56.4227     154  30.502      212   0
 39  71.9719      97   0.448018   155  17.5015     213  12.7509
 40  77.3065      98   0          156   9.87679    214   0
 41 102.039       99   0.435326   157  14.1767     215   0
 42  80.2404     100   0          158  14.8757     216   0.597522
 43  50.9109     101   0          159  19.6657     217   4.69574
 44  15.1498     102   4.34201    160  18.8302     218   6.21832
 45  28.9381     103   3.46361    161  26.7136     219   5.25105
 46  22.5776     104   0          162  54.4966     220   8.98545
 47  21.2961     105   0          163  72.7954     221   8.13102
 48  16.2424     106   0          164  70.0093     222   7.46642
 49  34.4749     107   0          165   0.262539   223   0
 50  43.5775     108   2.16354    166   0.3869     224  22.2642
 51  29.6361     109   4.50224    167   0.337086   225  51.2124
 52  24.3289     110  14.5615     168   0.5432     226   3.92385
 53  24.1425     111  15.8168     169   0.394978   227   0.982121
 54  26.5883     112  18.7729     170   0.5843     228   0.459994
 55  25.333      113  18.213      171   0.417974   229   1.16243
 56  13.6294     114  27.6012     172   0.5748     230   1.49101
 57   5.70886    115  34.6815     173  28.1301     231   2.3917
 58  10.9875     116  32.8454     174  28.2645
;

param ScenO [*] :=
  1 46.18        48 36.72        95 49.9        142 68.4        189  0
  2 35.45        49 39.26        96 46.99       143 68.64       190  0.195
  3 22.21        50 32           97  0.485      144  0.188      191  0
  4 16.66        51 23.21        98  0          145  0          192  0.191
  5 16.66        52 19.96        99  0.456      146  0.15       193  0
  6 15.8         53 18.66       100  0          147  0          194 66.48
  7 18.53        54 15.85       101 46.43       148  0.087      195 60
  8 24.32        55 21.53       102 37.9        149  0.05       196 63.43
  9 42.1         56 24.32       103 24.66       150  0.037      197 50.05
 10 45.5         57 37.5        104 21.66       151  0.281      198  0.191
 11 45.1         58 45.5        105 21.66       152 44          199  0
 12 42.1         59 42.1        106 22          153 46.01       200  0.204
 13 42           60 44.16       107 23.53       154 48.86       201  0
 14 39.1         61 47          108 29.31       155 50.52       202  0.217
 15 39.99        62 41.76       109 42.22       156 50.4        203  0
 16 39           63 42.65       110 50.05       157 46.92       204  0.235
 17 36.6         64 39.9        111 46.66       158 47.94       205  0
 18 45           65 36.6        112 46.55       159 46.8        206  0.265
 19 50           66 43          113 47.5        160 44.6        207  0
 20 57.06        67 47.1        114 44.1        161 51.75       208  0.206366
 21 62.4         68 54          115 44.99       162 58          209  2.79097
 22 55.4         69 59.5        116 44          163 68.4        210  4.25799
 23 50           70 50.4        117 40.26       164 69.3        211  4.9904
 24 47           71 50          118 47          165  0.008      212  3.80972
 25 32.28        72 44.1        119 54.99       166  0.268      213  0
 26 45.48        73 42.22       120 62.77       167  0.025      214  0
 27 39.96        74 38          121  0.41       168  0.312      215  0.030016
 28 43.32        75 32.21       122  0          169  0.03       216  0
 29 41.84        76 37.83       123  0.346      170  0.462      217  0.321319
 30 47.2         77 35.71       124  0          171  0.033      218  0.205322
 31 42.4         78 31.43       125  0.224      172  0.602      219  0.172209
 32 40           79 28.53       126  0          173 49.27       220  0.699524
 33 32.12        80 29.31       127 47.19       174 46          221  0.574169
 34 34.68        81 42.22       128  3          175 47          222  0.964491
 35 34.6         82 49.4        129  8.53       176 43.29       223  2.50436
 36 38           83 45.1        130 19          177 46          224  2.98279
 37 38.4         84 48.41       131 42.1        178 51.5        225  0.263778
 38 36.28        85 50          132 45.45       179 68.39       226  0.595
 39 35.44        86 44.1        133 48.1        180 67.39       227  0.46197
 40 36.32        87 43.45       134 47.1        181 56.4        228  1.28301
 41 38.76        88 42.9        135 47          182  0.042      229  1.22491
 42 36.36        89 39.15       136 45.35       183  0.53       230  0.4418
 43 40           90 45          137 44.99       184  0.057      231  0.670851
 44 23.36        91 49          138 44.99       185  0.212
 45 37.52        92 56.16       139 42.32       186  0.105
 46 31.68        93 60.4        140 50          187  0.056
 47 36.64        94 52.74       141 55.59       188  0.176
;

param Scen0 (tr)
 :    1	    2	    3	    4	    5	    6	    7	    8	    9	   10	   11	   12	   13	   14	   15	   16	   17	   18	   19	   20	   21	   22	   23	   24	   25	   26	   27	   28	   29	   30	   31	   32	   33	   34	   35	   36	   37	   38	   39	   40	   41	   42	   43	   44	   45	   46	   47	   48	   49	   50	   51	   52	   53	   54	   55	   56	   57	   58	   59	   60	   61	   62	   63	   64	   65	   66	   67	   68	   69	   70	   71	   72	   73	   74	   75	   76	   77	   78	   79	   80	   81	   82	   83	   84	   85	   86	   87	   88	   89	   90	   91	   92	   93	   94	   95	   96	   97	   98	   99	  100	  101	  102	  103	  104	  105	  106	  107	  108	  109	  110	  111	  112	  113	  114	  115	  116	  117	  118	  119	  120	  121	  122	  123	  124	  125	  126	  127	  128	  129	  130	  131	  132	  133	  134	  135	  136	  137	  138	  139	  140	  141	  142	  143	  144	  145	  146	  147	  148	  149	  150	  151	  152	  153	  154	  155	  156	  157	  158	  159	  160	  161	  162	  163	  164	  165	  166	  167	  168	  169	  170	  171	  172	  173	  174	  175	  176	  177	  178	  179	  180	  181	  182	  183	  184	  185	  186	  187	  188	  189	  190	  191	  192	  193	  194	  195	  196	  197	  198	  199	  200	  201	  202	  203	  204	  205	  206	  207	  208	  209	  210	  211	  212	  213	  214	  215	  216	  217	  218	  219	  220	  221	  222	  223	  224	  225	  226	  227	  228	  229	  230	  231	:=
    1	78.973400	66.080300	48.582900	38.357800	36.295600	38.427500	52.008200	38.645100	54.169900	49.591800	41.649000	28.111500	38.954600	32.140100	35.318900	32.839800	48.174200	52.056400	75.579800	79.617800	94.895300	90.566900	77.435900	58.307000	62.352500	67.652000	114.926000	120.166000	117.146000	113.760000	86.712400	61.906300	63.196700	86.213000	89.795300	78.927600	84.615900	77.668200	79.542900	81.771700	104.464000	78.658000	46.407100	12.223600	18.834200	13.646300	19.601600	20.744700	63.164800	53.524700	39.590500	32.504100	30.702000	25.759000	30.329300	23.423300	14.755600	6.255220	25.592400	19.619300	22.460600	11.746300	14.150000	20.051700	23.992300	35.493500	63.278300	65.942600	99.922300	87.966900	74.546400	58.930500	32.475700	31.686200	20.636000	11.215600	9.938860	3.345610	0.000000	4.300470	5.568510	8.981100	15.809200	24.232500	24.265500	21.187400	23.512200	31.509300	19.914200	18.069900	33.655300	34.018400	63.797300	50.486200	46.955900	41.453200	0.455709	0.000000	0.452652	0.000000	25.025800	1.405560	0.000000	0.000000	0.000000	0.000000	10.347200	16.672800	0.000000	0.000000	0.000000	0.000000	0.000000	5.648150	19.180500	16.225700	0.208141	31.369500	45.092700	45.963100	0.447848	0.000000	0.393074	0.000000	0.346649	0.000000	7.238080	7.112760	12.987900	32.245600	17.114300	5.689330	27.293900	44.849500	50.660100	70.657900	73.151600	52.065900	51.079300	65.128000	67.475400	74.565300	69.590800	0.289624	0.000000	0.253289	0.000000	0.234905	0.000100	0.238770	0.095300	47.462600	38.297000	19.557300	20.953100	29.987000	0.000000	5.457450	5.721930	1.501230	19.551900	47.379800	61.115600	74.378300	0.228695	0.741000	0.274044	0.415100	0.257092	0.042800	0.306907	0.232500	10.077600	13.762500	2.955120	8.432950	45.304500	38.784500	44.171400	78.708500	105.650000	0.312248	1.897300	0.300613	0.232100	0.266499	0.011700	0.254915	0.000700	0.487816	0.000000	0.417153	0.000000	77.628400	71.778900	43.180500	41.871400	0.333167	0.000000	0.255884	0.000000	0.231135	0.000000	0.216438	0.000000	0.222048	0.000000	2.819600	9.549630	100.119000	10.350300	0.962452	12.463600	0.555196	0.024040	0.601062	5.032970	6.645270	5.435660	9.462660	8.097260	7.182590	84.957700	9.674600	46.943600	3.821050	1.047010	0.338480	1.577300	1.448320	1.987050	
    2	70.534500	61.835100	50.318800	46.000300	46.152100	52.332000	64.168700	49.807400	58.218600	47.011900	45.315200	34.975800	45.947700	48.223600	47.439700	43.051900	48.319400	67.120700	83.034400	90.283200	97.809000	93.440600	94.674400	87.193000	41.424600	50.838800	57.880800	64.231600	64.713500	53.781400	50.475100	36.423200	42.417000	42.040500	89.697600	61.965600	75.234200	68.403400	92.743500	95.480200	117.171000	110.599000	57.199800	35.214300	49.118500	24.577000	19.791500	41.444100	61.147500	39.514800	31.075900	27.541000	27.655700	16.078300	27.507300	27.134600	2.905480	0.000000	17.378400	21.369800	24.286500	26.015200	33.460200	34.846000	36.672600	30.181500	61.143300	67.754700	95.286800	82.749600	85.091500	82.710300	42.245400	28.464600	18.737700	15.902400	18.883400	1.203890	11.030100	14.220100	2.155640	6.815490	11.485500	18.035000	23.665200	29.223900	39.945700	40.756800	32.792500	6.687850	39.706700	44.229200	78.031700	59.423900	58.748600	59.988600	0.455711	0.000000	0.461469	0.000000	38.236000	7.034890	6.917250	5.888030	0.000000	0.634433	13.838500	19.815200	0.000000	1.707170	17.605700	22.603800	19.068400	27.689900	39.612700	41.855600	33.037900	24.952300	62.899500	64.603700	0.447195	0.000000	0.401049	0.000000	0.334385	0.000000	1.131100	0.000000	0.655796	21.668600	25.326100	39.912800	35.100500	37.607900	39.752000	52.591500	48.286000	43.695200	30.909400	67.614300	74.190300	78.279700	97.212700	0.271146	0.000000	0.252758	0.000000	0.261191	0.000200	0.243589	0.264300	11.578500	13.678400	18.778300	20.404800	20.126700	22.078100	21.730300	21.525800	23.449800	24.579800	62.598600	65.772100	83.322100	0.311992	0.254200	0.384632	0.573000	0.420386	0.448500	0.421668	0.856200	22.204100	13.344900	13.591600	19.646600	24.882800	73.381900	79.270800	60.894300	100.202000	0.407174	0.492400	0.515874	0.025700	0.500608	0.262200	0.452255	0.008100	0.364700	0.000000	0.322458	0.000000	75.612000	69.682600	54.358200	53.060000	0.299274	0.000000	0.291223	0.000000	0.295920	0.000000	0.296145	0.000000	0.253156	0.000000	3.425830	10.530900	110.161000	10.941500	0.769469	12.927100	0.000000	0.000000	0.484815	5.167740	8.083750	6.680660	10.278000	7.088740	9.470480	162.232000	15.419300	51.188600	5.151460	1.686600	1.000270	1.536260	1.609500	2.224550	
    3	44.480700	42.691000	31.503800	24.913000	25.646400	47.263300	47.210700	48.046000	63.770200	58.074800	58.142500	42.214200	42.183400	53.937500	48.802000	34.546000	33.037700	54.130700	61.067600	77.410100	86.802800	96.561400	88.801800	69.714600	61.386000	60.041200	75.619700	83.980700	86.113700	66.561100	64.635100	38.091500	53.860500	65.675500	51.608600	74.049700	49.302600	65.221500	67.856100	60.249700	82.355300	91.836800	55.575000	24.940400	23.302400	8.794200	13.514800	11.598300	49.636800	34.893300	27.620300	19.689000	17.958200	32.089200	23.272000	18.305900	8.955920	13.272100	33.270800	24.536600	18.217700	23.352700	22.191600	20.157200	23.009300	33.601300	41.367200	60.699500	85.516700	89.032500	79.388100	67.776500	27.467900	9.663260	3.866240	0.000000	0.000000	5.997630	5.110620	6.951330	10.521900	21.894300	28.480400	29.102800	25.917300	28.505900	35.550600	32.582900	25.488800	18.206600	34.955900	41.970500	75.716300	79.573300	67.695200	60.825600	0.442301	0.000000	0.415712	0.000000	7.118560	0.000000	2.057590	0.000000	0.000000	9.886030	15.244300	20.217300	23.252700	31.776400	28.092000	28.913200	23.489700	24.309000	33.489500	28.300700	19.947600	25.396800	53.187300	55.503300	0.380287	0.000000	0.281153	0.000000	0.171230	0.000000	16.184700	28.042000	23.337700	20.001900	24.312100	33.907400	45.000000	53.877200	60.378900	70.986000	71.452100	64.167700	61.168900	70.504200	84.046000	89.087200	91.189900	0.164725	0.000000	0.144054	0.000000	0.151154	0.000100	0.153389	0.034400	49.324300	27.335200	0.000000	0.128319	2.774690	17.367100	22.570600	28.294800	21.695900	9.713490	38.839200	58.046100	66.290400	0.241730	0.274900	0.358872	0.073800	0.426232	0.063300	0.447752	1.207300	42.844900	43.528000	46.269400	56.579200	51.479900	87.891400	74.696600	78.641900	92.378500	0.460513	0.055700	0.483238	0.011900	0.463937	0.306300	0.397691	0.001100	0.321866	0.000000	0.251359	0.000000	96.788000	84.066900	72.513600	58.064700	0.206936	0.000000	0.190833	0.000000	0.246751	0.000000	0.307942	0.000000	0.284521	0.000000	2.546400	9.049060	86.940800	9.585090	0.000000	12.004000	0.291622	0.000000	0.358329	4.623100	6.584370	6.342000	10.699800	9.840650	7.376530	0.000000	18.500700	45.299400	3.554200	1.238450	0.727972	1.281290	1.364420	2.027470	
    4	78.973400	66.080300	48.582900	38.357800	36.295600	38.427500	52.008200	38.645100	54.169900	49.591800	41.649000	28.111500	38.954600	32.140100	35.318900	32.839800	48.174200	52.056400	75.579800	79.617800	94.895300	90.566900	77.435900	58.307000	62.352500	67.652000	114.926000	120.166000	117.146000	113.760000	86.712400	61.906300	63.196700	86.213000	89.795300	78.927600	84.615900	77.668200	79.542900	81.771700	104.464000	78.658000	46.407100	12.223600	18.834200	13.646300	19.601600	20.744700	63.164800	53.524700	39.590500	32.504100	30.702000	25.759000	30.329300	23.423300	14.755600	6.255220	25.592400	19.619300	22.460600	11.746300	14.150000	20.051700	23.992300	35.493500	63.278300	65.942600	99.922300	87.966900	74.546400	58.930500	32.475700	31.686200	20.636000	11.215600	9.938860	3.345610	0.000000	4.300470	5.568510	8.981100	15.809200	24.232500	24.265500	21.187400	23.512200	31.509300	19.914200	18.069900	33.655300	34.018400	63.797300	50.486200	46.955900	41.453200	0.455709	0.000000	0.452652	0.000000	25.025800	1.405560	0.000000	0.000000	0.000000	0.000000	10.347200	16.672800	0.000000	0.000000	0.000000	0.000000	0.000000	5.648150	19.180500	16.225700	0.208141	31.369500	45.092700	45.963100	0.447848	0.000000	0.393074	0.000000	0.346649	0.000000	7.238080	7.112760	12.987900	32.245600	17.114300	5.689330	27.293900	44.849500	50.660100	70.657900	73.151600	52.065900	51.079300	65.128000	67.475400	74.565300	69.590800	0.289624	0.000000	0.253289	0.000000	0.234905	0.000100	0.238770	0.095300	47.462600	38.297000	19.557300	20.953100	29.987000	0.000000	5.457450	5.721930	1.501230	19.551900	47.379800	61.115600	74.378300	0.228695	0.741000	0.274044	0.415100	0.257092	0.042800	0.306907	0.232500	10.077600	13.762500	2.955120	8.432950	45.304500	38.784500	44.171400	78.708500	105.650000	0.312248	1.897300	0.300613	0.232100	0.266499	0.011700	0.254915	0.000700	0.487816	0.000000	0.417153	0.000000	77.628400	71.778900	43.180500	41.871400	0.333167	0.000000	0.255884	0.000000	0.231135	0.000000	0.216438	0.000000	0.222048	0.000000	2.819600	9.549630	100.119000	10.350300	0.962452	12.463600	0.555196	0.024040	0.601062	5.032970	6.645270	5.435660	9.462660	8.097260	7.182590	84.957700	9.674600	46.943600	3.821050	1.047010	0.338480	1.577300	1.448320	1.987050	
    5	78.973400	66.080300	48.582900	38.357800	36.295600	38.427500	52.008200	38.645100	54.169900	49.591800	41.649000	28.111500	38.954600	32.140100	35.318900	32.839800	48.174200	52.056400	75.579800	79.617800	94.895300	90.566900	77.435900	58.307000	62.352500	67.652000	114.926000	120.166000	117.146000	113.760000	86.712400	61.906300	63.196700	86.213000	89.795300	78.927600	84.615900	77.668200	79.542900	81.771700	104.464000	78.658000	46.407100	12.223600	18.834200	13.646300	19.601600	20.744700	63.164800	53.524700	39.590500	32.504100	30.702000	25.759000	30.329300	23.423300	14.755600	6.255220	25.592400	19.619300	22.460600	11.746300	14.150000	20.051700	23.992300	35.493500	63.278300	65.942600	99.922300	87.966900	74.546400	58.930500	32.475700	31.686200	20.636000	11.215600	9.938860	3.345610	0.000000	4.300470	5.568510	8.981100	15.809200	24.232500	24.265500	21.187400	23.512200	31.509300	19.914200	18.069900	33.655300	34.018400	63.797300	50.486200	46.955900	41.453200	0.455709	0.000000	0.452652	0.000000	25.025800	1.405560	0.000000	0.000000	0.000000	0.000000	10.347200	16.672800	0.000000	0.000000	0.000000	0.000000	0.000000	5.648150	19.180500	16.225700	0.208141	31.369500	45.092700	45.963100	0.447848	0.000000	0.393074	0.000000	0.346649	0.000000	7.238080	7.112760	12.987900	32.245600	17.114300	5.689330	27.293900	44.849500	50.660100	70.657900	73.151600	52.065900	51.079300	65.128000	67.475400	74.565300	69.590800	0.289624	0.000000	0.253289	0.000000	0.234905	0.000100	0.238770	0.095300	47.462600	38.297000	19.557300	20.953100	29.987000	0.000000	5.457450	5.721930	1.501230	19.551900	47.379800	61.115600	74.378300	0.228695	0.741000	0.274044	0.415100	0.257092	0.042800	0.306907	0.232500	10.077600	13.762500	2.955120	8.432950	45.304500	38.784500	44.171400	78.708500	105.650000	0.312248	1.897300	0.300613	0.232100	0.266499	0.011700	0.254915	0.000700	0.487816	0.000000	0.417153	0.000000	77.628400	71.778900	43.180500	41.871400	0.333167	0.000000	0.255884	0.000000	0.231135	0.000000	0.216438	0.000000	0.222048	0.000000	2.819600	9.549630	100.119000	10.350300	0.962452	12.463600	0.555196	0.024040	0.601062	5.032970	6.645270	5.435660	9.462660	8.097260	7.182590	84.957700	9.674600	46.943600	3.821050	1.047010	0.338480	1.577300	1.448320	1.987050	
    6	81.497200	58.330800	49.898300	42.059700	42.473700	43.322600	43.988700	42.007700	47.433500	46.312600	47.648200	25.669300	32.494800	36.447600	38.063800	31.352600	69.411400	78.770200	89.508800	101.409000	107.449000	104.591000	103.904000	86.015500	49.201700	55.376300	80.098600	90.003500	94.838900	88.190300	73.847000	54.544400	68.082100	78.783600	81.246300	62.949200	107.371000	97.729400	98.612400	72.163800	100.271000	73.868200	54.878400	22.685000	28.469800	22.913200	23.392400	29.613000	65.209100	30.243800	24.636300	22.992000	20.979800	21.070700	20.675800	14.175100	0.000000	7.627900	28.051100	23.732300	18.488500	17.073700	17.520900	17.848300	21.749700	30.862800	43.522200	70.646100	118.874000	104.994000	101.963000	90.955700	33.142200	21.318500	11.454800	3.979250	6.867670	0.000000	9.463400	16.616500	7.538520	12.722100	0.000000	7.794990	12.595100	15.941000	19.349500	23.826200	21.601000	9.736480	53.538200	84.700200	94.618000	93.368900	76.087800	81.943300	0.434135	0.000000	0.407990	0.000000	48.998100	1.139230	0.000000	0.000000	0.000000	0.000000	0.000000	4.465660	0.000000	0.000000	9.205360	9.873570	6.301490	12.172100	26.347700	27.368200	23.764700	32.499800	49.407800	49.804900	0.369530	0.000000	0.307400	0.000000	0.237802	0.000000	13.632300	0.000000	0.000000	18.358800	29.827300	48.303700	50.813000	60.830700	57.180500	60.632300	60.081000	50.534900	47.077600	60.441700	60.764100	61.417100	73.268200	0.191678	0.000000	0.173815	0.000000	0.182675	0.000300	0.162907	0.247300	41.762400	5.242480	20.447200	10.488800	7.808290	14.720300	4.682110	3.748170	1.417210	14.031400	52.990400	89.955300	95.601500	0.219531	0.217300	0.314442	0.265600	0.317078	0.252900	0.275619	0.384600	39.745100	38.019200	38.636300	38.343600	40.535400	47.196000	61.507600	63.503900	68.501600	0.333619	0.448800	0.328966	0.247900	0.365623	0.223000	0.354310	0.004300	0.343750	0.000000	0.339827	0.000000	106.679000	103.438000	86.384800	50.833000	0.263960	0.000000	0.166943	0.000000	0.172643	0.000000	0.206583	0.000000	0.210275	0.000000	2.935180	8.763290	105.508000	10.041500	0.776571	12.452200	0.000000	0.000000	0.586053	5.355830	9.207120	8.387310	11.702700	6.159510	7.540820	93.904300	13.626200	45.151600	3.907970	1.430720	0.724668	1.454290	1.561320	2.297580	
    7	81.497200	58.330800	49.898300	42.059700	42.473700	43.322600	43.988700	42.007700	47.433500	46.312600	47.648200	25.669300	32.494800	36.447600	38.063800	31.352600	69.411400	78.770200	89.508800	101.409000	107.449000	104.591000	103.904000	86.015500	49.201700	55.376300	80.098600	90.003500	94.838900	88.190300	73.847000	54.544400	68.082100	78.783600	81.246300	62.949200	107.371000	97.729400	98.612400	72.163800	100.271000	73.868200	54.878400	22.685000	28.469800	22.913200	23.392400	29.613000	65.209100	30.243800	24.636300	22.992000	20.979800	21.070700	20.675800	14.175100	0.000000	7.627900	28.051100	23.732300	18.488500	17.073700	17.520900	17.848300	21.749700	30.862800	43.522200	70.646100	118.874000	104.994000	101.963000	90.955700	33.142200	21.318500	11.454800	3.979250	6.867670	0.000000	9.463400	16.616500	7.538520	12.722100	0.000000	7.794990	12.595100	15.941000	19.349500	23.826200	21.601000	9.736480	53.538200	84.700200	94.618000	93.368900	76.087800	81.943300	0.434135	0.000000	0.407990	0.000000	48.998100	1.139230	0.000000	0.000000	0.000000	0.000000	0.000000	4.465660	0.000000	0.000000	9.205360	9.873570	6.301490	12.172100	26.347700	27.368200	23.764700	32.499800	49.407800	49.804900	0.369530	0.000000	0.307400	0.000000	0.237802	0.000000	13.632300	0.000000	0.000000	18.358800	29.827300	48.303700	50.813000	60.830700	57.180500	60.632300	60.081000	50.534900	47.077600	60.441700	60.764100	61.417100	73.268200	0.191678	0.000000	0.173815	0.000000	0.182675	0.000300	0.162907	0.247300	41.762400	5.242480	20.447200	10.488800	7.808290	14.720300	4.682110	3.748170	1.417210	14.031400	52.990400	89.955300	95.601500	0.219531	0.217300	0.314442	0.265600	0.317078	0.252900	0.275619	0.384600	39.745100	38.019200	38.636300	38.343600	40.535400	47.196000	61.507600	63.503900	68.501600	0.333619	0.448800	0.328966	0.247900	0.365623	0.223000	0.354310	0.004300	0.343750	0.000000	0.339827	0.000000	106.679000	103.438000	86.384800	50.833000	0.263960	0.000000	0.166943	0.000000	0.172643	0.000000	0.206583	0.000000	0.210275	0.000000	2.935180	8.763290	105.508000	10.041500	0.776571	12.452200	0.000000	0.000000	0.586053	5.355830	9.207120	8.387310	11.702700	6.159510	7.540820	93.904300	13.626200	45.151600	3.907970	1.430720	0.724668	1.454290	1.561320	2.297580	
    8	70.534500	61.835100	50.318800	46.000300	46.152100	52.332000	64.168700	49.807400	58.218600	47.011900	45.315200	34.975800	45.947700	48.223600	47.439700	43.051900	48.319400	67.120700	83.034400	90.283200	97.809000	93.440600	94.674400	87.193000	41.424600	50.838800	57.880800	64.231600	64.713500	53.781400	50.475100	36.423200	42.417000	42.040500	89.697600	61.965600	75.234200	68.403400	92.743500	95.480200	117.171000	110.599000	57.199800	35.214300	49.118500	24.577000	19.791500	41.444100	61.147500	39.514800	31.075900	27.541000	27.655700	16.078300	27.507300	27.134600	2.905480	0.000000	17.378400	21.369800	24.286500	26.015200	33.460200	34.846000	36.672600	30.181500	61.143300	67.754700	95.286800	82.749600	85.091500	82.710300	42.245400	28.464600	18.737700	15.902400	18.883400	1.203890	11.030100	14.220100	2.155640	6.815490	11.485500	18.035000	23.665200	29.223900	39.945700	40.756800	32.792500	6.687850	39.706700	44.229200	78.031700	59.423900	58.748600	59.988600	0.455711	0.000000	0.461469	0.000000	22.233500	0.000000	1.706980	5.388520	0.000000	4.405130	20.777200	33.711500	21.227300	14.941100	34.776600	35.984800	34.627500	40.868100	56.168400	66.759100	53.087200	43.089800	63.154600	62.565800	0.456020	0.000000	0.411349	0.000000	0.348178	0.000000	18.203800	4.652760	6.219370	31.389000	29.097900	25.264000	36.253200	41.423100	39.679800	42.163800	42.595100	87.118700	72.861800	96.225800	110.256000	110.938000	113.430000	0.300769	0.000000	0.268221	0.000000	0.210910	0.000200	0.138892	0.062700	85.419800	65.723700	43.897100	33.883300	24.453700	40.581600	38.161200	40.109300	42.958100	53.101200	79.689400	107.952000	142.971000	0.137052	0.287600	0.193541	0.320900	0.258114	2.817600	0.305477	1.010000	31.215700	13.228900	7.590090	28.202900	35.202700	72.871600	88.509100	93.744400	89.373500	0.346033	0.259500	0.356700	0.749700	0.333625	0.079700	0.282789	0.003100	0.233259	0.000000	0.221670	0.000000	86.084300	84.074800	56.448500	50.619200	0.243136	0.000000	0.277365	0.000000	0.288450	0.000000	0.268026	0.000000	0.216445	0.000000	3.248880	9.289500	105.564000	9.882740	2.274940	11.959200	0.000000	1.075660	0.797217	4.540660	5.635560	4.472750	8.750790	8.150360	8.109790	117.320000	10.527800	49.107200	5.047140	0.890380	0.516383	1.343240	1.500340	2.342310	
    9	70.534500	61.835100	50.318800	46.000300	46.152100	52.332000	64.168700	49.807400	58.218600	47.011900	45.315200	34.975800	45.947700	48.223600	47.439700	43.051900	48.319400	67.120700	83.034400	90.283200	97.809000	93.440600	94.674400	87.193000	41.424600	50.838800	57.880800	64.231600	64.713500	53.781400	50.475100	36.423200	42.417000	42.040500	89.697600	61.965600	75.234200	68.403400	92.743500	95.480200	117.171000	110.599000	57.199800	35.214300	49.118500	24.577000	19.791500	41.444100	61.147500	39.514800	31.075900	27.541000	27.655700	16.078300	27.507300	27.134600	2.905480	0.000000	17.378400	21.369800	24.286500	26.015200	33.460200	34.846000	36.672600	30.181500	61.143300	67.754700	95.286800	82.749600	85.091500	82.710300	42.245400	28.464600	18.737700	15.902400	18.883400	1.203890	11.030100	14.220100	2.155640	6.815490	11.485500	18.035000	23.665200	29.223900	39.945700	40.756800	32.792500	6.687850	39.706700	44.229200	78.031700	59.423900	58.748600	59.988600	0.455711	0.000000	0.461469	0.000000	32.280500	10.584400	9.939390	8.956260	1.809310	3.823390	22.393500	32.917100	10.579900	0.000000	11.057700	22.504500	28.225700	32.719400	46.559100	51.494400	35.686200	25.219000	62.228900	63.320300	0.385468	0.000000	0.320436	0.000000	0.245612	0.000000	26.152400	9.005830	48.999600	56.625100	75.884700	80.945500	82.208300	97.094800	101.348000	113.999000	111.810000	99.252600	95.149100	109.203000	111.838000	122.011000	153.128000	0.218037	0.000000	0.220599	0.000000	0.191205	0.000300	0.225729	0.489100	29.757800	7.385750	7.340170	11.202600	0.238812	1.404090	4.652420	7.427810	6.475880	8.538540	23.366200	67.844800	82.785400	0.328207	0.861500	0.419441	2.630800	0.489542	0.482500	0.510307	0.655900	62.285100	49.005200	62.405100	66.298500	68.709200	77.801800	98.566800	153.189000	122.422000	0.506855	0.275300	0.489941	0.283600	0.472930	0.020500	0.444459	0.000500	0.411311	0.000000	0.332723	0.000000	104.053000	98.930800	83.206700	55.412200	0.220982	0.000000	0.141899	0.000000	0.136772	0.000000	0.160673	0.000000	0.146467	0.000000	2.973040	8.635320	90.513800	9.697640	1.781270	12.183200	0.000000	0.000000	0.388130	4.519960	5.801640	5.057440	8.912600	8.162150	7.827280	127.140000	15.271600	44.287500	4.208880	1.176070	0.849905	1.331600	1.410270	2.104490	
   10	81.497200	58.330800	49.898300	42.059700	42.473700	43.322600	43.988700	42.007700	47.433500	46.312600	47.648200	25.669300	32.494800	36.447600	38.063800	31.352600	69.411400	78.770200	89.508800	101.409000	107.449000	104.591000	103.904000	86.015500	49.201700	55.376300	80.098600	90.003500	94.838900	88.190300	73.847000	54.544400	68.082100	78.783600	81.246300	62.949200	107.371000	97.729400	98.612400	72.163800	100.271000	73.868200	54.878400	22.685000	28.469800	22.913200	23.392400	29.613000	65.209100	30.243800	24.636300	22.992000	20.979800	21.070700	20.675800	14.175100	0.000000	7.627900	28.051100	23.732300	18.488500	17.073700	17.520900	17.848300	21.749700	30.862800	43.522200	70.646100	118.874000	104.994000	101.963000	90.955700	33.142200	21.318500	11.454800	3.979250	6.867670	0.000000	9.463400	16.616500	7.538520	12.722100	0.000000	7.794990	12.595100	15.941000	19.349500	23.826200	21.601000	9.736480	53.538200	84.700200	94.618000	93.368900	76.087800	81.943300	0.434135	0.000000	0.407990	0.000000	48.998100	1.139230	0.000000	0.000000	0.000000	0.000000	0.000000	4.465660	0.000000	0.000000	9.205360	9.873570	6.301490	12.172100	26.347700	27.368200	23.764700	32.499800	49.407800	49.804900	0.369530	0.000000	0.307400	0.000000	0.237802	0.000000	13.632300	0.000000	0.000000	18.358800	29.827300	48.303700	50.813000	60.830700	57.180500	60.632300	60.081000	50.534900	47.077600	60.441700	60.764100	61.417100	73.268200	0.191678	0.000000	0.173815	0.000000	0.182675	0.000300	0.162907	0.247300	41.762400	5.242480	20.447200	10.488800	7.808290	14.720300	4.682110	3.748170	1.417210	14.031400	52.990400	89.955300	95.601500	0.219531	0.217300	0.314442	0.265600	0.317078	0.252900	0.275619	0.384600	39.745100	38.019200	38.636300	38.343600	40.535400	47.196000	61.507600	63.503900	68.501600	0.333619	0.448800	0.328966	0.247900	0.365623	0.223000	0.354310	0.004300	0.343750	0.000000	0.339827	0.000000	106.679000	103.438000	86.384800	50.833000	0.263960	0.000000	0.166943	0.000000	0.172643	0.000000	0.206583	0.000000	0.210275	0.000000	2.935180	8.763290	105.508000	10.041500	0.776571	12.452200	0.000000	0.000000	0.586053	5.355830	9.207120	8.387310	11.702700	6.159510	7.540820	93.904300	13.626200	45.151600	3.907970	1.430720	0.724668	1.454290	1.561320	2.297580	
;
param Prob0 :=
    1	0.000
    2	0.100
    3	0.100
    4	0.300
    5	0.000
    6	0.300
    7	0.000
    8	0.100
    9	0.100
   10	0.000
;
set c[0,5] := 5 1 2 3 4 6 7 8 9 10;
set c[1,5] := 5 1 4;
set c[1,8] := 8 2 9;
set c[1,7] := 7 6 10;
set c[1,3] := 3;
set c[2,2] := 2 8 9;
set c[2,3] := 3;
set c[2,6] := 6 7 10;
set c[2,5] := 5 1 4;
set c[3,5] := 5 1 4;
set c[3,6] := 6 7 10;
set c[3,3] := 3;
set c[3,2] := 2 8 9;
set c[4,3] := 3;
set c[4,2] := 2 8 9;
set c[4,10] := 10 6 7;
set c[4,5] := 5 1 4;
set c[5,7] := 7 10 6;
set c[5,8] := 8 2 9;
set c[5,1] := 1 5 4;
set c[5,3] := 3;
set c[6,2] := 2 8 9;
set c[6,3] := 3;
set c[6,4] := 4 1 5;
set c[6,7] := 7 10 6;
set c[7,3] := 3;
set c[7,1] := 1 4 5;
set c[7,7] := 7 10 6;
set c[7,9] := 9;
set c[7,2] := 2;
set c[7,8] := 8;
set c[8,4] := 4 1 5;
set c[8,9] := 9;
set c[8,8] := 8;
set c[8,2] := 2;
set c[8,7] := 7 10 6;
set c[8,3] := 3;
set c[9,9] := 9;
set c[9,7] := 7 10 6;
set c[9,2] := 2;
set c[9,8] := 8;
set c[9,3] := 3;
set c[9,5] := 5 4 1;
set c[10,4] := 4 5 1;
set c[10,8] := 8;
set c[10,3] := 3;
set c[10,7] := 7 10 6;
set c[10,2] := 2;
set c[10,9] := 9;
set c[11,3] := 3;
set c[11,9] := 9;
set c[11,6] := 6 7 10;
set c[11,8] := 8;
set c[11,2] := 2;
set c[11,4] := 4 5 1;
set c[12,7] := 7 6 10;
set c[12,2] := 2;
set c[12,8] := 8;
set c[12,9] := 9;
set c[12,4] := 4 5 1;
set c[12,3] := 3;
set c[13,3] := 3;
set c[13,8] := 8;
set c[13,9] := 9;
set c[13,4] := 4 5 1;
set c[13,2] := 2;
set c[13,7] := 7 6 10;
set c[14,8] := 8;
set c[14,9] := 9;
set c[14,2] := 2;
set c[14,7] := 7 6 10;
set c[14,4] := 4 5 1;
set c[14,3] := 3;
set c[15,3] := 3;
set c[15,2] := 2;
set c[15,9] := 9;
set c[15,7] := 7 6 10;
set c[15,5] := 5 4 1;
set c[15,8] := 8;
set c[16,9] := 9;
set c[16,2] := 2;
set c[16,8] := 8;
set c[16,7] := 7 6 10;
set c[16,5] := 5 4 1;
set c[16,3] := 3;
set c[17,8] := 8;
set c[17,3] := 3;
set c[17,7] := 7 6 10;
set c[17,2] := 2;
set c[17,5] := 5 4 1;
set c[17,9] := 9;
set c[18,2] := 2;
set c[18,4] := 4 5 1;
set c[18,9] := 9;
set c[18,3] := 3;
set c[18,7] := 7 6 10;
set c[18,8] := 8;
set c[19,10] := 10 7 6;
set c[19,3] := 3;
set c[19,9] := 9;
set c[19,1] := 1 4 5;
set c[19,8] := 8;
set c[19,2] := 2;
set c[20,3] := 3;
set c[20,2] := 2;
set c[20,8] := 8;
set c[20,4] := 4 1 5;
set c[20,9] := 9;
set c[20,6] := 6 10 7;
set c[21,2] := 2;
set c[21,8] := 8;
set c[21,9] := 9;
set c[21,5] := 5 4 1;
set c[21,10] := 10 6 7;
set c[21,3] := 3;
set c[22,3] := 3;
set c[22,8] := 8;
set c[22,4] := 4 5 1;
set c[22,10] := 10 6 7;
set c[22,9] := 9;
set c[22,2] := 2;
set c[23,8] := 8;
set c[23,6] := 6 10 7;
set c[23,4] := 4 5 1;
set c[23,2] := 2;
set c[23,9] := 9;
set c[23,3] := 3;
set c[24,9] := 9;
set c[24,2] := 2;
set c[24,3] := 3;
set c[24,10] := 10 6 7;
set c[24,4] := 4 5 1;
set c[24,8] := 8;
set c[25,10] := 10 6 7;
set c[25,1] := 1 4 5;
set c[25,2] := 2;
set c[25,8] := 8;
set c[25,3] := 3;
set c[25,9] := 9;
set c[26,9] := 9;
set c[26,3] := 3;
set c[26,5] := 5 1 4;
set c[26,2] := 2;
set c[26,8] := 8;
set c[26,6] := 6 10 7;
set c[27,8] := 8;
set c[27,2] := 2;
set c[27,6] := 6 10 7;
set c[27,3] := 3;
set c[27,1] := 1 5 4;
set c[27,9] := 9;
set c[28,3] := 3;
set c[28,9] := 9;
set c[28,1] := 1 5 4;
set c[28,6] := 6 10 7;
set c[28,2] := 2;
set c[28,8] := 8;
set c[29,6] := 6 10 7;
set c[29,1] := 1 5 4;
set c[29,8] := 8;
set c[29,2] := 2;
set c[29,9] := 9;
set c[29,3] := 3;
set c[30,1] := 1 5 4;
set c[30,2] := 2;
set c[30,3] := 3;
set c[30,8] := 8;
set c[30,9] := 9;
set c[30,10] := 10 6 7;
set c[31,2] := 2;
set c[31,9] := 9;
set c[31,8] := 8;
set c[31,3] := 3;
set c[31,10] := 10 6 7;
set c[31,1] := 1 5 4;
set c[32,3] := 3;
set c[32,9] := 9;
set c[32,8] := 8;
set c[32,10] := 10 6 7;
set c[32,1] := 1 5 4;
set c[32,2] := 2;
set c[33,9] := 9;
set c[33,10] := 10 6 7;
set c[33,1] := 1 5 4;
set c[33,8] := 8;
set c[33,2] := 2;
set c[33,3] := 3;
set c[34,8] := 8;
set c[34,4] := 4 1 5;
set c[34,2] := 2;
set c[34,6] := 6 10 7;
set c[34,3] := 3;
set c[34,9] := 9;

