#erel:= 0.850;
#emax:= 2361.999;
#q:= 0.000;
#nesce:=     9;
#etime:= 0.087;
#snodes:=   245;
param nS:=    10;
param nSG:=    34;
param nRVSG :=
1 24
5 2
9 2
13 2
17 2
21 9
25 2
29 2
33 2
2 24
6 2
10 2
14 2
18 2
22 2
26 2
30 2
34 24
3 24
7 20
11 17
15 2
19 2
23 2
27 2
31 2
4 24
8 2
12 2
16 13
20 2
24 2
28 4
32 2
;


param ScenF :=
1 70.4162
59 94.8991
117 64.2391
175 58.1204
2 91.2303
60 87.8806
118 82.4335
176 57.2892
3 76.298
61 86.1328
119 99.1466
177 50.125
4 68.6017
62 88.4178
120 99.837
178 69.9472
5 66.6496
63 91.5557
121 0.0629838
179 100.156
6 65.084
64 96.3401
122 0
180 123.74
7 74.595
65 102.614
123 0.0615741
181 91.7367
8 76.6188
66 115.41
124 0
182 0.123775
9 81.6975
67 135.02
125 0.0666411
183 0.4631
10 78.7278
68 156.328
126 0
184 0.142587
11 86.7278
69 150.676
127 61.547
185 0.3451
12 85.9274
70 133.862
128 84.9276
186 0.171691
13 79.6573
71 122.918
129 83.2338
187 0.1821
14 77.3797
72 108.496
130 71.8702
188 0.212114
15 75.7789
73 56.5242
131 86.6982
189 0.0025
16 77.5012
74 82.9514
132 82.8034
190 0.218004
17 83.2074
75 72.6742
133 67.4996
191 0
18 87.9358
76 63.6028
134 49.3614
192 0.171074
19 97.0363
77 59.1792
135 47.6648
193 0
20 109.05
78 64.0744
136 45.3143
194 112.84
21 94.059
79 77.2583
137 50.5372
195 107.619
22 99.4146
80 85.422
138 51.1615
196 105.906
23 104.749
81 100.226
139 47.5913
197 92.6172
24 84.503
82 89.5611
140 55.861
198 0.143489
25 9.22458
83 103.26
141 79.9858
199 0
26 23.8466
84 103.474
142 93.1029
200 0.162499
27 29.3279
85 96.011
143 78.0033
201 0
28 31.1447
86 87.8981
144 0.0709644
202 0.173687
29 33.8241
87 90.8856
145 0
203 0
30 30.6782
88 101.943
146 0.0713847
204 0.185415
31 25.3323
89 105.182
147 0
205 0
32 15.0952
90 103.995
148 0.0771475
206 0.222354
33 22.3144
91 113.001
149 0.0534
207 0
34 64.0615
92 140.044
150 0.0553293
208 0.521274
35 98.9849
93 158.294
151 0.28
209 1.72709
36 84.1012
94 138.708
152 76.5188
210 0
37 95.9128
95 125.033
153 98.0074
211 1.77353
38 89.7167
96 111.879
154 89.801
212 1.63497
39 87.6495
97 0.0888173
155 79.3493
213 2.42694
40 97.9587
98 0
156 69.606
214 0.622345
41 124.355
99 0.0792819
157 68.0065
215 0.938908
42 107.486
100 0
158 68.0011
216 0
43 113.816
101 58.1897
159 71.7014
217 0
44 48.0152
102 83.0971
160 71.1155
218 0
45 23.6234
103 76.9806
161 76.4125
219 3.01082
46 23.2639
104 70.8219
162 94.5184
220 2.98287
47 24.8211
105 65.985
163 113.577
221 2.31936
48 33.3994
106 68.8892
164 103.503
222 1.00629
49 67.5309
107 64.5882
165 0.0269442
223 0
50 106.317
108 66.2283
166 0.4853
224 12.5349
51 95.2484
109 89.0294
167 0.0221
225 8.20502
52 89.222
110 93.6901
168 0.5977
226 1.17343
53 85.7285
111 80.8632
169 0.0496276
227 0.451023
54 91.1708
112 76.9381
170 0.6427
228 0.407482
55 94.1837
113 81.4308
171 0.0899314
229 0.420403
56 97.0219
114 79.0271
172 0.5842
230 0.651487
57 119.762
115 64.2385
173 50.4926
231 0.915587
58 117.015
116 57.7159
174 53.0914
;


param ScenO :=
1 110
59 79.77
117 60.1
175 72.12
2 97.67
60 61.5
118 62.51
176 70.1
3 92
61 60.1
119 84.46
177 62.19
4 87.62
62 60
120 79.2
178 64.73
5 88.57
63 60.1
121 0.117
179 81.2
6 87.02
64 60.1
122 0
180 90.17
7 82.99
65 60.1
123 0.12
181 91
8 79
66 72.97
124 0
182 0.038
9 80
67 92
125 0.118
183 0.537
10 80
68 85
126 0
184 0.043
11 85
69 92.5
127 107
185 0.429
12 61.5
70 95
128 61.5
186 0.041
13 60.1
71 86
129 61.5
187 0.204
14 60
72 77.5
130 77
188 0.044
15 60.1
73 107
131 77
189 0.006
16 60.1
74 83.37
132 75
190 0.044
17 60.1
75 77.5
133 75.89
191 0
18 75
76 73.62
134 66.98
192 0.04
19 95
77 74.23
135 62.1
193 0
20 88
78 75
136 60
194 92.12
21 94.95
79 75
137 62.1
195 69
22 96
80 73
138 62.5
196 55.01
23 89
81 77
139 60
197 41.25
24 80.5
82 73.4
140 67.5
198 0.032
25 15.08
83 77.17
141 69.99
199 0
26 7.2
84 65.27
142 68
200 0.025
27 13.76
85 60.1
143 75.95
201 0
28 19
86 60
144 0.101
202 0.026
29 18.2
87 60.1
145 0
203 0
30 21.12
88 60.1
146 0.086
204 0.032
31 22
89 60.1
147 0
205 0
32 26.28
90 72.5
148 0.074
206 0.037
33 22
91 92
149 0.049
207 0
34 28.72
92 85
150 0.062
208 0.463545
35 23.88
93 91.95
151 0.261
209 0.589639
36 56.12
94 93.47
152 75
210 0.62087
37 51.64
95 83
153 75
211 0.63045
38 50.8
96 74.01
154 68
212 0.228068
39 49.92
97 0.116
155 74.63
213 0.157665
40 52.6
98 0
156 63.33
214 0.421376
41 56.32
99 0.114
157 60
215 0.573291
42 27.6
100 0
158 62.09
216 0.760875
43 9.6
101 107
159 62.09
217 0.69575
44 13.12
102 80.01
160 62.09
218 0.030588
45 8
103 69
161 61.55
219 0.130894
46 7
104 62.51
162 65
220 0.622962
47 12.2
105 62.51
163 61.55
221 0.2245
48 22
106 61.5
164 64.95
222 0.139933
49 110
107 62.51
165 0.035
223 0.814975
50 89.87
108 69
166 0.455
224 2.04925
51 80
109 71.15
167 0.026
225 0.8048
52 75.62
110 70
168 0.575
226 0.414737
53 78.72
111 75
169 0.025
227 0.642273
54 79.17
112 64.49
170 0.634
228 0.601053
55 79.14
113 60.1
171 0.03
229 0.591458
56 74
114 59.87
172 0.616
230 0.432697
57 77
115 60.1
173 67.75
231 0.139006
58 74.26
116 57.1
174 70
;


param Scen0 :=
1 1 104.853000
2 1 90.742300
3 1 74.122000
4 1 69.376900
5 1 68.438600
6 1 60.016600
7 1 79.630900
8 1 79.220400
9 1 75.596700
10 1 72.204100
11 1 90.070000
12 1 88.343700
13 1 88.044500
14 1 87.028100
15 1 79.036500
16 1 72.524200
17 1 74.447000
18 1 88.891000
19 1 87.347800
20 1 97.264800
21 1 89.587500
22 1 106.052000
23 1 102.049000
24 1 83.220400
25 1 13.375600
26 1 18.716900
27 1 19.803000
28 1 18.416200
29 1 20.863800
30 1 22.763400
31 1 20.230100
32 1 27.578300
33 1 35.039500
34 1 80.362900
35 1 92.055100
36 1 97.189400
37 1 96.378500
38 1 97.929700
39 1 95.450500
40 1 107.394000
41 1 123.152000
42 1 136.917000
43 1 102.637000
44 1 60.258000
45 1 44.517500
46 1 27.485600
47 1 24.566100
48 1 56.890200
49 1 89.450400
50 1 105.487000
51 1 104.491000
52 1 100.373000
53 1 96.907100
54 1 99.551000
55 1 107.060000
56 1 116.105000
57 1 133.718000
58 1 100.811000
59 1 98.892600
60 1 97.519600
61 1 97.909500
62 1 97.407500
63 1 97.527800
64 1 102.023000
65 1 108.378000
66 1 99.180600
67 1 136.276000
68 1 145.131000
69 1 145.070000
70 1 122.027000
71 1 116.862000
72 1 114.200000
73 1 77.051200
74 1 82.875000
75 1 74.995500
76 1 63.040500
77 1 56.902300
78 1 64.224400
79 1 82.267200
80 1 93.589300
81 1 107.683000
82 1 72.159300
83 1 100.116000
84 1 99.398100
85 1 93.209900
86 1 85.135500
87 1 88.064200
88 1 96.865600
89 1 105.776000
90 1 86.948600
91 1 115.086000
92 1 124.714000
93 1 151.388000
94 1 125.401000
95 1 116.619000
96 1 114.378000
97 1 0.098805
98 1 0.000000
99 1 0.108249
100 1 0.000000
101 1 86.915000
102 1 84.178500
103 1 77.463500
104 1 68.694200
105 1 68.552100
106 1 69.761800
107 1 84.677200
108 1 91.178400
109 1 86.987600
110 1 63.936300
111 1 72.935800
112 1 68.775900
113 1 69.586100
114 1 66.830500
115 1 57.263500
116 1 48.436200
117 1 44.511500
118 1 76.336700
119 1 103.260000
120 1 110.370000
121 1 0.124300
122 1 0.000000
123 1 0.088880
124 1 0.000000
125 1 0.036181
126 1 0.000000
127 1 66.151300
128 1 62.270500
129 1 75.583500
130 1 90.952200
131 1 75.020200
132 1 77.967700
133 1 54.389400
134 1 22.724300
135 1 21.684600
136 1 37.513800
137 1 16.961400
138 1 11.182500
139 1 18.263600
140 1 50.165300
141 1 72.452100
142 1 86.562400
143 1 106.838000
144 1 0.000000
145 1 0.000000
146 1 0.000000
147 1 0.000000
148 1 0.000000
149 1 0.056900
150 1 0.000000
151 1 0.382000
152 1 97.492500
153 1 91.345900
154 1 85.352300
155 1 73.127300
156 1 70.834300
157 1 65.048300
158 1 61.012200
159 1 59.822700
160 1 70.118300
161 1 74.571100
162 1 85.972300
163 1 98.750200
164 1 110.942000
165 1 0.000000
166 1 0.154200
167 1 0.000000
168 1 0.288900
169 1 0.000000
170 1 0.159600
171 1 0.000000
172 1 0.534200
173 1 74.309100
174 1 59.623900
175 1 59.957700
176 1 27.340000
177 1 39.669200
178 1 86.276200
179 1 100.036000
180 1 94.514400
181 1 129.688000
182 1 0.021593
183 1 1.193400
184 1 0.049732
185 1 0.619800
186 1 0.072702
187 1 0.150800
188 1 0.096669
189 1 0.001000
190 1 0.322037
191 1 0.000000
192 1 0.253033
193 1 0.000000
194 1 100.079000
195 1 99.214800
196 1 105.560000
197 1 94.832500
198 1 0.155493
199 1 0.000000
200 1 0.126646
201 1 0.000000
202 1 0.124146
203 1 0.000000
204 1 0.125329
205 1 0.000000
206 1 0.147655
207 1 0.000000
208 1 0.769437
209 1 1.813790
210 1 12.636700
211 1 1.430240
212 1 0.635949
213 1 0.960891
214 1 0.991309
215 1 0.000000
216 1 0.000000
217 1 0.000000
218 1 0.000000
219 1 2.353760
220 1 3.799490
221 1 5.786330
222 1 1.385330
223 1 47.511500
224 1 3.245320
225 1 3.439740
226 1 1.468230
227 1 0.918239
228 1 0.978279
229 1 0.767051
230 1 0.788606
231 1 0.802074
1 2 104.853000
2 2 90.742300
3 2 74.122000
4 2 69.376900
5 2 68.438600
6 2 60.016600
7 2 79.630900
8 2 79.220400
9 2 75.596700
10 2 72.204100
11 2 90.070000
12 2 88.343700
13 2 88.044500
14 2 87.028100
15 2 79.036500
16 2 72.524200
17 2 74.447000
18 2 88.891000
19 2 87.347800
20 2 97.264800
21 2 89.587500
22 2 106.052000
23 2 102.049000
24 2 83.220400
25 2 13.375600
26 2 18.716900
27 2 19.803000
28 2 18.416200
29 2 20.863800
30 2 22.763400
31 2 20.230100
32 2 27.578300
33 2 35.039500
34 2 80.362900
35 2 92.055100
36 2 97.189400
37 2 96.378500
38 2 97.929700
39 2 95.450500
40 2 107.394000
41 2 123.152000
42 2 136.917000
43 2 102.637000
44 2 60.258000
45 2 44.517500
46 2 27.485600
47 2 24.566100
48 2 56.890200
49 2 89.450400
50 2 105.487000
51 2 104.491000
52 2 100.373000
53 2 96.907100
54 2 99.551000
55 2 107.060000
56 2 116.105000
57 2 133.718000
58 2 100.811000
59 2 98.892600
60 2 97.519600
61 2 97.909500
62 2 97.407500
63 2 97.527800
64 2 102.023000
65 2 108.378000
66 2 99.180600
67 2 136.276000
68 2 145.131000
69 2 145.070000
70 2 122.027000
71 2 116.862000
72 2 114.200000
73 2 77.051200
74 2 82.875000
75 2 74.995500
76 2 63.040500
77 2 56.902300
78 2 64.224400
79 2 82.267200
80 2 93.589300
81 2 107.683000
82 2 72.159300
83 2 100.116000
84 2 99.398100
85 2 93.209900
86 2 85.135500
87 2 88.064200
88 2 96.865600
89 2 105.776000
90 2 86.948600
91 2 115.086000
92 2 124.714000
93 2 151.388000
94 2 125.401000
95 2 116.619000
96 2 114.378000
97 2 0.098805
98 2 0.000000
99 2 0.108249
100 2 0.000000
101 2 86.915000
102 2 84.178500
103 2 77.463500
104 2 68.694200
105 2 68.552100
106 2 69.761800
107 2 84.677200
108 2 91.178400
109 2 86.987600
110 2 63.936300
111 2 72.935800
112 2 68.775900
113 2 69.586100
114 2 66.830500
115 2 57.263500
116 2 48.436200
117 2 44.511500
118 2 76.336700
119 2 103.260000
120 2 110.370000
121 2 0.124300
122 2 0.000000
123 2 0.088880
124 2 0.000000
125 2 0.036181
126 2 0.000000
127 2 66.151300
128 2 62.270500
129 2 75.583500
130 2 90.952200
131 2 75.020200
132 2 77.967700
133 2 54.389400
134 2 22.724300
135 2 21.684600
136 2 37.513800
137 2 16.961400
138 2 11.182500
139 2 18.263600
140 2 50.165300
141 2 72.452100
142 2 86.562400
143 2 106.838000
144 2 0.000000
145 2 0.000000
146 2 0.000000
147 2 0.000000
148 2 0.000000
149 2 0.056900
150 2 0.000000
151 2 0.382000
152 2 97.492500
153 2 91.345900
154 2 85.352300
155 2 73.127300
156 2 70.834300
157 2 65.048300
158 2 61.012200
159 2 59.822700
160 2 70.118300
161 2 74.571100
162 2 85.972300
163 2 98.750200
164 2 110.942000
165 2 0.000000
166 2 0.154200
167 2 0.000000
168 2 0.288900
169 2 0.000000
170 2 0.159600
171 2 0.000000
172 2 0.534200
173 2 74.309100
174 2 59.623900
175 2 59.957700
176 2 27.340000
177 2 39.669200
178 2 86.276200
179 2 100.036000
180 2 94.514400
181 2 129.688000
182 2 0.021593
183 2 1.193400
184 2 0.049732
185 2 0.619800
186 2 0.072702
187 2 0.150800
188 2 0.096669
189 2 0.001000
190 2 0.322037
191 2 0.000000
192 2 0.253033
193 2 0.000000
194 2 100.079000
195 2 99.214800
196 2 105.560000
197 2 94.832500
198 2 0.155493
199 2 0.000000
200 2 0.126646
201 2 0.000000
202 2 0.124146
203 2 0.000000
204 2 0.125329
205 2 0.000000
206 2 0.147655
207 2 0.000000
208 2 0.769437
209 2 1.813790
210 2 12.636700
211 2 1.430240
212 2 0.635949
213 2 0.960891
214 2 0.991309
215 2 0.000000
216 2 0.000000
217 2 0.000000
218 2 0.000000
219 2 2.353760
220 2 3.799490
221 2 5.786330
222 2 1.385330
223 2 47.511500
224 2 3.245320
225 2 3.439740
226 2 1.468230
227 2 0.918239
228 2 0.978279
229 2 0.767051
230 2 0.788606
231 2 0.802074
1 3 104.853000
2 3 90.742300
3 3 74.122000
4 3 69.376900
5 3 68.438600
6 3 60.016600
7 3 79.630900
8 3 79.220400
9 3 75.596700
10 3 72.204100
11 3 90.070000
12 3 88.343700
13 3 88.044500
14 3 87.028100
15 3 79.036500
16 3 72.524200
17 3 74.447000
18 3 88.891000
19 3 87.347800
20 3 97.264800
21 3 89.587500
22 3 106.052000
23 3 102.049000
24 3 83.220400
25 3 15.973800
26 3 21.544200
27 3 34.554500
28 3 31.057700
29 3 36.111000
30 3 38.737100
31 3 30.056700
32 3 25.036900
33 3 28.768300
34 3 68.177600
35 3 104.965000
36 3 103.506000
37 3 98.437500
38 3 96.275600
39 3 97.733600
40 3 104.357000
41 3 135.975000
42 3 127.219000
43 3 122.664000
44 3 46.401800
45 3 21.523100
46 3 31.701700
47 3 33.336500
48 3 37.493200
49 3 100.625000
50 3 98.591900
51 3 93.313400
52 3 82.420800
53 3 84.593600
54 3 75.631900
55 3 86.013000
56 3 113.410000
57 3 124.998000
58 3 112.245000
59 3 67.772600
60 3 80.545600
61 3 78.769100
62 3 78.817600
63 3 76.822300
64 3 88.189200
65 3 93.313000
66 3 98.457000
67 3 142.146000
68 3 167.843000
69 3 147.796000
70 3 151.373000
71 3 128.115000
72 3 127.519000
73 3 72.534700
74 3 70.945800
75 3 69.001400
76 3 54.241300
77 3 47.293100
78 3 64.113100
79 3 81.787900
80 3 100.428000
81 3 105.784000
82 3 95.686900
83 3 114.770000
84 3 91.328700
85 3 87.781700
86 3 71.403900
87 3 72.252900
88 3 94.799300
89 3 102.932000
90 3 89.562400
91 3 115.094000
92 3 155.894000
93 3 171.811000
94 3 152.338000
95 3 131.998000
96 3 123.184000
97 3 0.082669
98 3 0.000000
99 3 0.059110
100 3 0.000000
101 3 64.811200
102 3 73.271700
103 3 76.165000
104 3 57.777000
105 3 50.325900
106 3 76.442100
107 3 94.153600
108 3 101.655000
109 3 95.819400
110 3 90.067300
111 3 94.712000
112 3 72.741600
113 3 81.351900
114 3 66.221800
115 3 48.244800
116 3 50.669500
117 3 55.267600
118 3 61.796900
119 3 94.589000
120 3 117.824000
121 3 0.050942
122 3 0.000000
123 3 0.031836
124 3 0.000000
125 3 0.000000
126 3 0.000000
127 3 67.682900
128 3 84.222700
129 3 79.104300
130 3 65.908800
131 3 73.559600
132 3 73.603700
133 3 68.625700
134 3 55.252800
135 3 52.028000
136 3 52.598000
137 3 55.186700
138 3 51.602900
139 3 46.467900
140 3 52.765900
141 3 66.869100
142 3 82.114400
143 3 82.802600
144 3 0.211642
145 3 0.000000
146 3 0.148538
147 3 0.000000
148 3 0.036303
149 3 0.008600
150 3 0.000000
151 3 0.182000
152 3 101.099000
153 3 104.513000
154 3 56.318400
155 3 68.941800
156 3 69.711200
157 3 77.929900
158 3 82.184100
159 3 85.204600
160 3 78.479400
161 3 63.946900
162 3 81.917100
163 3 83.212900
164 3 103.266000
165 3 0.000000
166 3 0.298100
167 3 0.000000
168 3 0.156500
169 3 0.097193
170 3 1.808700
171 3 0.174801
172 3 1.085400
173 3 64.856800
174 3 68.188900
175 3 72.808400
176 3 82.615300
177 3 69.520600
178 3 105.444000
179 3 96.310800
180 3 111.296000
181 3 86.896300
182 3 0.164683
183 3 0.946400
184 3 0.037020
185 3 0.068100
186 3 0.000000
187 3 0.017700
188 3 0.000000
189 3 0.000700
190 3 0.022324
191 3 0.000000
192 3 0.052576
193 3 0.000000
194 3 123.204000
195 3 114.481000
196 3 125.405000
197 3 82.710400
198 3 0.081228
199 3 0.000000
200 3 0.168098
201 3 0.000000
202 3 0.218713
203 3 0.000000
204 3 0.208940
205 3 0.000000
206 3 0.236864
207 3 0.000000
208 3 0.384784
209 3 1.046430
210 3 3.523190
211 3 0.956627
212 3 0.000000
213 3 1.904060
214 3 1.723760
215 3 2.093280
216 3 0.210475
217 3 0.735984
218 3 1.247850
219 3 3.565150
220 3 4.682360
221 3 5.931400
222 3 1.145820
223 3 31.189000
224 3 3.356060
225 3 7.281120
226 3 1.228820
227 3 0.440305
228 3 0.279928
229 3 0.882125
230 3 0.652155
231 3 0.636177
1 4 102.270000
2 4 90.018700
3 4 73.307400
4 4 61.522300
5 4 63.149100
6 4 59.160800
7 4 74.293200
8 4 72.846300
9 4 84.884700
10 4 88.089000
11 4 78.252200
12 4 86.334000
13 4 86.540100
14 4 73.411900
15 4 73.543300
16 4 77.039600
17 4 94.750100
18 4 88.082100
19 4 103.371000
20 4 101.045000
21 4 98.249300
22 4 100.714000
23 4 91.146100
24 4 72.453300
25 4 9.514290
26 4 23.896000
27 4 21.479300
28 4 23.021200
29 4 23.910700
30 4 26.472200
31 4 23.175100
32 4 22.312700
33 4 7.860110
34 4 86.107800
35 4 113.123000
36 4 91.478600
37 4 96.194800
38 4 94.103600
39 4 94.928900
40 4 101.926000
41 4 127.550000
42 4 111.916000
43 4 106.913000
44 4 49.172100
45 4 18.362200
46 4 17.093500
47 4 23.253900
48 4 35.540100
49 4 88.398700
50 4 107.998000
51 4 106.327000
52 4 88.507400
53 4 87.624500
54 4 89.500000
55 4 103.484000
56 4 93.726200
57 4 125.493000
58 4 138.927000
59 4 95.137100
60 4 95.890000
61 4 101.002000
62 4 93.966300
63 4 96.102100
64 4 100.527000
65 4 107.065000
66 4 123.739000
67 4 157.421000
68 4 157.940000
69 4 166.708000
70 4 140.582000
71 4 117.995000
72 4 103.410000
73 4 70.891600
74 4 86.952200
75 4 81.003800
76 4 67.150400
77 4 57.761200
78 4 74.408100
79 4 86.163700
80 4 76.823200
81 4 97.191000
82 4 113.030000
83 4 112.120000
84 4 116.528000
85 4 105.598000
86 4 92.467800
87 4 91.634500
88 4 110.209000
89 4 98.728700
90 4 105.705000
91 4 117.965000
92 4 126.835000
93 4 146.092000
94 4 119.906000
95 4 107.221000
96 4 99.060600
97 4 0.114590
98 4 0.000000
99 4 0.103800
100 4 0.000000
101 4 69.776300
102 4 81.203900
103 4 110.580000
104 4 96.826100
105 4 90.734000
106 4 90.488400
107 4 79.089800
108 4 67.787300
109 4 103.198000
110 4 130.338000
111 4 97.594700
112 4 95.984700
113 4 106.527000
114 4 98.232700
115 4 81.400100
116 4 83.595500
117 4 76.505700
118 4 95.153100
119 4 115.490000
120 4 110.980000
121 4 0.120384
122 4 0.000000
123 4 0.103786
124 4 0.000000
125 4 0.071305
126 4 0.000000
127 4 59.194700
128 4 68.070100
129 4 74.793500
130 4 84.973100
131 4 74.823000
132 4 53.836100
133 4 57.276100
134 4 50.276200
135 4 46.654800
136 4 55.880500
137 4 59.840300
138 4 37.909300
139 4 38.087800
140 4 41.668400
141 4 68.132800
142 4 79.400000
143 4 106.156000
144 4 0.047944
145 4 0.000000
146 4 0.013122
147 4 0.000000
148 4 0.000000
149 4 0.046200
150 4 0.000000
151 4 0.380500
152 4 104.249000
153 4 103.641000
154 4 101.862000
155 4 87.573100
156 4 85.360000
157 4 79.075100
158 4 82.361500
159 4 77.459100
160 4 80.181900
161 4 85.866200
162 4 94.851800
163 4 116.154000
164 4 102.945000
165 4 0.000000
166 4 0.604000
167 4 0.000000
168 4 1.259200
169 4 0.000000
170 4 1.892000
171 4 0.034707
172 4 0.381900
173 4 58.496800
174 4 62.323700
175 4 62.833300
176 4 59.911600
177 4 63.665100
178 4 56.201100
179 4 67.744000
180 4 111.815000
181 4 133.868000
182 4 0.080405
183 4 0.232000
184 4 0.136779
185 4 0.838100
186 4 0.218620
187 4 0.254900
188 4 0.304002
189 4 0.001700
190 4 0.350230
191 4 0.000000
192 4 0.322931
193 4 0.000000
194 4 119.244000
195 4 135.325000
196 4 136.885000
197 4 111.703000
198 4 0.263543
199 4 0.000000
200 4 0.242063
201 4 0.000000
202 4 0.254212
203 4 0.000000
204 4 0.250296
205 4 0.000000
206 4 0.205438
207 4 0.000000
208 4 0.179778
209 4 1.999710
210 4 0.298541
211 4 1.707370
212 4 3.978960
213 4 1.986100
214 4 0.473848
215 4 0.927960
216 4 0.160449
217 4 0.022565
218 4 0.002205
219 4 3.083290
220 4 3.426070
221 4 4.718380
222 4 1.284730
223 4 70.626800
224 4 13.021500
225 4 4.774100
226 4 1.068110
227 4 0.753654
228 4 0.964179
229 4 0.407675
230 4 0.628023
231 4 0.757616
1 5 95.398700
2 5 110.953000
3 5 94.393700
4 5 85.772600
5 5 80.447700
6 5 81.713100
7 5 95.528200
8 5 90.412400
9 5 90.783800
10 5 81.670800
11 5 81.481600
12 5 78.969400
13 5 77.463600
14 5 73.477600
15 5 67.161800
16 5 67.150600
17 5 77.329100
18 5 88.680100
19 5 99.235300
20 5 111.852000
21 5 113.499000
22 5 123.510000
23 5 118.152000
24 5 99.443800
25 5 35.926000
26 5 30.849500
27 5 30.228400
28 5 27.829800
29 5 26.569700
30 5 24.307300
31 5 27.218800
32 5 18.623000
33 5 21.928800
34 5 51.835500
35 5 90.509200
36 5 71.347600
37 5 74.838900
38 5 65.514000
39 5 65.510600
40 5 74.545300
41 5 99.604100
42 5 93.214200
43 5 89.137500
44 5 34.173300
45 5 23.461300
46 5 24.008500
47 5 24.418500
48 5 31.011600
49 5 98.623100
50 5 108.833000
51 5 100.111000
52 5 91.744900
53 5 83.777900
54 5 84.008800
55 5 99.042100
56 5 108.127000
57 5 118.985000
58 5 104.795000
59 5 82.978400
60 5 73.658900
61 5 75.523700
62 5 75.460800
63 5 76.730600
64 5 80.664600
65 5 88.843800
66 5 98.112500
67 5 123.781000
68 5 162.159000
69 5 153.137000
70 5 141.320000
71 5 119.699000
72 5 108.194000
73 5 88.707300
74 5 88.295200
75 5 81.286900
76 5 68.092900
77 5 59.451100
78 5 61.013100
79 5 82.221800
80 5 100.142000
81 5 115.097000
82 5 107.316000
83 5 116.096000
84 5 103.491000
85 5 93.186200
86 5 84.765300
87 5 89.745000
88 5 101.841000
89 5 109.436000
90 5 105.642000
91 5 130.599000
92 5 162.318000
93 5 184.716000
94 5 157.944000
95 5 131.996000
96 5 126.324000
97 5 0.079809
98 5 0.000000
99 5 0.051529
100 5 0.000000
101 5 79.950800
102 5 74.319400
103 5 71.021700
104 5 70.497500
105 5 55.781800
106 5 65.296400
107 5 79.973200
108 5 73.827500
109 5 74.638000
110 5 64.222500
111 5 56.416600
112 5 55.935900
113 5 67.826000
114 5 56.957400
115 5 55.018800
116 5 51.379200
117 5 86.992000
118 5 96.593800
119 5 107.059000
120 5 112.243000
121 5 0.022861
122 5 0.000000
123 5 0.018012
124 5 0.000000
125 5 0.004949
126 5 0.000000
127 5 77.676500
128 5 66.160600
129 5 86.486100
130 5 91.857100
131 5 85.928700
132 5 77.730000
133 5 67.114700
134 5 54.973500
135 5 45.112500
136 5 45.928700
137 5 47.955600
138 5 45.181100
139 5 37.254700
140 5 46.161800
141 5 61.752700
142 5 71.169800
143 5 86.494500
144 5 0.000000
145 5 0.000000
146 5 0.000000
147 5 0.000000
148 5 0.000000
149 5 0.016000
150 5 0.000000
151 5 0.245400
152 5 83.774700
153 5 65.745000
154 5 74.014700
155 5 65.778900
156 5 60.536800
157 5 63.384600
158 5 53.181800
159 5 51.735100
160 5 51.475800
161 5 61.100100
162 5 91.188700
163 5 154.568000
164 5 180.489000
165 5 0.000000
166 5 0.370400
167 5 0.000000
168 5 0.200500
169 5 0.000000
170 5 6.813500
171 5 0.000000
172 5 1.168000
173 5 31.829100
174 5 38.484900
175 5 30.731600
176 5 35.898000
177 5 38.408200
178 5 88.214200
179 5 105.455000
180 5 115.265000
181 5 117.985000
182 5 0.000000
183 5 0.140000
184 5 0.000000
185 5 0.092700
186 5 0.000000
187 5 0.118000
188 5 0.000000
189 5 0.002200
190 5 0.000000
191 5 0.000000
192 5 0.000000
193 5 0.000000
194 5 90.863300
195 5 124.692000
196 5 110.972000
197 5 90.417600
198 5 0.000000
199 5 0.000000
200 5 0.000000
201 5 0.000000
202 5 0.000000
203 5 0.000000
204 5 0.000000
205 5 0.000000
206 5 0.024913
207 5 0.000000
208 5 0.382703
209 5 0.748308
210 5 0.000000
211 5 0.792778
212 5 3.978030
213 5 1.897690
214 5 1.482960
215 5 5.596670
216 5 0.300117
217 5 0.000000
218 5 0.000000
219 5 5.625460
220 5 5.789820
221 5 3.976710
222 5 1.086270
223 5 35.096300
224 5 4.520440
225 5 1.112050
226 5 1.154280
227 5 0.679745
228 5 0.636980
229 5 0.584347
230 5 0.585586
231 5 0.737600
1 6 104.853000
2 6 90.742300
3 6 74.122000
4 6 69.376900
5 6 68.438600
6 6 60.016600
7 6 79.630900
8 6 79.220400
9 6 75.596700
10 6 72.204100
11 6 90.070000
12 6 88.343700
13 6 88.044500
14 6 87.028100
15 6 79.036500
16 6 72.524200
17 6 74.447000
18 6 88.891000
19 6 87.347800
20 6 97.264800
21 6 89.587500
22 6 106.052000
23 6 102.049000
24 6 83.220400
25 6 15.973800
26 6 21.544200
27 6 34.554500
28 6 31.057700
29 6 36.111000
30 6 38.737100
31 6 30.056700
32 6 25.036900
33 6 28.768300
34 6 68.177600
35 6 104.965000
36 6 103.506000
37 6 98.437500
38 6 96.275600
39 6 97.733600
40 6 104.357000
41 6 135.975000
42 6 127.219000
43 6 122.664000
44 6 46.401800
45 6 21.523100
46 6 31.701700
47 6 33.336500
48 6 37.493200
49 6 100.625000
50 6 98.591900
51 6 93.313400
52 6 82.420800
53 6 84.593600
54 6 75.631900
55 6 86.013000
56 6 113.410000
57 6 124.998000
58 6 112.245000
59 6 67.772600
60 6 80.545600
61 6 78.769100
62 6 78.817600
63 6 76.822300
64 6 88.189200
65 6 93.313000
66 6 98.457000
67 6 142.146000
68 6 167.843000
69 6 147.796000
70 6 151.373000
71 6 128.115000
72 6 127.519000
73 6 72.534700
74 6 70.945800
75 6 69.001400
76 6 54.241300
77 6 47.293100
78 6 64.113100
79 6 81.787900
80 6 100.428000
81 6 105.784000
82 6 95.686900
83 6 114.770000
84 6 91.328700
85 6 87.781700
86 6 71.403900
87 6 72.252900
88 6 94.799300
89 6 102.932000
90 6 89.562400
91 6 115.094000
92 6 155.894000
93 6 171.811000
94 6 152.338000
95 6 131.998000
96 6 123.184000
97 6 0.082669
98 6 0.000000
99 6 0.059110
100 6 0.000000
101 6 64.811200
102 6 73.271700
103 6 76.165000
104 6 57.777000
105 6 50.325900
106 6 76.442100
107 6 94.153600
108 6 101.655000
109 6 95.819400
110 6 90.067300
111 6 94.712000
112 6 72.741600
113 6 81.351900
114 6 66.221800
115 6 48.244800
116 6 50.669500
117 6 55.267600
118 6 61.796900
119 6 94.589000
120 6 117.824000
121 6 0.050942
122 6 0.000000
123 6 0.031836
124 6 0.000000
125 6 0.145429
126 6 0.000000
127 6 65.243600
128 6 53.842300
129 6 51.935400
130 6 65.721100
131 6 77.698500
132 6 83.975500
133 6 78.906600
134 6 33.498400
135 6 29.861800
136 6 27.219900
137 6 21.639000
138 6 17.389400
139 6 17.901100
140 6 30.002500
141 6 58.449500
142 6 79.883000
143 6 91.981000
144 6 0.138727
145 6 0.000000
146 6 0.161065
147 6 0.000000
148 6 0.194479
149 6 0.088300
150 6 0.177188
151 6 0.200100
152 6 120.024000
153 6 120.474000
154 6 95.013500
155 6 92.990900
156 6 98.879900
157 6 93.113700
158 6 89.878800
159 6 94.742200
160 6 86.121400
161 6 96.248900
162 6 107.808000
163 6 126.737000
164 6 125.952000
165 6 0.105069
166 6 0.173200
167 6 0.018109
168 6 0.112000
169 6 0.000000
170 6 0.397800
171 6 0.000000
172 6 0.979400
173 6 88.423700
174 6 88.333900
175 6 91.511500
176 6 74.360300
177 6 91.664300
178 6 29.825500
179 6 61.756700
180 6 98.529700
181 6 113.691000
182 6 0.000000
183 6 0.249300
184 6 0.000000
185 6 0.504300
186 6 0.033295
187 6 0.577800
188 6 0.100961
189 6 0.005900
190 6 0.155425
191 6 0.000000
192 6 0.161909
193 6 0.000000
194 6 129.907000
195 6 129.275000
196 6 134.075000
197 6 137.533000
198 6 0.169882
199 6 0.000000
200 6 0.183962
201 6 0.000000
202 6 0.178798
203 6 0.000000
204 6 0.166685
205 6 0.000000
206 6 0.186590
207 6 0.000000
208 6 0.456428
209 6 0.647040
210 6 4.012220
211 6 1.289520
212 6 0.000000
213 6 0.000000
214 6 3.759590
215 6 1.382250
216 6 0.313506
217 6 0.000000
218 6 0.000000
219 6 3.113940
220 6 4.115990
221 6 5.174180
222 6 0.942005
223 6 0.000000
224 6 9.882530
225 6 4.586190
226 6 1.639020
227 6 0.609065
228 6 0.858673
229 6 0.545416
230 6 0.626045
231 6 0.650753
1 7 95.398700
2 7 110.953000
3 7 94.393700
4 7 85.772600
5 7 80.447700
6 7 81.713100
7 7 95.528200
8 7 90.412400
9 7 90.783800
10 7 81.670800
11 7 81.481600
12 7 78.969400
13 7 77.463600
14 7 73.477600
15 7 67.161800
16 7 67.150600
17 7 77.329100
18 7 88.680100
19 7 99.235300
20 7 111.852000
21 7 113.499000
22 7 123.510000
23 7 118.152000
24 7 99.443800
25 7 35.926000
26 7 30.849500
27 7 30.228400
28 7 27.829800
29 7 26.569700
30 7 24.307300
31 7 27.218800
32 7 18.623000
33 7 21.928800
34 7 51.835500
35 7 90.509200
36 7 71.347600
37 7 74.838900
38 7 65.514000
39 7 65.510600
40 7 74.545300
41 7 99.604100
42 7 93.214200
43 7 89.137500
44 7 34.173300
45 7 23.461300
46 7 24.008500
47 7 24.418500
48 7 31.011600
49 7 98.623100
50 7 108.833000
51 7 100.111000
52 7 91.744900
53 7 83.777900
54 7 84.008800
55 7 99.042100
56 7 108.127000
57 7 118.985000
58 7 104.795000
59 7 82.978400
60 7 73.658900
61 7 75.523700
62 7 75.460800
63 7 76.730600
64 7 80.664600
65 7 88.843800
66 7 98.112500
67 7 123.781000
68 7 162.159000
69 7 153.137000
70 7 141.320000
71 7 119.699000
72 7 108.194000
73 7 88.707300
74 7 88.295200
75 7 81.286900
76 7 68.092900
77 7 59.451100
78 7 61.013100
79 7 82.221800
80 7 100.142000
81 7 115.097000
82 7 107.316000
83 7 116.096000
84 7 103.491000
85 7 93.186200
86 7 84.765300
87 7 89.745000
88 7 101.841000
89 7 109.436000
90 7 105.642000
91 7 130.599000
92 7 162.318000
93 7 184.716000
94 7 157.944000
95 7 131.996000
96 7 126.324000
97 7 0.079809
98 7 0.000000
99 7 0.051529
100 7 0.000000
101 7 79.950800
102 7 74.319400
103 7 71.021700
104 7 70.497500
105 7 55.781800
106 7 65.296400
107 7 79.973200
108 7 73.827500
109 7 74.638000
110 7 64.222500
111 7 56.416600
112 7 55.935900
113 7 67.826000
114 7 56.957400
115 7 55.018800
116 7 51.379200
117 7 86.992000
118 7 96.593800
119 7 107.059000
120 7 112.243000
121 7 0.022861
122 7 0.000000
123 7 0.018012
124 7 0.000000
125 7 0.004949
126 7 0.000000
127 7 77.676500
128 7 66.160600
129 7 86.486100
130 7 91.857100
131 7 85.928700
132 7 77.730000
133 7 67.114700
134 7 54.973500
135 7 45.112500
136 7 45.928700
137 7 47.955600
138 7 45.181100
139 7 37.254700
140 7 46.161800
141 7 61.752700
142 7 71.169800
143 7 86.494500
144 7 0.000000
145 7 0.000000
146 7 0.000000
147 7 0.000000
148 7 0.000000
149 7 0.016000
150 7 0.000000
151 7 0.245400
152 7 83.774700
153 7 65.745000
154 7 74.014700
155 7 65.778900
156 7 60.536800
157 7 63.384600
158 7 53.181800
159 7 51.735100
160 7 51.475800
161 7 61.100100
162 7 91.188700
163 7 154.568000
164 7 180.489000
165 7 0.000000
166 7 0.370400
167 7 0.000000
168 7 0.200500
169 7 0.035602
170 7 0.308300
171 7 0.092073
172 7 0.861800
173 7 67.215800
174 7 72.388800
175 7 79.153400
176 7 53.737700
177 7 51.456400
178 7 86.685200
179 7 108.927000
180 7 123.714000
181 7 114.647000
182 7 0.128873
183 7 0.691300
184 7 0.152647
185 7 0.268000
186 7 0.171290
187 7 0.359800
188 7 0.388505
189 7 0.001900
190 7 0.421728
191 7 0.000000
192 7 0.207293
193 7 0.000000
194 7 107.107000
195 7 106.944000
196 7 108.740000
197 7 92.518100
198 7 0.089489
199 7 0.000000
200 7 0.133929
201 7 0.000000
202 7 0.163787
203 7 0.000000
204 7 0.158726
205 7 0.000000
206 7 0.179621
207 7 0.000000
208 7 0.353673
209 7 0.288094
210 7 11.772800
211 7 0.799209
212 7 0.091711
213 7 0.503936
214 7 1.375620
215 7 0.000000
216 7 0.000000
217 7 0.000000
218 7 0.000000
219 7 0.000000
220 7 0.000000
221 7 4.626290
222 7 0.926242
223 7 90.326800
224 7 5.265900
225 7 5.490230
226 7 2.099670
227 7 0.175236
228 7 0.370651
229 7 0.512723
230 7 0.547513
231 7 0.796972
1 8 102.270000
2 8 90.018700
3 8 73.307400
4 8 61.522300
5 8 63.149100
6 8 59.160800
7 8 74.293200
8 8 72.846300
9 8 84.884700
10 8 88.089000
11 8 78.252200
12 8 86.334000
13 8 86.540100
14 8 73.411900
15 8 73.543300
16 8 77.039600
17 8 94.750100
18 8 88.082100
19 8 103.371000
20 8 101.045000
21 8 98.249300
22 8 100.714000
23 8 91.146100
24 8 72.453300
25 8 9.514290
26 8 23.896000
27 8 21.479300
28 8 23.021200
29 8 23.910700
30 8 26.472200
31 8 23.175100
32 8 22.312700
33 8 7.860110
34 8 86.107800
35 8 113.123000
36 8 91.478600
37 8 96.194800
38 8 94.103600
39 8 94.928900
40 8 101.926000
41 8 127.550000
42 8 111.916000
43 8 106.913000
44 8 49.172100
45 8 18.362200
46 8 17.093500
47 8 23.253900
48 8 35.540100
49 8 88.398700
50 8 107.998000
51 8 106.327000
52 8 88.507400
53 8 87.624500
54 8 89.500000
55 8 103.484000
56 8 93.726200
57 8 125.493000
58 8 138.927000
59 8 95.137100
60 8 95.890000
61 8 101.002000
62 8 93.966300
63 8 96.102100
64 8 100.527000
65 8 107.065000
66 8 123.739000
67 8 157.421000
68 8 157.940000
69 8 166.708000
70 8 140.582000
71 8 117.995000
72 8 103.410000
73 8 70.891600
74 8 86.952200
75 8 81.003800
76 8 67.150400
77 8 57.761200
78 8 74.408100
79 8 86.163700
80 8 76.823200
81 8 97.191000
82 8 113.030000
83 8 112.120000
84 8 116.528000
85 8 105.598000
86 8 92.467800
87 8 91.634500
88 8 110.209000
89 8 98.728700
90 8 105.705000
91 8 117.965000
92 8 126.835000
93 8 146.092000
94 8 119.906000
95 8 107.221000
96 8 99.060600
97 8 0.114590
98 8 0.000000
99 8 0.103800
100 8 0.000000
101 8 85.710700
102 8 83.335900
103 8 76.241400
104 8 71.184800
105 8 61.190000
106 8 66.413600
107 8 83.243900
108 8 97.508100
109 8 91.234600
110 8 74.458100
111 8 73.597900
112 8 78.056600
113 8 89.707200
114 8 82.668200
115 8 76.127200
116 8 74.731900
117 8 71.269500
118 8 79.615500
119 8 106.406000
120 8 111.734000
121 8 0.101631
122 8 0.000000
123 8 0.102988
124 8 0.000000
125 8 0.107281
126 8 0.000000
127 8 70.438200
128 8 63.927500
129 8 64.892200
130 8 78.466300
131 8 75.752100
132 8 60.717600
133 8 57.384500
134 8 38.932100
135 8 27.997000
136 8 21.077700
137 8 26.667700
138 8 86.013000
139 8 79.739100
140 8 89.690300
141 8 108.992000
142 8 128.349000
143 8 163.457000
144 8 0.110357
145 8 0.000000
146 8 0.091439
147 8 0.000000
148 8 0.171541
149 8 0.043400
150 8 0.187499
151 8 0.219800
152 8 131.972000
153 8 133.427000
154 8 102.604000
155 8 87.564500
156 8 69.068700
157 8 58.078900
158 8 59.232000
159 8 63.508600
160 8 66.106800
161 8 76.439900
162 8 87.848900
163 8 112.820000
164 8 119.282000
165 8 0.176579
166 8 0.212900
167 8 0.166893
168 8 0.911000
169 8 0.195910
170 8 1.339500
171 8 0.241533
172 8 1.205300
173 8 49.992300
174 8 34.515700
175 8 31.830800
176 8 93.011000
177 8 87.988300
178 8 95.689400
179 8 121.437000
180 8 182.963000
181 8 147.005000
182 8 0.225461
183 8 1.076500
184 8 0.245128
185 8 0.478400
186 8 0.248284
187 8 0.082500
188 8 0.335438
189 8 0.003100
190 8 0.418321
191 8 0.000000
192 8 0.379239
193 8 0.000000
194 8 128.487000
195 8 125.567000
196 8 133.857000
197 8 92.938100
198 8 0.318587
199 8 0.000000
200 8 0.305597
201 8 0.000000
202 8 0.274992
203 8 0.000000
204 8 0.256990
205 8 0.000000
206 8 0.291149
207 8 0.000000
208 8 0.524792
209 8 0.817785
210 8 0.451537
211 8 1.195090
212 8 2.124050
213 8 1.919190
214 8 1.272500
215 8 0.000000
216 8 0.168782
217 8 0.396600
218 8 0.000000
219 8 2.844080
220 8 2.710930
221 8 3.790630
222 8 1.614900
223 8 123.860000
224 8 4.695000
225 8 1.401310
226 8 1.316920
227 8 0.505887
228 8 0.718192
229 8 0.577152
230 8 0.606469
231 8 0.714531
1 9 104.853000
2 9 90.742300
3 9 74.122000
4 9 69.376900
5 9 68.438600
6 9 60.016600
7 9 79.630900
8 9 79.220400
9 9 75.596700
10 9 72.204100
11 9 90.070000
12 9 88.343700
13 9 88.044500
14 9 87.028100
15 9 79.036500
16 9 72.524200
17 9 74.447000
18 9 88.891000
19 9 87.347800
20 9 97.264800
21 9 89.587500
22 9 106.052000
23 9 102.049000
24 9 83.220400
25 9 15.973800
26 9 21.544200
27 9 34.554500
28 9 31.057700
29 9 36.111000
30 9 38.737100
31 9 30.056700
32 9 25.036900
33 9 28.768300
34 9 68.177600
35 9 104.965000
36 9 103.506000
37 9 98.437500
38 9 96.275600
39 9 97.733600
40 9 104.357000
41 9 135.975000
42 9 127.219000
43 9 122.664000
44 9 46.401800
45 9 21.523100
46 9 31.701700
47 9 33.336500
48 9 37.493200
49 9 100.625000
50 9 98.591900
51 9 93.313400
52 9 82.420800
53 9 84.593600
54 9 75.631900
55 9 86.013000
56 9 113.410000
57 9 124.998000
58 9 112.245000
59 9 67.772600
60 9 80.545600
61 9 78.769100
62 9 78.817600
63 9 76.822300
64 9 88.189200
65 9 93.313000
66 9 98.457000
67 9 142.146000
68 9 167.843000
69 9 147.796000
70 9 151.373000
71 9 128.115000
72 9 127.519000
73 9 72.534700
74 9 70.945800
75 9 69.001400
76 9 54.241300
77 9 47.293100
78 9 64.113100
79 9 81.787900
80 9 100.428000
81 9 105.784000
82 9 95.686900
83 9 114.770000
84 9 91.328700
85 9 87.781700
86 9 71.403900
87 9 72.252900
88 9 94.799300
89 9 102.932000
90 9 89.562400
91 9 115.094000
92 9 155.894000
93 9 171.811000
94 9 152.338000
95 9 131.998000
96 9 123.184000
97 9 0.082669
98 9 0.000000
99 9 0.059110
100 9 0.000000
101 9 64.811200
102 9 73.271700
103 9 76.165000
104 9 57.777000
105 9 50.325900
106 9 76.442100
107 9 94.153600
108 9 101.655000
109 9 95.819400
110 9 90.067300
111 9 94.712000
112 9 72.741600
113 9 81.351900
114 9 66.221800
115 9 48.244800
116 9 50.669500
117 9 55.267600
118 9 61.796900
119 9 94.589000
120 9 117.824000
121 9 0.050942
122 9 0.000000
123 9 0.031836
124 9 0.000000
125 9 0.019491
126 9 0.000000
127 9 75.453900
128 9 66.571800
129 9 76.790500
130 9 74.144200
131 9 89.095600
132 9 83.372700
133 9 59.935100
134 9 40.116600
135 9 34.842100
136 9 33.053600
137 9 41.477100
138 9 50.006400
139 9 43.052400
140 9 53.611800
141 9 70.447900
142 9 83.354600
143 9 83.735100
144 9 0.038628
145 9 0.000000
146 9 0.058153
147 9 0.000000
148 9 0.000000
149 9 0.043500
150 9 0.000000
151 9 0.539700
152 9 76.749100
153 9 72.571400
154 9 31.383500
155 9 20.158300
156 9 28.998900
157 9 26.251000
158 9 24.085300
159 9 37.957000
160 9 37.437600
161 9 38.905000
162 9 51.717800
163 9 124.895000
164 9 129.725000
165 9 0.000000
166 9 1.748100
167 9 0.006291
168 9 5.990100
169 9 0.065253
170 9 1.425700
171 9 0.130455
172 9 0.402800
173 9 83.913400
174 9 73.433200
175 9 56.478900
176 9 61.038800
177 9 52.110100
178 9 56.359300
179 9 75.242700
180 9 110.858000
181 9 94.375000
182 9 0.183516
183 9 1.071600
184 9 0.213254
185 9 0.324800
186 9 0.226770
187 9 0.657900
188 9 0.255692
189 9 0.001600
190 9 0.264285
191 9 0.000000
192 9 0.203071
193 9 0.000000
194 9 124.233000
195 9 113.134000
196 9 108.234000
197 9 84.627000
198 9 0.160532
199 9 0.000000
200 9 0.188251
201 9 0.000000
202 9 0.206988
203 9 0.000000
204 9 0.226995
205 9 0.000000
206 9 0.278264
207 9 0.000000
208 9 0.659623
209 9 2.043700
210 9 4.143560
211 9 2.255880
212 9 1.206490
213 9 1.605220
214 9 1.644340
215 9 0.000000
216 9 0.000000
217 9 0.000000
218 9 0.000000
219 9 0.000000
220 9 0.000000
221 9 3.368150
222 9 2.012320
223 9 0.000000
224 9 9.005610
225 9 4.114860
226 9 1.590760
227 9 0.563531
228 9 0.772487
229 9 0.350070
230 9 0.488901
231 9 0.673677
1 10 95.398700
2 10 110.953000
3 10 94.393700
4 10 85.772600
5 10 80.447700
6 10 81.713100
7 10 95.528200
8 10 90.412400
9 10 90.783800
10 10 81.670800
11 10 81.481600
12 10 78.969400
13 10 77.463600
14 10 73.477600
15 10 67.161800
16 10 67.150600
17 10 77.329100
18 10 88.680100
19 10 99.235300
20 10 111.852000
21 10 113.499000
22 10 123.510000
23 10 118.152000
24 10 99.443800
25 10 35.926000
26 10 30.849500
27 10 30.228400
28 10 27.829800
29 10 26.569700
30 10 24.307300
31 10 27.218800
32 10 18.623000
33 10 21.928800
34 10 51.835500
35 10 90.509200
36 10 71.347600
37 10 74.838900
38 10 65.514000
39 10 65.510600
40 10 74.545300
41 10 99.604100
42 10 93.214200
43 10 89.137500
44 10 34.173300
45 10 23.461300
46 10 24.008500
47 10 24.418500
48 10 31.011600
49 10 98.623100
50 10 108.833000
51 10 100.111000
52 10 91.744900
53 10 83.777900
54 10 84.008800
55 10 99.042100
56 10 108.127000
57 10 118.985000
58 10 104.795000
59 10 82.978400
60 10 73.658900
61 10 75.523700
62 10 75.460800
63 10 76.730600
64 10 80.664600
65 10 88.843800
66 10 98.112500
67 10 123.781000
68 10 162.159000
69 10 153.137000
70 10 141.320000
71 10 119.699000
72 10 108.194000
73 10 88.707300
74 10 88.295200
75 10 81.286900
76 10 68.092900
77 10 59.451100
78 10 61.013100
79 10 82.221800
80 10 100.142000
81 10 115.097000
82 10 107.316000
83 10 116.096000
84 10 103.491000
85 10 93.186200
86 10 84.765300
87 10 89.745000
88 10 101.841000
89 10 109.436000
90 10 105.642000
91 10 130.599000
92 10 162.318000
93 10 184.716000
94 10 157.944000
95 10 131.996000
96 10 126.324000
97 10 0.079809
98 10 0.000000
99 10 0.051529
100 10 0.000000
101 10 79.950800
102 10 74.319400
103 10 71.021700
104 10 70.497500
105 10 55.781800
106 10 65.296400
107 10 79.973200
108 10 73.827500
109 10 74.638000
110 10 64.222500
111 10 56.416600
112 10 55.935900
113 10 67.826000
114 10 56.957400
115 10 55.018800
116 10 51.379200
117 10 86.992000
118 10 96.593800
119 10 107.059000
120 10 112.243000
121 10 0.022861
122 10 0.000000
123 10 0.018012
124 10 0.000000
125 10 0.004949
126 10 0.000000
127 10 77.676500
128 10 66.160600
129 10 86.486100
130 10 91.857100
131 10 85.928700
132 10 77.730000
133 10 67.114700
134 10 54.973500
135 10 45.112500
136 10 45.928700
137 10 47.955600
138 10 45.181100
139 10 37.254700
140 10 46.161800
141 10 61.752700
142 10 71.169800
143 10 86.494500
144 10 0.000000
145 10 0.000000
146 10 0.000000
147 10 0.000000
148 10 0.000000
149 10 0.016000
150 10 0.000000
151 10 0.245400
152 10 83.774700
153 10 65.745000
154 10 74.014700
155 10 65.778900
156 10 60.536800
157 10 63.384600
158 10 53.181800
159 10 51.735100
160 10 51.475800
161 10 61.100100
162 10 91.188700
163 10 154.568000
164 10 180.489000
165 10 0.000000
166 10 0.370400
167 10 0.000000
168 10 0.200500
169 10 0.000000
170 10 0.072600
171 10 0.000000
172 10 0.185400
173 10 13.499400
174 10 1.721770
175 10 23.694500
176 10 24.724200
177 10 26.153800
178 10 29.758500
179 10 75.831800
180 10 114.980000
181 10 139.641000
182 10 0.002119
183 10 0.104700
184 10 0.009069
185 10 0.140800
186 10 0.027317
187 10 0.055600
188 10 0.052744
189 10 0.000900
190 10 0.044458
191 10 0.000000
192 10 0.000000
193 10 0.000000
194 10 103.731000
195 10 101.986000
196 10 100.027000
197 10 73.868500
198 10 0.000000
199 10 0.000000
200 10 0.005094
201 10 0.000000
202 10 0.048215
203 10 0.000000
204 10 0.101340
205 10 0.000000
206 10 0.170670
207 10 0.000000
208 10 0.529811
209 10 1.679210
210 10 20.211900
211 10 1.813890
212 10 3.832280
213 10 1.917660
214 10 1.640570
215 10 0.000000
216 10 0.067410
217 10 0.158784
218 10 0.717416
219 10 4.514250
220 10 4.394600
221 10 4.915210
222 10 1.053870
223 10 56.531000
224 10 10.665700
225 10 0.000000
226 10 0.627810
227 10 0.609194
228 10 0.699188
229 10 0.463312
230 10 0.500246
231 10 0.763776
;

param Prob0 :=
1	0.200
2	0.000
3	0.100
4	0.100
5	0.100
6	0.100
7	0.100
8	0.100
9	0.100
10	0.100
;
set c[0,5] := 5 1 2 3 4 6 7 8 9 10;
set c[1,2] := 2 1 3 6 9;
set c[1,4] := 4 8;
set c[1,10] := 10 5 7;
set c[2,4] := 4 8;
set c[2,10] := 10 5 7;
set c[2,6] := 6 3 9;
set c[2,1] := 1 2;
set c[3,10] := 10 5 7;
set c[3,1] := 1 2;
set c[3,9] := 9 6 3;
set c[3,4] := 4 8;
set c[4,3] := 3 9 6;
set c[4,1] := 1 2;
set c[4,4] := 4 8;
set c[4,10] := 10 5 7;
set c[5,5] := 5 10 7;
set c[5,1] := 1 2;
set c[5,4] := 4 8;
set c[5,3] := 3 9 6;
set c[6,4] := 4 8;
set c[6,1] := 1 2;
set c[6,3] := 3 9 6;
set c[6,7] := 7 5 10;
set c[7,3] := 3 9 6;
set c[7,1] := 1 2;
set c[7,7] := 7 5 10;
set c[7,4] := 4;
set c[7,8] := 8;
set c[8,1] := 1 2;
set c[8,10] := 10 7 5;
set c[8,4] := 4;
set c[8,8] := 8;
set c[8,9] := 9 3 6;
set c[9,9] := 9 3 6;
set c[9,4] := 4;
set c[9,10] := 10 7 5;
set c[9,8] := 8;
set c[9,1] := 1 2;
set c[10,10] := 10 7 5;
set c[10,8] := 8;
set c[10,4] := 4;
set c[10,1] := 1 2;
set c[10,9] := 9;
set c[10,3] := 3;
set c[10,6] := 6;
set c[11,3] := 3;
set c[11,8] := 8;
set c[11,1] := 1 2;
set c[11,4] := 4;
set c[11,9] := 9;
set c[11,6] := 6;
set c[11,5] := 5 10 7;
set c[12,1] := 1 2;
set c[12,6] := 6;
set c[12,9] := 9;
set c[12,8] := 8;
set c[12,10] := 10 5 7;
set c[12,4] := 4;
set c[12,3] := 3;
set c[13,3] := 3;
set c[13,10] := 10 5 7;
set c[13,4] := 4;
set c[13,9] := 9;
set c[13,8] := 8;
set c[13,6] := 6;
set c[13,1] := 1 2;
set c[14,9] := 9;
set c[14,7] := 7 10 5;
set c[14,4] := 4;
set c[14,6] := 6;
set c[14,1] := 1 2;
set c[14,8] := 8;
set c[14,3] := 3;
set c[15,8] := 8;
set c[15,6] := 6;
set c[15,7] := 7 10 5;
set c[15,1] := 1 2;
set c[15,4] := 4;
set c[15,3] := 3;
set c[15,9] := 9;
set c[16,6] := 6;
set c[16,3] := 3;
set c[16,1] := 1 2;
set c[16,9] := 9;
set c[16,7] := 7 10 5;
set c[16,4] := 4;
set c[16,8] := 8;
set c[17,10] := 10 7 5;
set c[17,9] := 9;
set c[17,1] := 1 2;
set c[17,4] := 4;
set c[17,8] := 8;
set c[17,3] := 3;
set c[17,6] := 6;
set c[18,4] := 4;
set c[18,8] := 8;
set c[18,3] := 3;
set c[18,6] := 6;
set c[18,1] := 1 2;
set c[18,9] := 9;
set c[18,7] := 7 10 5;
set c[19,6] := 6;
set c[19,9] := 9;
set c[19,8] := 8;
set c[19,7] := 7;
set c[19,10] := 10;
set c[19,5] := 5;
set c[19,1] := 1 2;
set c[19,3] := 3;
set c[19,4] := 4;
set c[20,7] := 7;
set c[20,9] := 9;
set c[20,8] := 8;
set c[20,5] := 5;
set c[20,1] := 1 2;
set c[20,4] := 4;
set c[20,3] := 3;
set c[20,10] := 10;
set c[20,6] := 6;
set c[21,1] := 1 2;
set c[21,10] := 10;
set c[21,6] := 6;
set c[21,4] := 4;
set c[21,9] := 9;
set c[21,5] := 5;
set c[21,8] := 8;
set c[21,3] := 3;
set c[21,7] := 7;
set c[22,6] := 6;
set c[22,8] := 8;
set c[22,3] := 3;
set c[22,7] := 7;
set c[22,4] := 4;
set c[22,10] := 10;
set c[22,9] := 9;
set c[22,5] := 5;
set c[22,1] := 1 2;
set c[23,3] := 3;
set c[23,9] := 9;
set c[23,5] := 5;
set c[23,8] := 8;
set c[23,1] := 1 2;
set c[23,10] := 10;
set c[23,7] := 7;
set c[23,4] := 4;
set c[23,6] := 6;
set c[24,7] := 7;
set c[24,4] := 4;
set c[24,1] := 1 2;
set c[24,6] := 6;
set c[24,9] := 9;
set c[24,10] := 10;
set c[24,8] := 8;
set c[24,5] := 5;
set c[24,3] := 3;
set c[25,5] := 5;
set c[25,3] := 3;
set c[25,6] := 6;
set c[25,8] := 8;
set c[25,1] := 1 2;
set c[25,4] := 4;
set c[25,10] := 10;
set c[25,9] := 9;
set c[25,7] := 7;
set c[26,7] := 7;
set c[26,3] := 3;
set c[26,1] := 1 2;
set c[26,9] := 9;
set c[26,6] := 6;
set c[26,4] := 4;
set c[26,10] := 10;
set c[26,8] := 8;
set c[26,5] := 5;
set c[27,4] := 4;
set c[27,9] := 9;
set c[27,5] := 5;
set c[27,3] := 3;
set c[27,6] := 6;
set c[27,1] := 1 2;
set c[27,10] := 10;
set c[27,8] := 8;
set c[27,7] := 7;
set c[28,3] := 3;
set c[28,9] := 9;
set c[28,6] := 6;
set c[28,1] := 1 2;
set c[28,5] := 5;
set c[28,8] := 8;
set c[28,7] := 7;
set c[28,10] := 10;
set c[28,4] := 4;
set c[29,8] := 8;
set c[29,1] := 1 2;
set c[29,9] := 9;
set c[29,6] := 6;
set c[29,7] := 7;
set c[29,4] := 4;
set c[29,5] := 5;
set c[29,10] := 10;
set c[29,3] := 3;
set c[30,7] := 7;
set c[30,9] := 9;
set c[30,5] := 5;
set c[30,3] := 3;
set c[30,4] := 4;
set c[30,1] := 1 2;
set c[30,6] := 6;
set c[30,10] := 10;
set c[30,8] := 8;
set c[31,5] := 5;
set c[31,9] := 9;
set c[31,10] := 10;
set c[31,3] := 3;
set c[31,1] := 1 2;
set c[31,4] := 4;
set c[31,8] := 8;
set c[31,6] := 6;
set c[31,7] := 7;
set c[32,4] := 4;
set c[32,1] := 1 2;
set c[32,6] := 6;
set c[32,3] := 3;
set c[32,8] := 8;
set c[32,10] := 10;
set c[32,9] := 9;
set c[32,7] := 7;
set c[32,5] := 5;
set c[33,1] := 1 2;
set c[33,3] := 3;
set c[33,5] := 5;
set c[33,10] := 10;
set c[33,7] := 7;
set c[33,8] := 8;
set c[33,9] := 9;
set c[33,6] := 6;
set c[33,4] := 4;
set c[34,8] := 8;
set c[34,6] := 6;
set c[34,7] := 7;
set c[34,10] := 10;
set c[34,5] := 5;
set c[34,3] := 3;
set c[34,9] := 9;
set c[34,4] := 4;
set c[34,1] := 1 2;

