1 0.1 0 0 0 0 4.038455 4.250914999999999 4.657762499999986 5.951999999999997 0.0 5.9153 7.7258812500000005 10.224000000000009 10.186000000000018 8.4047125 9.34725 8.43775 7.808719999999998 8.728671999999996 -8.002299999999995 -5.8106133333333325 -6.7833483333333335 -6.797523333333334 -5.522967833333336 7.15 
2 0.1 0 0 0 0 4.038455 4.39884 4.6577625 6.7200075 5.7696014 0.05567999999999884 6.668598 10.224000000000014 10.186000000000018 8.4047125 9.34725 8.948458500000001 8.7351065 8.454022000000004 0.0 -5.8106133333333325 -6.7833483333333335 -6.7095228333333345 -5.522967833333336 5.411984000000004 
3 0.1 0 0 0 0 4.038455 4.39884 4.6577625000000005 6.7200075 5.7696014 0.05567999999999884 6.668598 10.224000000000018 10.186000000000018 8.4047125 9.34725 8.948458500000001 8.7351065 8.454022000000004 0.0 -5.8106133333333325 -6.7833483333333335 -6.7095228333333345 -5.522967833333336 5.411984000000004 
4 0.1 0 0 0 0 0.5502217125003632 4.652598515624995 6.344 7.436000000000002 5.769601400000001 4.955299999999999 8.0207775 -10.224000000000007 10.186000000000018 10.38000000000001 9.347249999999999 8.43775 7.808719999999998 8.728671999999996 8.0672125 5.8106133333333325 -6.7833483333333335 -6.797523333333334 6.1053950000000015 7.15 
5 0.1 0 0 0 0 3.4568650000000005 3.7245769999999965 6.344000000000002 5.322211199999997 -4.55 -5.178696666666667 7.7258812500000005 8.727898000000055 8.277050000000017 -8.4047125 -9.347250000000003 0.0 -5.443459000000001 0.2882440000000024 0.0 0.12711000000000183 -6.7833483333333335 -6.225846666666669 -3.730218500000001 7.15 
6 0.1 0 0 0 0 4.577745 4.250914999999999 6.344000000000005 5.322211199999997 0.0 0.0 7.7258812500000005 10.224000000000009 10.186000000000018 8.4047125 9.34725 6.044081666666667 5.443459000000001 5.466458333333339 0.0 -5.397356666666667 -6.7833483333333335 -6.225846666666669 -3.730218500000001 3.10425 
7 0.1 0 0 0 0 3.4568650000000005 3.7245769999999965 6.344000000000002 5.322211199999997 -4.55 -5.178696666666667 7.7258812500000005 8.727898000000055 8.277050000000017 -8.4047125 -9.347250000000003 0.0 -5.443459000000001 0.2882440000000024 0.0 0.12711000000000183 -6.7833483333333335 -6.225846666666669 -3.730218500000001 7.15 
8 0.1 0 0 0 0 4.577745 4.250914999999999 6.344000000000002 5.322211199999996 0.0 0.0 7.725881250000002 10.224000000000009 10.186000000000018 8.4047125 9.34725 6.044081666666667 5.443459000000001 5.466458333333334 0.0 -5.397356666666667 -6.7833483333333335 -6.22584666666667 -3.730218500000001 3.10425 
9 0.1 0 0 0 0 4.038455 4.39884 4.6577625 6.7200075 5.7696014 0.05567999999999884 6.668598 10.22400000000002 10.18600000000002 8.4047125 9.34725 8.948458500000001 8.7351065 8.454022000000004 0.0 -5.8106133333333325 -6.7833483333333335 -6.7095228333333345 -5.522967833333336 5.411984000000004 
10 0.1 0 0 0 0 2.6733408333333344 2.926551666666667 4.6577625 4.447896833333334 0.0 0.0 8.0207775 10.224 10.186 10.38 10.222000000000007 9.866000000000007 8.7351065 8.728671999999996 -0.3850600000000064 -5.397356666666667 -5.376561666666667 -6.225846666666669 -3.730218500000001 -7.15 
