1 0.1 -3.1916859999999994 0.0 -3.259316400000006 -3.232638000000001 -4.038455 -4.250914999999999 -4.6577625000000005 -5.951999999999997 -4.55 -5.9153 -7.7258812500000005 -10.224000000000009 -10.186000000000018 -8.4047125 -9.34725 -8.43775 -7.808719999999998 -8.728671999999996 8.0672125 5.8106133333333325 6.7833483333333335 6.797523333333334 5.522967833333336 -7.15 
2 0.1 -2.7130366666666674 -2.7510121666666656 -3.259316400000006 -3.232638000000001 -4.038455 -4.39884 -4.6577625 -6.7200075 -5.7696014 -5.178696666666667 6.668598 -10.224000000000018 -10.185999999999947 -8.4047125 -9.34725 -8.948458500000001 0.0 -8.454022000000004 8.0672125 5.8106133333333325 6.7833483333333335 6.7095228333333345 5.522967833333336 7.15 
3 0.1 -2.7130366666666674 -2.7510121666666656 -3.259316400000006 -3.232638000000001 -4.038455 -4.39884 -4.6577625000000005 -6.7200075 -5.7696014 -5.178696666666667 6.668598 -10.224000000000018 -10.185999999999947 -8.404712499999997 -9.34725 -8.948458500000001 0.0 -8.454022000000004 8.0672125 5.8106133333333325 6.7833483333333335 6.7095228333333345 5.522967833333336 7.15 
4 0.1 -2.7130366666666674 -2.5084633333333333 -3.259316400000006 -3.232638000000001 -4.577745 -4.652598515624995 -6.344 -7.436000000000002 -5.769601400000001 -4.955299999999999 -8.0207775 10.224000000000009 -10.186000000000021 -10.38000000000001 -9.347249999999999 -8.43775 -7.808719999999998 -8.728671999999996 -2.309210000000011 0.0 6.7833483333333335 -6.797523333333334 -6.1053950000000015 -7.15 
5 0.1 -3.252926000000001 3.753923933333331 3.2593164000000066 -3.146981 -4.577745 -4.250914999999999 -6.344000000000002 -5.322211199999997 -4.55 -5.178696666666667 -7.7258812500000005 -10.224000000000014 -10.186000000000018 -8.4047125 -9.34725 -6.044081666666667 -5.443459000000001 -5.466458333333334 5.435521000000001 5.397356666666667 6.7833483333333335 6.225846666666669 -3.231207500000039 -7.15 
6 0.1 -3.252926000000001 3.753923933333331 3.2593164000000066 -3.146981 -4.577745 -4.250914999999999 -6.344000000000005 -5.322211199999997 -4.55 -5.1786966666666645 -7.7258812500000005 -10.224000000000009 -10.186000000000018 -8.4047125 -9.34725 -6.044081666666667 -5.443459000000001 -5.466458333333334 5.435521000000001 5.397356666666667 6.7833483333333335 6.225846666666669 -3.231207500000039 -7.15 
7 0.1 -3.252926000000001 3.75392393333333 3.2593164000000066 -3.146981 -4.577745 -4.250914999999999 -6.344 -5.322211199999997 -4.55 -5.1786966666666645 -7.7258812500000005 -10.224000000000009 -10.186000000000018 -8.4047125 -9.34725 -6.044081666666667 -5.443459000000001 -5.466458333333334 5.435521000000001 5.397356666666667 6.7833483333333335 6.225846666666669 -3.231207500000039 -7.15 
8 0.1 -3.252926000000001 3.75392393333333 3.2593164000000066 -3.146981 -4.577745 -4.250914999999999 -6.344000000000002 -5.322211199999997 -4.55 -5.1786966666666645 -7.725881250000002 -10.224000000000009 -10.186000000000018 -8.4047125 -9.34725 -6.044081666666667 -5.443459000000001 -5.466458333333334 5.435521000000001 5.397356666666667 6.7833483333333335 6.225846666666669 -3.231207500000039 -7.15 
9 0.1 -2.7130366666666674 -2.7510121666666656 -3.259316400000006 -3.232638000000001 -4.038455 -4.39884 -4.6577625 -6.7200075 -5.7696014 -5.178696666666667 6.668598 -10.22400000000002 -10.185999999999947 -8.4047125 -9.34725 -8.948458500000001 0.0 -8.454022000000004 8.0672125 5.8106133333333325 6.7833483333333335 6.7095228333333345 5.522967833333336 7.15 
10 0.1 -3.1931360000000013 -2.1783333333333323 -2.519655000000001 -2.6795888333333338 -2.6733408333333344 -2.926551666666667 -4.6577625 -4.447896833333334 -4.874568333333334 -5.178696666666667 8.0207775 10.224000000000007 10.186000000000007 8.765709999999991 5.721550000000008 9.866000000000007 8.7351065 8.728671999999996 8.0672125 5.397356666666667 5.376561666666667 6.225846666666669 3.730218500000001 5.989799999999999 
