1 0.1 3.252926000000001 -3.75392393333333 0.0 0.0 2.1969550000001163 3.7245769999999965 -4.6577625000000005 5.951999999999997 4.55 5.9153 7.7258812500000005 10.224000000000009 10.186000000000021 8.4047125 9.34725 0.0 0.0 -0.6655720000000187 8.0672125 5.8106133333333325 6.7833483333333335 -6.797523333333334 5.522967833333336 -7.15 
2 0.1 0.0 0.0 3.259316400000006 3.232638000000001 4.038455 4.39884 -4.6577625 0.0 5.769601399999996 5.178696666666667 -6.668598 -10.224000000000018 -10.186000000000089 -8.4047125 -9.34725 -8.948458500000001 -8.7351065 -8.454022000000004 8.0672125 5.8106133333333325 6.7833483333333335 6.7095228333333345 5.522967833333336 7.15 
3 0.1 0.0 0.0 3.259316400000006 3.232638000000001 4.038455 4.39884 -4.6577625 0.0 5.769601400000001 5.178696666666667 -6.668598 -10.224000000000027 -10.186000000000089 -8.4047125 -9.34725 -8.948458500000001 -8.7351065 -8.454022000000004 8.0672125 5.8106133333333325 6.7833483333333335 6.7095228333333345 5.522967833333336 7.15 
4 0.1 0.23489000000000004 0.0 0.0 0.0 4.577745 4.652598515624995 3.968511999999964 7.436000000000002 5.769601400000001 4.955299999999999 0.0 10.224000000000014 10.186000000000018 10.380000000000013 -9.347249999999999 -8.43775 -7.808719999999998 -8.728671999999996 8.0672125 5.8106133333333325 6.7833483333333335 6.797523333333334 -6.1053950000000015 -7.15 
5 0.1 3.2529260000000013 -3.268454266666522 -3.259316400000006 3.232638000000001 4.577745 4.250914999999999 3.7734250000000173 -5.322211199999997 4.55 5.178696666666666 7.7258812500000005 8.526672000000024 6.998970000000092 -3.9009274999999946 9.347250000000004 -6.044081666666667 0.9968039999999974 5.466458333333334 5.435521000000001 5.397356666666667 6.7833483333333335 6.225846666666669 3.730218500000001 -7.15 
6 0.1 3.2529260000000013 -3.268454266666522 -3.259316400000006 3.232638000000001 4.577745 4.250914999999999 3.7734250000000173 -5.322211199999997 4.55 5.178696666666666 7.7258812500000005 8.526672000000024 6.998970000000092 -3.9009274999999946 9.347250000000004 -6.044081666666667 0.9968039999999974 5.466458333333334 5.435521000000001 5.397356666666667 6.7833483333333335 6.225846666666669 3.730218500000001 -7.15 
7 0.1 3.252926000000001 -3.268454266666522 -3.259316400000006 3.232638000000001 4.577745 4.250914999999999 3.7734250000000022 -5.322211199999997 4.55 5.178696666666666 7.7258812500000005 8.526672000000024 6.998970000000092 -3.9009274999999946 9.347250000000004 -6.044081666666667 0.9968039999999974 5.466458333333334 5.435521000000001 5.397356666666667 6.7833483333333335 6.225846666666669 3.730218500000001 -7.15 
8 0.1 3.252926000000001 -3.268454266666521 -3.259316400000006 3.232638000000001 4.577745 4.250914999999999 3.7734250000000022 -5.322211199999997 4.55 5.178696666666666 7.7258812500000005 8.526672000000024 6.998970000000092 -3.9009274999999946 9.34725 -6.044081666666667 0.9968039999999974 5.466458333333334 5.435521000000001 5.397356666666667 6.7833483333333335 6.225846666666669 3.730218500000001 -7.15 
9 0.1 0.0 0.0 3.259316400000006 3.232638000000001 4.038455 4.39884 -4.657762500000001 0.0 5.769601400000001 5.178696666666667 -6.668598 -10.22400000000002 -10.186000000000089 -8.4047125 -9.34725 -8.948458500000001 -8.7351065 -8.454022000000004 8.0672125 5.8106133333333325 6.7833483333333335 6.7095228333333345 5.522967833333336 7.15 
10 0.1 3.252926000000001 0.0 0.0 0.0 -2.6733408333333344 -2.926551666666667 -4.6577625 0.0 4.874568333333334 5.178696666666667 0.0 -10.224000000000007 -10.186000000000007 -10.38 -10.222000000000012 -9.866000000000007 -0.767634000000001 -8.728671999999996 8.0672125 5.397356666666667 5.376561666666667 6.225846666666669 3.730218500000001 -7.15 
