1 0.1 0.061240000000001515 -3.75392393333333 -3.259316400000006 -3.232638000000001 2.1969550000001163 3.7245769999999965 -4.657762500000015 0.0 -4.55 0.0 7.7258812500000005 10.224000000000009 10.186000000000018 8.4047125 9.34725 8.43775 7.808719999999998 8.063099999999977 0.06491250000000548 -3.967143333333336 1.296721666666662 -6.797523333333334 -4.4737408333333235 7.15 
2 0.1 -2.7130366666666674 -2.7510121666666656 0.0 0.0 4.038455 4.39884 -4.6577625 6.7200075 -3.552713678800501e-15 -5.123016666666668 0.0 10.224000000000013 10.186000000000018 8.404712499999995 2.405025000000352 8.948458500000001 8.7351065 0.0 8.0672125 -3.6819673333333434 1.4342116666666618 -6.215775833333328 -5.192496833333333 5.705089999999997 
3 0.1 -2.7130366666666674 -2.7510121666666656 0.0 0.0 4.038455 4.39884 -4.6577625000000005 6.7200075 8.881784197001252e-16 -5.123016666666668 0.0 10.224000000000013 10.186000000000018 8.4047125 2.40502500000035 8.948458500000001 8.7351065 0.0 8.0672125 -3.6819673333333434 2.1845916666666616 -5.848115833333313 -3.24514083333332 5.831159999999996 
4 0.1 -2.4781466666666674 -2.5084633333333333 -3.259316400000006 -3.232638000000001 0.5502217125003632 4.652598515624995 3.968511999999964 7.286000000000001 0.0 0.0 8.0207775 10.224000000000014 10.186000000000018 10.38000000000001 9.347249999999999 8.43775 4.828295999999982 8.728671999999996 5.758002499999989 -5.8106133333333325 -6.783348333333332 -6.797523333333334 -6.1053950000000015 5.411983999999995 
5 0.1 4.440892098500626e-16 0.485469666666809 4.440892098500626e-16 0.0856570000000012 3.4568650000000005 3.7245769999999965 3.7734250000000173 0.0 -3.851007000000002 -3.295421666666666 7.601576250000001 7.030570000000051 5.090020000000079 -4.9795175 8.066597000000002 -6.044081666666667 -5.443459000000001 -5.466458333333334 -5.435521000000001 -5.270246666666665 -6.7833483333333335 -6.225846666666671 -3.730218500000001 2.2262699999999995 
6 0.1 4.440892098500626e-16 0.485469666666809 4.440892098500626e-16 0.0856570000000012 4.577745 4.250914999999999 3.7734250000000173 -0.26676400000001443 -4.55 -5.178696666666665 7.7258812500000005 8.526672000000023 6.998970000000082 -3.9009274999999803 9.347250000000004 -4.256391666666662 -4.446655000000003 -5.178214333333328 -5.435521000000001 -5.397356666666667 -6.750928333333333 -5.956136666666659 -3.231207500000039 3.1042500000000004 
7 0.1 0.0 0.48546966666680813 4.440892098500626e-16 0.0856570000000012 3.4568650000000005 3.7245769999999965 3.773425000000004 0.0 -3.851007000000002 -3.2954216666666634 7.601576250000001 10.224000000000009 9.30261000000008 -3.9009274999999946 9.347250000000003 -5.573425666666672 -5.443459000000001 -5.178214333333331 -5.435521000000001 -3.8238666666666674 -5.5795783333333295 -5.2786966666666615 -2.93783749999994 3.22476 
8 0.1 0.0 0.485469666666809 4.440892098500626e-16 0.0856570000000012 4.577745 4.250914999999999 3.7734250000000022 -0.2667640000000153 -4.55 -5.178696666666665 7.7258812500000005 8.526672000000024 6.998970000000089 -3.9009274999999803 9.34725 -4.256391666666662 -4.446655000000003 -5.178214333333333 -5.435521000000001 -5.397356666666667 -6.750928333333333 -5.95613666666666 -3.231207500000039 3.1042500000000004 
9 0.1 -2.7130366666666674 -2.7510121666666656 0.0 0.0 4.038455 4.39884 -4.657762500000001 6.7200075 2.6645352591003757e-15 -5.123016666666668 -1.7763568394002505e-15 10.22400000000002 10.186000000000023 8.404712499999997 2.40502500000035 8.948458500000001 8.7351065 0.0 8.0672125 -3.6819673333333434 -0.18554833333333587 -6.709522833333336 -5.522967833333336 5.411984000000004 
10 0.1 0.059789999999999566 -2.1783333333333323 -2.519655000000001 -2.6795888333333338 -2.6733408333333344 -2.926551666666667 -4.6577625 -4.447896833333334 -4.874568333333334 -5.178696666666667 8.0207775 10.224 10.186 8.765709999999991 5.721549999999999 8.849056000000182 7.9674724999999995 0.0 7.682152499999994 -5.3938566666666645 -5.376561666666667 -6.225846666666669 -3.391687499999996 5.989799999999999 
