1 0.1 0 0 0 0 0 0 0 -5.951999999999997 -4.55 -5.9153 0.0 -10.224000000000009 -10.186000000000021 -8.4047125 -9.34725 -8.43775 -7.808719999999998 -8.728671999999996 -8.0672125 -5.8106133333333325 -6.7833483333333335 -6.797523333333334 -4.4737408333333235 7.15 
2 0.1 0 0 0 0 0 0 0 6.7200075 -5.7696014 -5.178696666666667 -6.668598 10.22400000000002 10.186000000000018 8.4047125 2.405025000000352 0.0 -8.7351065 -8.454022000000004 -8.0672125 -5.8106133333333325 -6.7833483333333335 -6.7095228333333345 -5.522967833333336 -7.15 
3 0.1 0 0 0 0 0 0 0 6.7200075 -5.7696014 -5.178696666666667 -6.668598 10.22400000000002 10.186000000000018 8.4047125 2.40502500000035 0.0 -8.7351065 -8.454022000000004 -8.0672125 -5.8106133333333325 -6.7833483333333335 -6.7095228333333345 -5.522967833333336 -7.15 
4 0.1 0 0 0 0 0 0 0 -0.15 -5.769601400000001 -4.955299999999999 8.0207775 -10.224000000000014 -10.186000000000014 -10.380000000000013 9.347249999999999 0.0 -2.980424000000016 0.0 -8.0672125 -5.8106133333333325 -6.7833483333333335 -6.797523333333334 -6.1053950000000015 7.15 
5 0.1 0 0 0 0 0 0 0 5.322211199999997 0.698992999999998 1.883275000000002 -0.12430499999999967 10.224000000000009 10.186000000000018 8.4047125 9.34725 6.044081666666667 4.446655000000003 -5.466458333333334 -5.435521000000001 -5.397356666666667 -6.7833483333333335 -6.225846666666669 3.231207500000039 7.15 
6 0.1 0 0 0 0 0 0 0 5.055447199999983 -4.55 -5.178696666666667 0.0 -10.22400000000001 -10.186000000000028 -8.404712499999986 -9.34725 -6.044081666666667 -5.443459000000001 -5.466458333333334 -5.435521000000001 -5.397356666666667 -6.7833483333333335 -6.22584666666667 3.730218500000001 7.15 
7 0.1 0 0 0 0 0 0 0 5.322211199999997 0.698992999999998 1.883275000000002 -0.12430499999999967 10.224000000000009 10.186000000000018 8.4047125 9.34725 6.044081666666667 4.446655000000003 -5.466458333333334 -5.435521000000001 -5.397356666666667 -6.7833483333333335 -6.225846666666669 3.231207500000039 7.15 
8 0.1 0 0 0 0 0 0 0 5.055447199999983 -4.55 -5.178696666666667 0.0 -10.224000000000009 -10.186000000000021 -8.404712499999986 -9.34725 -6.044081666666667 -5.443459000000001 -5.466458333333334 -5.435521000000001 -5.397356666666667 -6.7833483333333335 -6.22584666666667 3.730218500000001 7.15 
9 0.1 0 0 0 0 0 0 0 6.7200075 -5.769601399999998 -5.178696666666667 -6.668598000000002 10.22400000000002 10.18600000000002 8.4047125 2.40502500000035 0.0 -8.7351065 -8.454022000000004 -8.0672125 -5.8106133333333325 -6.7833483333333335 -6.7095228333333345 -5.522967833333336 -7.15 
10 0.1 0 0 0 0 0 0 0 -4.447896833333334 -4.874568333333334 -5.178696666666667 -8.0207775 -10.224 -10.186 -10.38 -10.22200000000001 -1.0169439999998247 -8.7351065 -8.728671999999996 -8.0672125 -5.397356666666667 -5.376561666666667 -6.225846666666669 -3.391687499999996 7.15 
