1 0.1 0 0 0 0 0 0 0 0 0 0 0 0 0 0 0 0 0 0 0 0 1.296721666666662 -6.797523333333334 -5.522967833333336 -7.15 
2 0.1 0 0 0 0 0 0 0 0 0 0 0 0 0 0 0 0 0 0 0 0 6.032968333333334 6.34186283333332 -5.192496833333333 -6.856894000000008 
3 0.1 0 0 0 0 0 0 0 0 0 0 0 0 0 0 0 0 0 0 0 0 6.7833483333333335 6.7095228333333345 -3.24514083333332 -6.730824000000008 
4 0.1 0 0 0 0 0 0 0 0 0 0 0 0 0 0 0 0 0 0 0 0 6.783348333333335 6.797523333333334 6.1053950000000015 -7.15 
5 0.1 0 0 0 0 0 0 0 0 0 0 0 0 0 0 0 0 0 0 0 0 -6.7833483333333335 6.225846666666669 -3.730218500000001 -7.15 
6 0.1 0 0 0 0 0 0 0 0 0 0 0 0 0 0 0 0 0 0 0 0 6.7833483333333335 -5.956136666666659 -3.730218500000001 -7.15 
7 0.1 0 0 0 0 0 0 0 0 0 0 0 0 0 0 0 0 0 0 0 0 6.7833483333333335 -5.2786966666666615 -3.730218500000001 -7.15 
8 0.1 0 0 0 0 0 0 0 0 0 0 0 0 0 0 0 0 0 0 0 0 6.7833483333333335 -5.956136666666659 -3.730218500000001 -7.15 
9 0.1 0 0 0 0 0 0 0 0 0 0 0 0 0 0 0 0 0 0 0 0 4.413208333333336 5.848115833333312 -5.522967833333336 -7.15 
10 0.1 0 0 0 0 0 0 0 0 0 0 0 0 0 0 0 0 0 0 0 0 -5.376561666666667 -6.225846666666669 -3.730218500000001 -7.15 
