1 0.1 0 0 0 0 0 0 0 0 0 0 0 10.224000000000009 10.186000000000018 8.4047125 9.34725 8.43775 7.808719999999998 8.728671999999996 8.0672125 1.8434699999999964 -6.7833483333333335 6.797523333333334 5.522967833333336 7.15 
2 0.1 0 0 0 0 0 0 0 0 0 0 0 10.224000000000014 10.186000000000018 8.404712499999995 9.34725 8.948458500000001 8.7351065 8.454022000000004 8.0672125 2.128645999999989 -6.7833483333333335 -6.7095228333333345 -5.522967833333336 7.15 
3 0.1 0 0 0 0 0 0 0 0 0 0 0 10.224000000000018 10.186000000000018 8.404712499999997 9.34725 8.948458500000001 8.7351065 8.454022000000004 8.0672125 2.128645999999989 -6.7833483333333335 -6.7095228333333345 -5.522967833333336 7.15 
4 0.1 0 0 0 0 0 0 0 0 0 0 0 10.224000000000014 10.186000000000018 10.38000000000001 9.347249999999999 8.43775 7.808719999999998 8.728671999999996 8.0672125 -5.8106133333333325 -6.7833483333333335 6.797523333333334 6.1053950000000015 5.411983999999995 
5 0.1 0 0 0 0 0 0 0 0 0 0 0 -10.224000000000022 -10.18600000000003 7.326122499999995 8.066597 6.044081666666667 5.443459000000001 5.178214333333331 -5.435521000000001 -5.397356666666667 -6.7833483333333335 -6.225846666666669 -3.730218500000001 2.2262699999999995 
6 0.1 0 0 0 0 0 0 0 0 0 0 0 10.224000000000009 10.186000000000018 8.4047125 9.34725 6.044081666666667 5.443459000000001 0.2882440000000006 -5.435521000000001 -5.397356666666667 -6.7833483333333335 -6.225846666666669 -3.730218500000001 7.15 
7 0.1 0 0 0 0 0 0 0 0 0 0 0 -7.03057000000007 -5.97341000000003 8.4047125 9.34725 6.044081666666667 5.443459000000001 -5.466458333333334 -5.435521000000001 -5.397356666666667 -6.7833483333333335 -6.225846666666669 3.730218500000001 7.15 
8 0.1 0 0 0 0 0 0 0 0 0 0 0 10.224000000000009 10.186000000000018 8.4047125 9.34725 6.044081666666667 5.443459000000001 0.2882440000000006 -5.435521000000001 -5.397356666666667 -6.7833483333333335 -6.22584666666667 -3.730218500000001 7.15 
9 0.1 0 0 0 0 0 0 0 0 0 0 0 10.22400000000002 10.18600000000002 8.404712499999997 9.34725 8.948458500000001 8.7351065 8.454022000000004 8.0672125 2.128645999999989 -6.7833483333333335 -6.7095228333333345 -5.522967833333336 7.15 
10 0.1 0 0 0 0 0 0 0 0 0 0 0 10.224 10.186 10.38 10.222000000000007 9.866000000000007 8.7351065 8.728671999999996 8.0672125 0.003500000000002501 5.376561666666667 6.225846666666669 3.730218500000001 7.15 
