1 0.1 0 0 0 0 0 0 0 0 0 0 0 0 0 0 0 69.5017 55.3471 51.006 12.1107 32.1737 81.1654 88.6774 73.322 109.947 
2 0.1 0 0 0 0 0 0 0 0 0 0 0 0 0 0 0 42.0109 36.3381 34.2631 32.6196 53.7532 60.1583 88.0186 92.5439 102.579 
3 0.1 0 0 0 0 0 0 0 0 0 0 0 0 0 0 0 61.4111 64.6098 64.4569 68.0265 63.0903 100.591 84.7855 90.8206 68.6537 
4 0.1 0 0 0 0 0 0 0 0 0 0 0 0 0 0 0 56.0402 59.8775 55.8915 44.6962 54.8878 49.8079 55.4529 89.6802 113.246 
5 0.1 0 0 0 0 0 0 0 0 0 0 0 0 0 0 0 28.1461 34.9852 22.8663 21.6705 30.1801 82.7496 93.4361 93.6318 98.358 
6 0.1 0 0 0 0 0 0 0 0 0 0 0 0 0 0 0 45.966 30.5648 23.1333 78.5206 79.6326 90.2646 110.225 162.656 128.355 
7 0.1 0 0 0 0 0 0 0 0 0 0 0 0 0 0 0 63.389 68.5177 70.7011 39.3201 44.6269 82.289 97.5888 103.11 96.5274 
8 0.1 0 0 0 0 0 0 0 0 0 0 0 0 0 0 0 45.966 30.5648 23.1333 78.5206 79.6326 90.2646 110.225 162.656 128.355 
9 0.1 0 0 0 0 0 0 0 0 0 0 0 0 0 0 0 80.0932 69.6771 46.88 45.252 44.138 49.8374 61.3105 86.9262 73.5999 
10 0.1 0 0 0 0 0 0 0 0 0 0 0 0 0 0 0 9.05795 0.0 14.5952 9.04938 17.9574 23.4475 63.1349 92.9274 121.586 
