1 0.1 0 0 0 0 0 0 0 0 0 0 0 0 0 0 0 0 0 0 0 0 80.3088 77.7801 72.7464 64.1883 
2 0.1 0 0 0 0 0 0 0 0 0 0 0 0 0 0 0 0 0 0 0 0 81.798 78.3233 89.768 72.5957 
3 0.1 0 0 0 0 0 0 0 0 0 0 0 0 0 0 0 0 0 0 0 0 103.662 94.94 94.8087 54.2223 
4 0.1 0 0 0 0 0 0 0 0 0 0 0 0 0 0 0 0 0 0 0 0 97.2127 112.966 102.988 80.1846 
5 0.1 0 0 0 0 0 0 0 0 0 0 0 0 0 0 0 0 0 0 0 0 69.3555 101.537 76.1443 58.1471 
6 0.1 0 0 0 0 0 0 0 0 0 0 0 0 0 0 0 0 0 0 0 0 105.654 103.572 100.387 63.2547 
7 0.1 0 0 0 0 0 0 0 0 0 0 0 0 0 0 0 0 0 0 0 0 86.3093 86.4667 76.4572 62.3028 
8 0.1 0 0 0 0 0 0 0 0 0 0 0 0 0 0 0 0 0 0 0 0 105.654 103.572 100.387 63.2547 
9 0.1 0 0 0 0 0 0 0 0 0 0 0 0 0 0 0 0 0 0 0 0 103.817 92.9419 76.8753 55.1408 
10 0.1 0 0 0 0 0 0 0 0 0 0 0 0 0 0 0 0 0 0 0 0 83.1919 81.7023 68.5608 41.7452 
