1 0.1 1 18.710962000000002
1 0.1 2 17.839999999999975
1 0.1 3 16.89
1 0.1 4 16.02
1 0.1 5 17.335
1 0.1 6 15.762307124999545
1 0.1 7 23.1
1 0.1 8 17.972499999999993
1 0.1 9 18.0675
1 0.1 10 17.38
1 0.1 11 27.377147375000337
1 0.1 12 27.93391000000002
1 0.1 13 31.960000000000008
1 0.1 14 32.59817350000005
1 0.1 15 33.480000000000004
1 0.1 16 31.35
1 0.1 17 30.290000000000006
1 0.1 18 24.976436999999997
1 0.1 19 32.86000000000001
1 0.1 20 29.611062999999977
1 0.1 21 26.5275
1 0.1 22 26.405
1 0.1 23 24.5025
1 0.1 24 22.14
2 0.2 1 18.66
2 0.2 2 17.839999999999975
2 0.2 3 16.889999999999972
2 0.2 4 16.019999999999975
2 0.2 5 16.3292
2 0.2 6 20.5612
2 0.2 7 15.4
2 0.2 8 19.81
2 0.2 9 24.088120000000007
2 0.2 10 19.317948999999942
2 0.2 11 21.4775
2 0.2 12 30.6
2 0.2 13 31.960000000000008
2 0.2 14 33.39000000000001
2 0.2 15 33.480000000000004
2 0.2 16 29.554804999999995
2 0.2 17 27.535226
2 0.2 18 24.24000000000002
2 0.2 19 32.86000000000001
2 0.2 20 28.3
2 0.2 21 28.57499999999996
2 0.2 22 26.405
2 0.2 23 21.78
2 0.2 24 26.016
4 0.1 1 18.66
4 0.1 2 17.84
4 0.1 3 16.889999999999972
4 0.1 4 16.02
4 0.1 5 15.41
4 0.1 6 17.009999999999998
4 0.1 7 17.325
4 0.1 8 17.83
4 0.1 9 23.985000000000003
4 0.1 10 17.38
4 0.1 11 25.26414337500035
4 0.1 12 30.6
4 0.1 13 31.960000000000008
4 0.1 14 33.39000000000001
4 0.1 15 32.9728083333334
4 0.1 16 29.842595666666668
4 0.1 17 27.46327833333333
4 0.1 18 29.312490000000032
4 0.1 19 29.048330000000014
4 0.1 20 29.56800000000001
4 0.1 21 26.5275
4 0.1 22 26.405
4 0.1 23 23.54417429166624
4 0.1 24 26.84168
5 0.1 1 18.66
5 0.1 2 17.839999999999904
5 0.1 3 16.89
5 0.1 4 18.0225
5 0.1 5 17.335
5 0.1 6 16.473981374999667
5 0.1 7 20.880000000000013
5 0.1 8 20.192499999999992
5 0.1 9 18.0675
5 0.1 10 17.379999999999946
5 0.1 11 27.92848762500049
5 0.1 12 30.6
5 0.1 13 31.960000000000008
5 0.1 14 33.39000000000001
5 0.1 15 33.480000000000004
5 0.1 16 29.55480500000006
5 0.1 17 28.13522599999999
5 0.1 18 27.97643700000003
5 0.1 19 29.436702999999945
5 0.1 20 30.034360000000014
5 0.1 21 26.5275
5 0.1 22 26.405
5 0.1 23 21.779999999999966
5 0.1 24 22.14
6 0.2 1 18.66
6 0.2 2 17.8399999999999
6 0.2 3 16.89
6 0.2 4 18.0225
6 0.2 5 17.335
6 0.2 6 16.473981374999664
6 0.2 7 20.880000000000013
6 0.2 8 20.192499999999992
6 0.2 9 18.0675
6 0.2 10 17.38
6 0.2 11 27.92848762500049
6 0.2 12 30.6
6 0.2 13 31.960000000000008
6 0.2 14 33.39000000000001
6 0.2 15 33.480000000000004
6 0.2 16 29.874711000000108
6 0.2 17 27.815319999999996
6 0.2 18 27.97643700000003
6 0.2 19 29.43670299999995
6 0.2 20 30.034360000000007
6 0.2 21 26.5275
6 0.2 22 26.405
6 0.2 23 21.78
6 0.2 24 22.14
8 0.1 1 18.66
8 0.1 2 17.8399999999999
8 0.1 3 16.89
8 0.1 4 18.0225
8 0.1 5 17.335
8 0.1 6 16.473981374999664
8 0.1 7 20.880000000000013
8 0.1 8 20.192499999999992
8 0.1 9 18.0675
8 0.1 10 17.379999999999946
8 0.1 11 27.92848762500049
8 0.1 12 30.6
8 0.1 13 31.960000000000008
8 0.1 14 33.39000000000001
8 0.1 15 33.480000000000004
8 0.1 16 30.931851000000027
8 0.1 17 26.758179999999985
8 0.1 18 27.97643700000003
8 0.1 19 29.436702999999945
8 0.1 20 30.034360000000014
8 0.1 21 26.5275
8 0.1 22 26.405
8 0.1 23 21.78
8 0.1 24 22.14
9 0.1 1 18.66
9 0.1 2 17.83999999999994
9 0.1 3 16.889999999999922
9 0.1 4 16.019999999999925
9 0.1 5 15.40999999999993
9 0.1 6 15.119999999999939
9 0.1 7 17.325
9 0.1 8 20.102679999999992
9 0.1 9 21.712320000000005
9 0.1 10 17.924710999999967
9 0.1 11 28.640000000000008
9 0.1 12 30.6
9 0.1 13 31.960000000000008
9 0.1 14 33.39000000000001
9 0.1 15 33.480000000000004
9 0.1 16 29.706220000000005
9 0.1 17 27.911460000000012
9 0.1 18 27.976437
9 0.1 19 29.236644000000002
9 0.1 20 33.71503000000001
9 0.1 21 25.474839999999972
9 0.1 22 23.977049000000004
9 0.1 23 22.693759999999997
9 0.1 24 25.32384900000035
10 0.1 1 18.66
10 0.1 2 17.84
10 0.1 3 16.889999999999922
10 0.1 4 16.019999999999925
10 0.1 5 15.41
10 0.1 6 15.119999999999939
10 0.1 7 17.325
10 0.1 8 20.102679999999992
10 0.1 9 21.712320000000005
10 0.1 10 17.379999999999967
10 0.1 11 28.640000000000008
10 0.1 12 30.6
10 0.1 13 31.960000000000008
10 0.1 14 33.39000000000001
10 0.1 15 33.480000000000004
10 0.1 16 31.35
10 0.1 17 27.45568062500017
10 0.1 18 27.50608
10 0.1 19 29.46203100000001
10 0.1 20 33.96000000000001
10 0.1 21 25.474839999999972
10 0.1 22 23.977049000000004
10 0.1 23 22.693759999999997
10 0.1 24 24.680559375
