1 0.1 1 0.0
1 0.1 2 0.0
1 0.1 3 0.0
1 0.1 4 0.0
1 0.1 5 0.0
1 0.1 6 0.0
1 0.1 7 3.85
1 0.1 8 0.0
1 0.1 9 0.0
1 0.1 10 0.0
1 0.1 11 3.517147375000338
1 0.1 12 2.4339100000000187
1 0.1 13 5.330000000000009
1 0.1 14 4.768173500000053
1 0.1 15 5.580000000000005
1 0.1 16 5.2200000000000095
1 0.1 17 5.05
1 0.1 18 0.0
1 0.1 19 5.4800000000000075
1 0.1 20 1.3110629999999759
1 0.1 21 0.0
1 0.1 22 0.0
1 0.1 23 0.0
1 0.1 24 0.0
2 0.2 1 0.0
2 0.2 2 0.0
2 0.2 3 0.0
2 0.2 4 0.0
2 0.2 5 0.0
2 0.2 6 1.661200000000001
2 0.2 7 0.0
2 0.2 8 0.0
2 0.2 9 4.008120000000009
2 0.2 10 0.0
2 0.2 11 0.0
2 0.2 12 5.1
2 0.2 13 5.330000000000009
2 0.2 14 5.560000000000009
2 0.2 15 5.580000000000005
2 0.2 16 3.4248049999999957
2 0.2 17 2.295226000000003
2 0.2 18 0.0
2 0.2 19 5.4800000000000075
2 0.2 20 0.0
2 0.2 21 0.0
2 0.2 22 0.0
2 0.2 23 0.0
2 0.2 24 1.4159999999999968
4 0.1 1 0.0
4 0.1 2 0.0
4 0.1 3 0.0
4 0.1 4 0.0
4 0.1 5 0.0
4 0.1 6 0.0
4 0.1 7 0.0
4 0.1 8 0.0
4 0.1 9 3.9050000000000047
4 0.1 10 0.0
4 0.1 11 1.404143375000352
4 0.1 12 5.1
4 0.1 13 5.330000000000009
4 0.1 14 5.560000000000009
4 0.1 15 5.072808333333398
4 0.1 16 3.712595666666669
4 0.1 17 2.223278333333333
4 0.1 18 3.4324900000000333
4 0.1 19 1.6683300000000152
4 0.1 20 1.2680000000000078
4 0.1 21 0.0
4 0.1 22 0.0
4 0.1 23 0.0
4 0.1 24 2.241679999999999
5 0.1 1 0.0
5 0.1 2 0.0
5 0.1 3 0.0
5 0.1 4 0.0
5 0.1 5 0.0
5 0.1 6 0.0
5 0.1 7 1.6300000000000132
5 0.1 8 0.3824999999999932
5 0.1 9 0.0
5 0.1 10 0.0
5 0.1 11 4.06848762500049
5 0.1 12 5.1
5 0.1 13 5.330000000000009
5 0.1 14 5.560000000000009
5 0.1 15 5.580000000000005
5 0.1 16 3.4248050000000596
5 0.1 17 2.8952259999999903
5 0.1 18 2.09643700000003
5 0.1 19 2.0567029999999455
5 0.1 20 1.734360000000013
5 0.1 21 0.0
5 0.1 22 0.0
5 0.1 23 0.0
5 0.1 24 0.0
6 0.2 1 0.0
6 0.2 2 0.0
6 0.2 3 0.0
6 0.2 4 0.0
6 0.2 5 0.0
6 0.2 6 0.0
6 0.2 7 1.6300000000000132
6 0.2 8 0.3824999999999932
6 0.2 9 0.0
6 0.2 10 0.0
6 0.2 11 4.06848762500049
6 0.2 12 5.1
6 0.2 13 5.330000000000009
6 0.2 14 5.560000000000009
6 0.2 15 5.580000000000005
6 0.2 16 3.744711000000109
6 0.2 17 2.575319999999998
6 0.2 18 2.09643700000003
6 0.2 19 2.0567029999999527
6 0.2 20 1.734360000000006
6 0.2 21 0.0
6 0.2 22 0.0
6 0.2 23 0.0
6 0.2 24 0.0
8 0.1 1 0.0
8 0.1 2 0.0
8 0.1 3 0.0
8 0.1 4 0.0
8 0.1 5 0.0
8 0.1 6 0.0
8 0.1 7 1.6300000000000132
8 0.1 8 0.3824999999999932
8 0.1 9 0.0
8 0.1 10 0.0
8 0.1 11 4.06848762500049
8 0.1 12 5.1
8 0.1 13 5.330000000000009
8 0.1 14 5.560000000000009
8 0.1 15 5.580000000000005
8 0.1 16 4.801851000000028
8 0.1 17 1.5181799999999868
8 0.1 18 2.09643700000003
8 0.1 19 2.0567029999999455
8 0.1 20 1.734360000000013
8 0.1 21 0.0
8 0.1 22 0.0
8 0.1 23 0.0
8 0.1 24 0.0
9 0.1 1 0.0
9 0.1 2 0.0
9 0.1 3 0.0
9 0.1 4 0.0
9 0.1 5 0.0
9 0.1 6 0.0
9 0.1 7 0.0
9 0.1 8 0.2926799999999936
9 0.1 9 1.632320000000007
9 0.1 10 0.0
9 0.1 11 4.780000000000008
9 0.1 12 5.1
9 0.1 13 5.330000000000009
9 0.1 14 5.560000000000009
9 0.1 15 5.580000000000005
9 0.1 16 3.5762200000000064
9 0.1 17 2.671460000000014
9 0.1 18 2.0964370000000017
9 0.1 19 1.8566440000000028
9 0.1 20 5.415030000000012
9 0.1 21 0.0
9 0.1 22 0.0
9 0.1 23 0.0
9 0.1 24 0.7238490000003495
10 0.1 1 0.0
10 0.1 2 0.0
10 0.1 3 0.0
10 0.1 4 0.0
10 0.1 5 0.0
10 0.1 6 0.0
10 0.1 7 0.0
10 0.1 8 0.2926799999999936
10 0.1 9 1.632320000000007
10 0.1 10 0.0
10 0.1 11 4.780000000000008
10 0.1 12 5.1
10 0.1 13 5.330000000000009
10 0.1 14 5.560000000000009
10 0.1 15 5.580000000000005
10 0.1 16 5.2200000000000095
10 0.1 17 2.2156806250001715
10 0.1 18 1.6260800000000017
10 0.1 19 2.0820310000000113
10 0.1 20 5.660000000000007
10 0.1 21 0.0
10 0.1 22 0.0
10 0.1 23 0.0
10 0.1 24 0.08055937499999999
