1 0.1 1 2.237499999999997
1 0.1 2 0.0
1 0.1 3 0.0
1 0.1 4 0.0
1 0.1 5 0.0
1 0.1 6 2.052500000000002
1 0.1 7 0.0
1 0.1 8 1.3800000000000132
1 0.1 9 3.4
1 0.1 10 3.772500000000001
1 0.1 11 3.960000000000001
1 0.1 12 0.0
1 0.1 13 0.0
1 0.1 14 4.074999999999996
1 0.1 15 3.4944500000000147
1 0.1 16 3.8599999999999994
1 0.1 17 3.8149999999999977
1 0.1 18 3.8299999999999983
1 0.1 19 0.0
1 0.1 20 3.875000000000007
1 0.1 21 3.8249999999999957
1 0.1 22 0.0
1 0.1 23 0.0
1 0.1 24 0.0
2 0.1 1 2.237499999999997
2 0.1 2 0.0
2 0.1 3 0.7706379999999946
2 0.1 4 1.8749999999999964
2 0.1 5 1.8674999999999997
2 0.1 6 2.052500000000002
2 0.1 7 0.0
2 0.1 8 1.379999999999999
2 0.1 9 3.4
2 0.1 10 3.772500000000001
2 0.1 11 3.960000000000001
2 0.1 12 0.0
2 0.1 13 0.0
2 0.1 14 4.074999999999996
2 0.1 15 0.0
2 0.1 16 3.8600000000000847
2 0.1 17 3.8149999999999906
2 0.1 18 0.0
2 0.1 19 3.8825000000000003
2 0.1 20 3.875
2 0.1 21 3.8249999999999957
2 0.1 22 0.0
2 0.1 23 0.0
2 0.1 24 0.0
3 0.1 1 2.237499999999997
3 0.1 2 0.0
3 0.1 3 0.7706379999999946
3 0.1 4 1.8749999999999964
3 0.1 5 1.8674999999999997
3 0.1 6 2.052500000000002
3 0.1 7 0.0
3 0.1 8 1.379999999999999
3 0.1 9 3.4
3 0.1 10 3.772500000000001
3 0.1 11 3.960000000000001
3 0.1 12 0.0
3 0.1 13 0.0
3 0.1 14 4.074999999999996
3 0.1 15 0.0
3 0.1 16 3.8599999999999994
3 0.1 17 3.8149999999999906
3 0.1 18 0.0
3 0.1 19 3.8825000000000003
3 0.1 20 3.875
3 0.1 21 3.8249999999999957
3 0.1 22 0.0
3 0.1 23 0.0
3 0.1 24 0.0
4 0.1 1 2.237499999999997
4 0.1 2 2.0024999999999977
4 0.1 3 0.0
4 0.1 4 0.0
4 0.1 5 0.0
4 0.1 6 2.052500000000002
4 0.1 7 0.0
4 0.1 8 1.3800000000000132
4 0.1 9 3.4
4 0.1 10 3.772500000000001
4 0.1 11 3.960000000000001
4 0.1 12 0.0
4 0.1 13 0.5239999999999014
4 0.1 14 0.0
4 0.1 15 4.0
4 0.1 16 3.8599999999999994
4 0.1 17 3.8149999999999977
4 0.1 18 3.704422000000001
4 0.1 19 3.8825000000000003
4 0.1 20 3.875000000000007
4 0.1 21 0.0
4 0.1 22 0.0
4 0.1 23 0.0
4 0.1 24 0.0
5 0.1 1 2.237499999999997
5 0.1 2 0.0
5 0.1 3 1.9149999999999991
5 0.1 4 1.8749999999999964
5 0.1 5 1.8674999999999997
5 0.1 6 2.052500000000002
5 0.1 7 0.0
5 0.1 8 1.379999999999999
5 0.1 9 3.4
5 0.1 10 3.772500000000001
5 0.1 11 3.960000000000001
5 0.1 12 0.0
5 0.1 13 0.0
5 0.1 14 0.0
5 0.1 15 2.958077000000017
5 0.1 16 3.8599999999999994
5 0.1 17 3.8149999999999906
5 0.1 18 3.8299999999999983
5 0.1 19 3.8825000000000003
5 0.1 20 3.874999999999993
5 0.1 21 0.0
5 0.1 22 0.0
5 0.1 23 3.08499999999999
5 0.1 24 0.0
6 0.1 1 2.237499999999997
6 0.1 2 0.0
6 0.1 3 1.9149999999999991
6 0.1 4 1.8749999999999964
6 0.1 5 1.8674999999999997
6 0.1 6 2.052500000000002
6 0.1 7 0.0
6 0.1 8 1.379999999999999
6 0.1 9 3.4
6 0.1 10 3.772500000000001
6 0.1 11 3.960000000000001
6 0.1 12 0.0
6 0.1 13 0.0
6 0.1 14 0.0
6 0.1 15 2.958077000000017
6 0.1 16 3.8599999999999994
6 0.1 17 3.8149999999999906
6 0.1 18 3.8299999999999983
6 0.1 19 3.8825000000000003
6 0.1 20 3.875
6 0.1 21 0.0
6 0.1 22 0.0
6 0.1 23 3.0849999999999973
6 0.1 24 0.0
7 0.1 1 2.237499999999997
7 0.1 2 0.0
7 0.1 3 1.9149999999999991
7 0.1 4 1.8749999999999964
7 0.1 5 1.8674999999999997
7 0.1 6 2.052500000000002
7 0.1 7 0.0
7 0.1 8 1.379999999999999
7 0.1 9 3.4
7 0.1 10 3.772500000000001
7 0.1 11 3.960000000000001
7 0.1 12 0.0
7 0.1 13 0.0
7 0.1 14 0.0
7 0.1 15 2.958077000000017
7 0.1 16 3.8599999999999994
7 0.1 17 3.8149999999999906
7 0.1 18 3.8299999999999983
7 0.1 19 3.8825000000000003
7 0.1 20 3.875
7 0.1 21 0.0
7 0.1 22 0.0
7 0.1 23 3.084999999999848
7 0.1 24 0.0
8 0.1 1 2.237499999999997
8 0.1 2 0.0
8 0.1 3 1.9149999999999991
8 0.1 4 1.8749999999999964
8 0.1 5 1.8674999999999997
8 0.1 6 2.052500000000002
8 0.1 7 0.0
8 0.1 8 1.379999999999999
8 0.1 9 3.4
8 0.1 10 3.772500000000001
8 0.1 11 3.960000000000001
8 0.1 12 0.0
8 0.1 13 0.0
8 0.1 14 0.0
8 0.1 15 2.958077000000017
8 0.1 16 3.8599999999999994
8 0.1 17 3.8149999999999906
8 0.1 18 3.8299999999999983
8 0.1 19 3.8825000000000003
8 0.1 20 3.875
8 0.1 21 0.0
8 0.1 22 0.0
8 0.1 23 3.0849999999999973
8 0.1 24 0.0
9 0.1 1 2.237499999999997
9 0.1 2 0.0
9 0.1 3 0.7706379999999946
9 0.1 4 1.8749999999999964
9 0.1 5 1.8674999999999997
9 0.1 6 2.052500000000002
9 0.1 7 0.0
9 0.1 8 1.379999999999999
9 0.1 9 3.4
9 0.1 10 3.772500000000001
9 0.1 11 3.960000000000001
9 0.1 12 0.0
9 0.1 13 0.0
9 0.1 14 4.074999999999996
9 0.1 15 0.0
9 0.1 16 3.8599999999999994
9 0.1 17 3.8149999999999906
9 0.1 18 0.0
9 0.1 19 3.8825000000000003
9 0.1 20 3.875
9 0.1 21 3.8249999999999957
9 0.1 22 0.0
9 0.1 23 0.0
9 0.1 24 0.0
10 0.1 1 2.237499999999997
10 0.1 2 4.009999999999998
10 0.1 3 1.9149999999999991
10 0.1 4 1.8749999999999964
10 0.1 5 1.8674999999999997
10 0.1 6 2.052500000000002
10 0.1 7 0.0
10 0.1 8 1.3036750000000161
10 0.1 9 3.4
10 0.1 10 3.772500000000001
10 0.1 11 3.960000000000001
10 0.1 12 0.0
10 0.1 13 0.0
10 0.1 14 0.0
10 0.1 15 0.0
10 0.1 16 0.0
10 0.1 17 3.8149999999999977
10 0.1 18 0.0
10 0.1 19 3.8825000000000003
10 0.1 20 3.875000000000007
10 0.1 21 3.8249999999999957
10 0.1 22 0.0
10 0.1 23 3.0849999999999973
10 0.1 24 0.0
