1 0.1 1 0.0
1 0.1 2 4.02000000000001
1 0.1 3 3.8300000000000054
1 0.1 4 3.75
1 0.1 5 0.14487999999944634
1 0.1 6 0.0
1 0.1 7 4.780000000000015
1 0.1 8 0.0
1 0.1 9 0.0
1 0.1 10 0.0
1 0.1 11 0.0
1 0.1 12 1.6096000000003912
1 0.1 13 4.425180000000104
1 0.1 14 0.0
1 0.1 15 0.0
1 0.1 16 0.0
1 0.1 17 0.0
1 0.1 18 0.0
1 0.1 19 4.5
1 0.1 20 0.0
1 0.1 21 0.0
1 0.1 22 7.030000000000008
1 0.1 23 6.170000000000005
1 0.1 24 3.3172900000000034
2 0.1 1 0.0
2 0.1 2 0.0
2 0.1 3 0.0
2 0.1 4 0.0
2 0.1 5 0.0
2 0.1 6 0.0
2 0.1 7 4.779999999999998
2 0.1 8 0.0
2 0.1 9 0.0
2 0.1 10 0.0
2 0.1 11 0.0
2 0.1 12 4.066240000000391
2 0.1 13 5.605250000000076
2 0.1 14 0.0
2 0.1 15 6.984147999999351
2 0.1 16 0.0
2 0.1 17 0.0
2 0.1 18 4.552500000000002
2 0.1 19 0.0
2 0.1 20 0.0
2 0.1 21 0.0
2 0.1 22 7.030000000000001
2 0.1 23 6.169999999999998
2 0.1 24 5.460000000000008
3 0.1 1 0.0
3 0.1 2 0.0
3 0.1 3 0.0
3 0.1 4 0.0
3 0.1 5 0.0
3 0.1 6 0.0
3 0.1 7 4.779999999999998
3 0.1 8 0.0
3 0.1 9 0.0
3 0.1 10 0.0
3 0.1 11 0.0
3 0.1 12 4.066240000000391
3 0.1 13 5.605250000000076
3 0.1 14 0.0
3 0.1 15 6.984147999999351
3 0.1 16 0.0
3 0.1 17 0.0
3 0.1 18 4.552499999999988
3 0.1 19 0.0
3 0.1 20 0.0
3 0.1 21 0.0
3 0.1 22 7.030000000000001
3 0.1 23 6.169999999999849
3 0.1 24 5.460000000000001
4 0.1 1 0.0
4 0.1 2 0.0
4 0.1 3 2.5380164000000143
4 0.1 4 0.6558280000000067
4 0.1 5 3.628503287499388
4 0.1 6 0.0
4 0.1 7 4.780000000000015
4 0.1 8 0.0
4 0.1 9 0.0
4 0.1 10 0.0
4 0.1 11 0.0
4 0.1 12 5.860652312500399
4 0.1 13 0.0
4 0.1 14 1.911000000000037
4 0.1 15 0.0
4 0.1 16 0.0
4 0.1 17 0.0
4 0.1 18 0.0
4 0.1 19 0.0
4 0.1 20 0.0
4 0.1 21 4.431922
4 0.1 22 7.030000000000001
4 0.1 23 6.170000000000005
4 0.1 24 5.460000000000008
5 0.1 1 0.0
5 0.1 2 1.7780769999997403
5 0.1 3 0.0
5 0.1 4 0.0
5 0.1 5 0.0
5 0.1 6 0.0
5 0.1 7 4.779999999999998
5 0.1 8 0.0
5 0.1 9 0.0
5 0.1 10 0.0
5 0.1 11 0.0
5 0.1 12 8.02000000000001
5 0.1 13 7.990000000000002
5 0.1 14 8.15
5 0.1 15 0.0
5 0.1 16 0.0
5 0.1 17 0.0
5 0.1 18 0.0
5 0.1 19 0.0
5 0.1 20 0.0
5 0.1 21 4.557499999999997
5 0.1 22 7.030000000000008
5 0.1 23 0.0
5 0.1 24 5.460000000000008
6 0.1 1 0.0
6 0.1 2 1.7780769999997403
6 0.1 3 0.0
6 0.1 4 0.0
6 0.1 5 0.0
6 0.1 6 0.0
6 0.1 7 4.780000000000047
6 0.1 8 0.0
6 0.1 9 0.0
6 0.1 10 0.0
6 0.1 11 0.0
6 0.1 12 8.019999999999996
6 0.1 13 7.990000000000009
6 0.1 14 8.15
6 0.1 15 0.0
6 0.1 16 0.0
6 0.1 17 0.0
6 0.1 18 0.0
6 0.1 19 0.0
6 0.1 20 0.0
6 0.1 21 4.557499999999997
6 0.1 22 7.030000000000072
6 0.1 23 0.0
6 0.1 24 5.4600000000000435
7 0.1 1 0.0
7 0.1 2 1.7780769999997403
7 0.1 3 0.0
7 0.1 4 0.0
7 0.1 5 0.0
7 0.1 6 0.0
7 0.1 7 4.779999999999998
7 0.1 8 0.0
7 0.1 9 0.0
7 0.1 10 0.0
7 0.1 11 0.0
7 0.1 12 8.019999999999996
7 0.1 13 7.990000000000002
7 0.1 14 8.15
7 0.1 15 0.0
7 0.1 16 0.0
7 0.1 17 0.0
7 0.1 18 0.0
7 0.1 19 0.0
7 0.1 20 0.0
7 0.1 21 4.557499999999997
7 0.1 22 7.030000000000001
7 0.1 23 0.0
7 0.1 24 5.460000000000008
8 0.1 1 0.0
8 0.1 2 1.7780769999997403
8 0.1 3 0.0
8 0.1 4 0.0
8 0.1 5 0.0
8 0.1 6 0.0
8 0.1 7 4.780000000000015
8 0.1 8 0.0
8 0.1 9 0.0
8 0.1 10 0.0
8 0.1 11 0.0
8 0.1 12 8.019999999999996
8 0.1 13 7.990000000000009
8 0.1 14 8.15
8 0.1 15 0.0
8 0.1 16 0.0
8 0.1 17 0.0
8 0.1 18 0.0
8 0.1 19 0.0
8 0.1 20 0.0
8 0.1 21 4.557499999999997
8 0.1 22 7.030000000000072
8 0.1 23 0.0
8 0.1 24 5.4600000000000435
9 0.1 1 0.0
9 0.1 2 0.0
9 0.1 3 0.0
9 0.1 4 0.0
9 0.1 5 0.0
9 0.1 6 0.0
9 0.1 7 4.779999999999998
9 0.1 8 0.0
9 0.1 9 0.0
9 0.1 10 0.0
9 0.1 11 0.0
9 0.1 12 4.066240000000391
9 0.1 13 5.605250000000076
9 0.1 14 0.0
9 0.1 15 6.984147999999358
9 0.1 16 0.0
9 0.1 17 0.0
9 0.1 18 4.552499999999988
9 0.1 19 0.0
9 0.1 20 0.0
9 0.1 21 0.0
9 0.1 22 7.030000000000008
9 0.1 23 6.170000000000005
9 0.1 24 5.460000000000008
10 0.1 1 0.0
10 0.1 2 0.0
10 0.1 3 0.0
10 0.1 4 0.0
10 0.1 5 0.0
10 0.1 6 0.0
10 0.1 7 4.703675000000015
10 0.1 8 0.0
10 0.1 9 0.0
10 0.1 10 0.0
10 0.1 11 0.0
10 0.1 12 4.579530000000027
10 0.1 13 1.5533600000001115
10 0.1 14 8.15
10 0.1 15 8.02000000000001
10 0.1 16 0.8271099999998128
10 0.1 17 0.0
10 0.1 18 7.05458999999999
10 0.1 19 0.0
10 0.1 20 0.0
10 0.1 21 0.0
10 0.1 22 4.527910000000006
10 0.1 23 0.0
10 0.1 24 5.460000000000008
