#erel:= 0.850;
#emax:= 2304.877;
#q:= 0.000;
#nesce:=     9;
#etime:= 0.061;
#snodes:=   228;
param nS:=    10;
param nSG:=    34;
param nRVSG :=
1 24
5 2
9 2
13 2
17 2
21 9
25 2
29 2
33 2
2 24
6 2
10 2
14 2
18 2
22 2
26 2
30 2
34 24
3 24
7 20
11 17
15 2
19 2
23 2
27 2
31 2
4 24
8 2
12 2
16 13
20 2
24 2
28 4
32 2
;


param ScenF :=
1 86.9582
59 103.79
117 100.924
175 75.6254
2 115.952
60 100.059
118 110.846
176 70.9963
3 103.229
61 95.8287
119 127.353
177 74.7275
4 91.6986
62 92.7875
120 122.854
178 100.018
5 85.7852
63 86.7064
121 0.177179
179 118.514
6 88.3533
64 88.1049
122 0
180 120.316
7 108.344
65 93.6972
123 0.182339
181 81.709
8 120.019
66 102.698
124 0
182 0
9 136.716
67 109.277
125 0.197544
183 0.5443
10 138.122
68 104.98
126 0
184 0
11 116.983
69 111.853
127 29.1938
185 0.4214
12 105.694
70 106.818
128 57.1378
186 0.0207523
13 99.1968
71 102.54
129 57.3446
187 0.2233
14 96.4722
72 85.5188
130 58.2388
188 0.0778468
15 95.0096
73 74.623
131 86.7013
189 0.0063
16 94.463
74 105.773
132 103.851
190 0.0950707
17 99.4731
75 98.0879
133 98.7146
191 0
18 110.703
76 96.0481
134 85.2594
192 0.0716883
19 131.622
77 94.7309
135 85.6903
193 0
20 151.086
78 97.8031
136 80.8326
194 132.117
21 149.243
79 98.5644
137 71.8876
195 118.99
22 139.097
80 95.7638
138 67.0897
196 109.682
23 131.355
81 101.687
139 72.2897
197 97.2878
24 112.67
82 94.9423
140 95.6203
198 0.0361865
25 5.95735
83 103.799
141 100.966
199 0
26 9.22588
84 101.678
142 98.8793
200 0.0288899
27 7.64677
85 98.0321
143 64.0862
201 0
28 1.24438
86 91.8772
144 0.218018
202 0.0429511
29 0
87 88.9717
145 0
203 0
30 3.40817
88 89.9344
146 0.231192
204 0.0668774
31 12.5128
89 94.175
147 0
205 0
32 13.8799
90 103.102
148 0.248281
206 0.0897141
33 25.4814
91 106.391
149 0.0257
207 0
34 19.5246
92 114.894
150 0.224705
208 0.654688
35 16.5477
93 114.513
151 0.1843
209 1.01006
36 0
94 103.444
152 104.196
210 45.6387
37 3.72842
95 97.3877
153 139.209
211 0.648868
38 0.736346
96 88.3935
154 130.655
212 0
39 7.80186
97 0.131593
155 119.644
213 1.32713
40 11.2864
98 0
156 113.073
214 0
41 6.06919
99 0.16923
157 112.537
215 0
42 14.1654
100 0
158 112.678
216 0.0758863
43 55.2407
101 58.2376
159 110.742
217 1.93509
44 32.1326
102 85.8176
160 104.67
218 3.7361
45 12.9202
103 80.7195
161 111.888
219 3.46942
46 1.3581
104 78.1338
162 132.927
220 3.32637
47 3.86559
105 75.3589
163 144.711
221 0
48 8.34379
106 78.0516
164 123.804
222 0
49 70.0373
107 79.4413
165 0.15443
223 0
50 94.5082
108 86.7237
166 0.3992
224 14.4195
51 83.6178
109 115.43
167 0.101663
225 3.38587
52 76.0264
110 122.335
168 0.5622
226 0
53 70.6423
111 113.453
169 0.0708759
227 0.431629
54 71.7293
112 103.806
170 0.5938
228 0.229985
55 73.5511
113 103.842
171 0.0336534
229 0.580766
56 77.5087
114 104.991
172 0.5712
230 0.759279
57 105.9
115 96.3328
173 74.4715
231 0.82554
58 113.226
116 94.0315
174 77.4512
;


param ScenO :=
1 103.28
59 114.67
117 98.26
175 106
2 94.97
60 108.67
118 112.25
176 99
3 93.1
61 105.15
119 114.25
177 106.2
4 92.57
62 105.15
120 115.5
178 118.25
5 90.96
63 106.17
121 0.144
179 117.27
6 90.59
64 107.02
122 0
180 140.96
7 93.89
65 108.25
123 0.15
181 137
8 92
66 113.42
124 0
182 0.055
9 105.55
67 118.94
125 0.144
183 0.568
10 108.33
68 120.87
126 0
184 0.063
11 112.57
69 125.96
127 99
185 0.452
12 109.07
70 129.92
128 91
186 0.092
13 105.55
71 115.68
129 94
187 0.248
14 105.55
72 107.34
130 85.76
188 0.131
15 106.88
73 103.28
131 95.75
189 0.006
16 107.03
74 92.07
132 100.75
190 0.132
17 108.25
75 90.1
133 102.77
191 0
18 112.25
76 88.33
134 91.14
192 0.117
19 114.3
77 85.96
135 90.78
193 0
20 120.87
78 87
136 93.55
194 179.91
21 125.96
79 89
137 94.77
195 165.68
22 129.91
80 89.01
138 95.03
196 107.33
23 115.68
81 102.56
139 98.45
197 75
24 107.33
82 106.08
140 111
198 0.105
25 6
83 112.57
141 113.3
199 0
26 12
84 106.08
142 117
200 0.105
27 6.48
85 100.6
143 123
201 0
28 7.92
86 102.56
144 0.126
202 0.113
29 10
87 104.07
145 0
203 0
30 12.6
88 102.13
146 0.104
204 0.127
31 16
89 108.25
147 0
205 0
32 11.28
90 114.79
148 0.088
206 0.144
33 7.6
91 119.3
149 0.012
207 0
34 12
92 120.87
150 0.067
208 0.554125
35 16.32
93 125.96
151 0.163
209 0.792882
36 12
94 129.92
152 96.05
210 0.909989
37 5.2
95 118
153 98.58
211 0.81938
38 5.2
96 110
154 95.8
212 0.873791
39 5.8
97 0.122
155 81.14
213 1.05354
40 5.08
98 0
156 73.68
214 0.824049
41 13.56
99 0.133
157 85
215 0.928696
42 12.32
100 0
158 88.22
216 0.67513
43 12
101 101.14
159 94.13
217 0.788978
44 8
102 96.97
160 99.95
218 1.01119
45 12
103 93.1
161 112.25
219 1.01174
46 12.52
104 92.57
162 115.3
220 0.775651
47 12
105 86
163 119.72
221 1.06404
48 7
106 85.53
164 128.85
222 1.06961
49 103.28
107 90.89
165 0.043
223 0.807344
50 96.97
108 85.87
166 0.358
224 0.783741
51 94.3
109 100.58
167 0.029
225 0.72294
52 92.57
110 104
168 0.484
226 0.625547
53 90.06
111 111
169 0.025
227 0.75031
54 87.6
112 96
170 0.595
228 0.585821
55 90.92
113 93.55
171 0.04
229 0.596259
56 92.5
114 93.55
172 0.619
230 0.755187
57 104.55
115 94.88
173 90.55
231 0.573279
58 107.33
116 96
174 99.84
;


param Scen0 :=
1 1 121.395000
2 1 112.491000
3 1 99.172400
4 1 91.795600
5 1 87.593500
6 1 81.584300
7 1 108.713000
8 1 122.392000
9 1 131.469000
10 1 126.877000
11 1 116.332000
12 1 106.425000
13 1 105.902000
14 1 105.965000
15 1 98.916700
16 1 98.563500
17 1 102.328000
18 1 101.488000
19 1 130.729000
20 1 136.743000
21 1 146.640000
22 1 133.524000
23 1 129.689000
24 1 120.379000
25 1 8.284290
26 1 7.104380
27 1 2.357960
28 1 0.000000
29 1 0.000000
30 1 0.000000
31 1 11.311200
32 1 28.563500
33 1 39.347400
34 1 40.191300
35 1 14.169900
36 1 12.821100
37 1 6.093880
38 1 9.720810
39 1 15.355600
40 1 21.144600
41 1 7.231640
42 1 30.248700
43 1 52.744100
44 1 13.651300
45 1 0.000000
46 1 0.000000
47 1 0.000000
48 1 5.860580
49 1 101.205000
50 1 91.294600
51 1 89.985000
52 1 86.067100
53 1 81.771800
54 1 71.853500
55 1 82.444800
56 1 95.311100
57 1 112.189000
58 1 108.626000
59 1 77.561100
60 1 94.675600
61 1 88.021400
62 1 82.846900
63 1 71.191000
64 1 79.760700
65 1 84.710300
66 1 85.489800
67 1 115.819000
68 1 119.877000
69 1 110.643000
70 1 124.516000
71 1 107.475000
72 1 105.538000
73 1 102.797000
74 1 99.609000
75 1 100.535000
76 1 97.076700
77 1 94.232200
78 1 94.112600
79 1 98.709600
80 1 107.761000
81 1 110.330000
82 1 104.261000
83 1 110.332000
84 1 85.121300
85 1 89.487800
86 1 72.673900
87 1 64.616400
88 1 79.120800
89 1 88.346800
90 1 85.838600
91 1 105.690000
92 1 126.861000
93 1 125.431000
94 1 120.007000
95 1 110.909000
96 1 95.761700
97 1 0.144024
98 1 0.000000
99 1 0.198999
100 1 0.000000
101 1 84.749900
102 1 85.753800
103 1 80.553500
104 1 75.039800
105 1 76.343300
106 1 77.699400
107 1 97.832800
108 1 110.188000
109 1 114.125000
110 1 93.517400
111 1 105.356000
112 1 96.297800
113 1 92.670700
114 1 93.501200
115 1 89.245200
116 1 84.771400
117 1 81.665800
118 1 115.256000
119 1 120.291000
120 1 124.435000
121 1 0.233202
122 1 0.000000
123 1 0.220912
124 1 0.000000
125 1 0.227377
126 1 0.000000
127 1 25.028200
128 1 30.075000
129 1 39.471000
130 1 61.635000
131 1 80.983900
132 1 104.614000
133 1 92.411500
134 1 76.270000
135 1 71.653700
136 1 73.719100
137 1 59.591300
138 1 53.516800
139 1 43.013400
140 1 91.193000
141 1 94.418400
142 1 95.369800
143 1 98.838300
144 1 0.224861
145 1 0.000000
146 1 0.231140
147 1 0.000000
148 1 0.248018
149 1 0.033400
150 1 0.237853
151 1 0.318300
152 1 85.397900
153 1 123.943000
154 1 119.970000
155 1 122.799000
156 1 123.869000
157 1 120.771000
158 1 119.644000
159 1 112.578000
160 1 108.126000
161 1 109.232000
162 1 141.618000
163 1 138.513000
164 1 135.194000
165 1 0.192536
166 1 0.251700
167 1 0.131855
168 1 0.329300
169 1 0.075788
170 1 2.927800
171 1 0.015194
172 1 2.619300
173 1 69.231900
174 1 63.505500
175 1 59.343100
176 1 60.841800
177 1 67.258800
178 1 119.831000
179 1 120.425000
180 1 91.629200
181 1 119.918000
182 1 0.000000
183 1 0.637300
184 1 0.000000
185 1 0.443600
186 1 0.000000
187 1 0.112800
188 1 0.056844
189 1 0.009000
190 1 0.118781
191 1 0.000000
192 1 0.148725
193 1 0.000000
194 1 122.288000
195 1 110.672000
196 1 111.005000
197 1 101.091000
198 1 0.079054
199 1 0.000000
200 1 0.000000
201 1 0.000000
202 1 0.000000
203 1 0.000000
204 1 0.000000
205 1 0.000000
206 1 0.000000
207 1 0.000000
208 1 0.806834
209 1 1.691250
210 1 56.409600
211 1 1.069240
212 1 0.000000
213 1 0.685554
214 1 0.919371
215 1 0.000000
216 1 0.390111
217 1 2.156830
218 1 4.508050
219 1 4.547430
220 1 4.397170
221 1 2.463460
222 1 0.826741
223 1 8.684980
224 1 10.140800
225 1 0.000000
226 1 0.205089
227 1 0.906252
228 1 0.799861
229 1 0.936854
230 1 0.893943
231 1 0.696111
1 2 121.395000
2 2 112.491000
3 2 99.172400
4 2 91.795600
5 2 87.593500
6 2 81.584300
7 2 108.713000
8 2 122.392000
9 2 131.469000
10 2 126.877000
11 2 116.332000
12 2 106.425000
13 2 105.902000
14 2 105.965000
15 2 98.916700
16 2 98.563500
17 2 102.328000
18 2 101.488000
19 2 130.729000
20 2 136.743000
21 2 146.640000
22 2 133.524000
23 2 129.689000
24 2 120.379000
25 2 8.284290
26 2 7.104380
27 2 2.357960
28 2 0.000000
29 2 0.000000
30 2 0.000000
31 2 11.311200
32 2 28.563500
33 2 39.347400
34 2 40.191300
35 2 14.169900
36 2 12.821100
37 2 6.093880
38 2 9.720810
39 2 15.355600
40 2 21.144600
41 2 7.231640
42 2 30.248700
43 2 52.744100
44 2 13.651300
45 2 0.000000
46 2 0.000000
47 2 0.000000
48 2 5.860580
49 2 101.205000
50 2 91.294600
51 2 89.985000
52 2 86.067100
53 2 81.771800
54 2 71.853500
55 2 82.444800
56 2 95.311100
57 2 112.189000
58 2 108.626000
59 2 77.561100
60 2 94.675600
61 2 88.021400
62 2 82.846900
63 2 71.191000
64 2 79.760700
65 2 84.710300
66 2 85.489800
67 2 115.819000
68 2 119.877000
69 2 110.643000
70 2 124.516000
71 2 107.475000
72 2 105.538000
73 2 102.797000
74 2 99.609000
75 2 100.535000
76 2 97.076700
77 2 94.232200
78 2 94.112600
79 2 98.709600
80 2 107.761000
81 2 110.330000
82 2 104.261000
83 2 110.332000
84 2 85.121300
85 2 89.487800
86 2 72.673900
87 2 64.616400
88 2 79.120800
89 2 88.346800
90 2 85.838600
91 2 105.690000
92 2 126.861000
93 2 125.431000
94 2 120.007000
95 2 110.909000
96 2 95.761700
97 2 0.144024
98 2 0.000000
99 2 0.198999
100 2 0.000000
101 2 84.749900
102 2 85.753800
103 2 80.553500
104 2 75.039800
105 2 76.343300
106 2 77.699400
107 2 97.832800
108 2 110.188000
109 2 114.125000
110 2 93.517400
111 2 105.356000
112 2 96.297800
113 2 92.670700
114 2 93.501200
115 2 89.245200
116 2 84.771400
117 2 81.665800
118 2 115.256000
119 2 120.291000
120 2 124.435000
121 2 0.233202
122 2 0.000000
123 2 0.220912
124 2 0.000000
125 2 0.227377
126 2 0.000000
127 2 25.028200
128 2 30.075000
129 2 39.471000
130 2 61.635000
131 2 80.983900
132 2 104.614000
133 2 92.411500
134 2 76.270000
135 2 71.653700
136 2 73.719100
137 2 59.591300
138 2 53.516800
139 2 43.013400
140 2 91.193000
141 2 94.418400
142 2 95.369800
143 2 98.838300
144 2 0.224861
145 2 0.000000
146 2 0.231140
147 2 0.000000
148 2 0.248018
149 2 0.033400
150 2 0.237853
151 2 0.318300
152 2 85.397900
153 2 123.943000
154 2 119.970000
155 2 122.799000
156 2 123.869000
157 2 120.771000
158 2 119.644000
159 2 112.578000
160 2 108.126000
161 2 109.232000
162 2 141.618000
163 2 138.513000
164 2 135.194000
165 2 0.192536
166 2 0.251700
167 2 0.131855
168 2 0.329300
169 2 0.075788
170 2 2.927800
171 2 0.015194
172 2 2.619300
173 2 69.231900
174 2 63.505500
175 2 59.343100
176 2 60.841800
177 2 67.258800
178 2 119.831000
179 2 120.425000
180 2 91.629200
181 2 119.918000
182 2 0.000000
183 2 0.637300
184 2 0.000000
185 2 0.443600
186 2 0.000000
187 2 0.112800
188 2 0.056844
189 2 0.009000
190 2 0.118781
191 2 0.000000
192 2 0.148725
193 2 0.000000
194 2 122.288000
195 2 110.672000
196 2 111.005000
197 2 101.091000
198 2 0.079054
199 2 0.000000
200 2 0.000000
201 2 0.000000
202 2 0.000000
203 2 0.000000
204 2 0.000000
205 2 0.000000
206 2 0.000000
207 2 0.000000
208 2 0.806834
209 2 1.691250
210 2 56.409600
211 2 1.069240
212 2 0.000000
213 2 0.685554
214 2 0.919371
215 2 0.000000
216 2 0.390111
217 2 2.156830
218 2 4.508050
219 2 4.547430
220 2 4.397170
221 2 2.463460
222 2 0.826741
223 2 8.684980
224 2 10.140800
225 2 0.000000
226 2 0.205089
227 2 0.906252
228 2 0.799861
229 2 0.936854
230 2 0.893943
231 2 0.696111
1 3 93.158800
2 3 102.137000
3 3 90.285300
4 3 78.802000
5 3 74.259300
6 3 96.248100
7 3 109.594000
8 3 125.970000
9 3 148.554000
10 3 142.782000
11 3 131.845000
12 3 113.189000
13 3 102.518000
14 3 107.513000
15 3 99.143800
16 3 87.919500
17 3 90.495800
18 3 113.689000
19 3 125.063000
20 3 144.518000
21 3 147.178000
22 3 146.309000
23 3 128.130000
24 3 111.721000
25 3 16.357200
26 3 2.716200
27 3 3.440820
28 3 0.000000
29 3 0.000000
30 3 0.000000
31 3 7.362640
32 3 0.000000
33 3 16.450000
34 3 6.704920
35 3 0.000000
36 3 0.594801
37 3 0.000000
38 3 0.000000
39 3 1.922230
40 3 0.000000
41 3 0.000000
42 3 24.710300
43 3 53.532800
44 3 41.923800
45 3 7.741640
46 3 0.000000
47 3 0.000000
48 3 4.933090
49 3 86.473500
50 3 82.466900
51 3 77.672100
52 3 67.180600
53 3 60.663000
54 3 75.268800
55 3 69.446800
56 3 77.873200
57 3 103.249000
58 3 109.488000
59 3 112.978000
60 3 98.899600
61 3 90.188100
62 3 91.770300
63 3 80.931700
64 3 75.687600
65 3 82.659600
66 3 96.409500
67 3 97.785000
68 3 95.510400
69 3 103.887000
70 3 105.739000
71 3 93.882400
72 3 80.524800
73 3 97.577600
74 3 98.776600
75 3 97.891700
76 3 88.774100
77 3 86.914400
78 3 97.352600
79 3 98.100300
80 3 100.505000
81 3 115.122000
82 3 118.662000
83 3 123.348000
84 3 107.543000
85 3 96.140600
86 3 92.265700
87 3 89.528400
88 3 83.070900
89 3 90.143600
90 3 103.944000
91 3 113.830000
92 3 112.350000
93 3 111.302000
94 3 109.505000
95 3 101.120000
96 3 92.880700
97 3 0.126062
98 3 0.000000
99 3 0.150070
100 3 0.000000
101 3 63.736100
102 3 74.669300
103 3 78.754600
104 3 63.693200
105 3 57.554800
106 3 82.331300
107 3 89.487900
108 3 99.057500
109 3 126.852000
110 3 133.077000
111 3 120.199000
112 3 108.574000
113 3 103.965000
114 3 95.987200
115 3 88.841900
116 3 82.185700
117 3 87.479200
118 3 103.352000
119 3 121.669000
120 3 127.871000
121 3 0.145697
122 3 0.000000
123 3 0.099393
124 3 0.000000
125 3 0.062739
126 3 0.000000
127 3 35.336500
128 3 55.567500
129 3 52.370700
130 3 51.441200
131 3 72.232700
132 3 92.912500
133 3 98.664500
134 3 89.523600
135 3 88.741700
136 3 86.319000
137 3 75.126600
138 3 66.155600
139 3 69.132500
140 3 90.491500
141 3 103.420000
142 3 102.143000
143 3 90.325300
144 3 0.253031
145 3 0.000000
146 3 0.278996
147 3 0.000000
148 3 0.306330
149 3 0.017900
150 3 0.331878
151 3 0.245100
152 3 129.410000
153 3 145.533000
154 3 97.498700
155 3 109.119000
156 3 112.425000
157 3 122.680000
158 3 127.954000
159 3 126.127000
160 3 113.660000
161 3 101.028000
162 3 123.758000
163 3 128.787000
164 3 119.290000
165 3 0.267612
166 3 0.224400
167 3 0.209497
168 3 0.171500
169 3 0.181311
170 3 0.141400
171 3 0.147703
172 3 0.221000
173 3 88.966800
174 3 92.815500
175 3 90.744700
176 3 96.244300
177 3 93.245100
178 3 134.400000
179 3 112.657000
180 3 104.346000
181 3 107.959000
182 3 0.117845
183 3 0.369800
184 3 0.147866
185 3 0.261100
186 3 0.200375
187 3 0.063800
188 3 0.260477
189 3 0.005300
190 3 0.254824
191 3 0.000000
192 3 0.235100
193 3 0.000000
194 3 142.904000
195 3 125.876000
196 3 127.655000
197 3 109.136000
198 3 0.202263
199 3 0.000000
200 3 0.210346
201 3 0.000000
202 3 0.238419
203 3 0.000000
204 3 0.255353
205 3 0.000000
206 3 0.295648
207 3 0.000000
208 3 0.546264
209 3 0.252915
210 3 44.686900
211 3 0.000000
212 3 0.000000
213 3 0.397874
214 3 0.693405
215 3 0.000000
216 3 0.217388
217 3 2.363500
218 3 4.967640
219 3 4.933710
220 3 6.098090
221 3 3.509260
222 3 0.265082
223 3 0.000000
224 3 10.683700
225 3 0.222484
226 3 0.000000
227 3 0.645885
228 3 0.495955
229 3 0.728662
230 3 0.670309
231 3 0.552537
1 4 121.395000
2 4 112.491000
3 4 99.172400
4 4 91.795600
5 4 87.593500
6 4 81.584300
7 4 108.713000
8 4 122.392000
9 4 131.469000
10 4 126.877000
11 4 116.332000
12 4 106.425000
13 4 105.902000
14 4 105.965000
15 4 98.916700
16 4 98.563500
17 4 102.328000
18 4 101.488000
19 4 130.729000
20 4 136.743000
21 4 146.640000
22 4 133.524000
23 4 129.689000
24 4 120.379000
25 4 8.284290
26 4 7.104380
27 4 2.357960
28 4 0.000000
29 4 0.000000
30 4 0.000000
31 4 11.311200
32 4 28.563500
33 4 39.347400
34 4 40.191300
35 4 14.169900
36 4 12.821100
37 4 6.093880
38 4 9.720810
39 4 15.355600
40 4 21.144600
41 4 7.231640
42 4 30.248700
43 4 52.744100
44 4 13.651300
45 4 0.000000
46 4 0.000000
47 4 0.000000
48 4 5.860580
49 4 101.205000
50 4 91.294600
51 4 89.985000
52 4 86.067100
53 4 81.771800
54 4 71.853500
55 4 82.444800
56 4 95.311100
57 4 112.189000
58 4 108.626000
59 4 77.561100
60 4 94.675600
61 4 88.021400
62 4 82.846900
63 4 71.191000
64 4 79.760700
65 4 84.710300
66 4 85.489800
67 4 115.819000
68 4 119.877000
69 4 110.643000
70 4 124.516000
71 4 107.475000
72 4 105.538000
73 4 102.797000
74 4 99.609000
75 4 100.535000
76 4 97.076700
77 4 94.232200
78 4 94.112600
79 4 98.709600
80 4 107.761000
81 4 110.330000
82 4 104.261000
83 4 110.332000
84 4 85.121300
85 4 89.487800
86 4 72.673900
87 4 64.616400
88 4 79.120800
89 4 88.346800
90 4 85.838600
91 4 105.690000
92 4 126.861000
93 4 125.431000
94 4 120.007000
95 4 110.909000
96 4 95.761700
97 4 0.144024
98 4 0.000000
99 4 0.198999
100 4 0.000000
101 4 84.749900
102 4 85.753800
103 4 80.553500
104 4 75.039800
105 4 76.343300
106 4 77.699400
107 4 97.832800
108 4 110.188000
109 4 114.125000
110 4 93.517400
111 4 105.356000
112 4 96.297800
113 4 92.670700
114 4 93.501200
115 4 89.245200
116 4 84.771400
117 4 81.665800
118 4 115.256000
119 4 120.291000
120 4 124.435000
121 4 0.233202
122 4 0.000000
123 4 0.220912
124 4 0.000000
125 4 0.227377
126 4 0.000000
127 4 27.242200
128 4 39.193700
129 4 47.167700
130 4 69.537400
131 4 73.132100
132 4 73.251300
133 4 87.714400
134 4 85.507800
135 4 84.346400
136 4 92.017800
137 4 82.834300
138 4 60.282400
139 4 65.825300
140 4 91.972900
141 4 90.877000
142 4 91.324200
143 4 70.541400
144 4 0.223658
145 4 0.000000
146 4 0.215229
147 4 0.000000
148 4 0.191974
149 4 0.022300
150 4 0.127087
151 4 0.187400
152 4 132.897000
153 4 146.199000
154 4 143.154000
155 4 129.351000
156 4 129.077000
157 4 122.644000
158 4 126.262000
159 4 115.443000
160 4 111.852000
161 4 120.069000
162 4 130.698000
163 4 143.791000
164 4 123.987000
165 4 0.011846
166 4 0.259300
167 4 0.000000
168 4 0.994800
169 4 0.000000
170 4 0.396500
171 4 0.000000
172 4 0.226200
173 4 82.152400
174 4 86.194300
175 4 80.018500
176 4 83.776300
177 4 91.762600
178 4 114.568000
179 4 117.573000
180 4 109.431000
181 4 77.509900
182 4 0.000000
183 4 1.348600
184 4 0.000000
185 4 2.276000
186 4 0.000000
187 4 0.191400
188 4 0.000000
189 4 0.003200
190 4 0.000000
191 4 0.000000
192 4 0.000000
193 4 0.000000
194 4 137.590000
195 4 122.940000
196 4 112.661000
197 4 87.727700
198 4 0.026553
199 4 0.000000
200 4 0.078847
201 4 0.000000
202 4 0.095170
203 4 0.000000
204 4 0.066325
205 4 0.000000
206 4 0.033763
207 4 0.000000
208 4 0.318421
209 4 0.686593
210 4 42.745700
211 4 0.565066
212 4 0.030431
213 4 0.679870
214 4 1.048760
215 4 1.246070
216 4 0.314949
217 4 2.695730
218 4 5.086170
219 4 4.089600
220 4 5.094540
221 4 3.511210
222 4 0.034334
223 4 29.405700
224 4 5.032330
225 4 2.278810
226 4 0.028984
227 4 0.428670
228 4 0.104104
229 4 1.044130
230 4 0.749637
231 4 0.523371
1 5 128.768000
2 5 131.420000
3 5 114.371000
4 5 100.287000
5 5 93.816400
6 5 95.978800
7 5 120.138000
8 5 125.975000
9 5 154.409000
10 5 146.983000
11 5 128.109000
12 5 103.627000
13 5 100.921000
14 5 86.108800
15 5 84.767200
16 5 85.052100
17 5 101.405000
18 5 104.189000
19 5 134.618000
20 5 142.106000
21 5 158.063000
22 5 142.773000
23 5 119.452000
24 5 102.408000
25 5 19.018200
26 5 11.797900
27 5 44.141100
28 5 36.715900
29 5 29.139100
30 5 37.820600
31 5 29.629900
32 5 22.740200
33 5 29.155200
34 5 34.033600
35 5 31.380800
36 5 11.169400
37 5 8.753840
38 5 8.058410
39 5 17.902300
40 5 19.053200
41 5 13.403100
42 5 17.856500
43 5 52.650900
44 5 33.392000
45 5 5.802090
46 5 0.000000
47 5 5.153990
48 5 16.371100
49 5 100.871000
50 5 104.104000
51 5 93.855800
52 5 84.165000
53 5 77.228200
54 5 70.856200
55 5 79.180900
56 5 87.386500
57 5 115.402000
58 5 108.331000
59 5 109.894000
60 5 107.317000
61 5 108.627000
62 5 95.413100
63 5 87.056700
64 5 87.179900
65 5 93.373400
66 5 107.160000
67 5 130.177000
68 5 108.741000
69 5 127.917000
70 5 112.449000
71 5 95.880200
72 5 78.731300
73 5 109.292000
74 5 122.360000
75 5 112.229000
76 5 111.121000
77 5 106.084000
78 5 105.143000
79 5 100.666000
80 5 108.166000
81 5 120.487000
82 5 118.411000
83 5 112.945000
84 5 107.478000
85 5 106.630000
86 5 94.399600
87 5 85.752100
88 5 98.020300
89 5 83.629100
90 5 100.166000
91 5 111.845000
92 5 102.938000
93 5 107.402000
94 5 93.829200
95 5 89.534500
96 5 78.947900
97 5 0.122746
98 5 0.000000
99 5 0.145093
100 5 0.000000
101 5 86.414700
102 5 84.521800
103 5 68.767500
104 5 67.541600
105 5 59.403700
106 5 62.666700
107 5 75.778100
108 5 91.813700
109 5 103.401000
110 5 108.470000
111 5 116.247000
112 5 122.631000
113 5 127.953000
114 5 123.775000
115 5 113.297000
116 5 119.908000
117 5 113.611000
118 5 122.853000
119 5 143.233000
120 5 134.130000
121 5 0.166059
122 5 0.000000
123 5 0.207848
124 5 0.000000
125 5 0.270919
126 5 0.000000
127 5 44.220100
128 5 35.172700
129 5 56.856700
130 5 75.000800
131 5 82.935800
132 5 97.053600
133 5 97.767200
134 5 90.506100
135 5 82.717000
136 5 82.007900
137 5 69.941300
138 5 62.794400
139 5 60.962700
140 5 80.140500
141 5 86.534800
142 5 83.463300
143 5 95.184900
144 5 0.329370
145 5 0.000000
146 5 0.331223
147 5 0.000000
148 5 0.312420
149 5 0.038300
150 5 0.243411
151 5 0.133700
152 5 122.285000
153 5 148.333000
154 5 120.715000
155 5 122.886000
156 5 132.597000
157 5 93.608800
158 5 100.352000
159 5 93.749400
160 5 84.972300
161 5 101.938000
162 5 121.795000
163 5 128.393000
164 5 123.586000
165 5 0.126323
166 5 0.090900
167 5 0.049057
168 5 0.771900
169 5 0.195950
170 5 0.214400
171 5 0.157292
172 5 1.717800
173 5 58.849500
174 5 65.862200
175 5 50.890300
176 5 51.970200
177 5 87.757000
178 5 85.345100
179 5 84.967400
180 5 107.868000
181 5 123.930000
182 5 0.108913
183 5 0.348200
184 5 0.093521
185 5 0.069800
186 5 0.112854
187 5 0.262700
188 5 0.171181
189 5 0.003100
190 5 0.203311
191 5 0.000000
192 5 0.157996
193 5 0.000000
194 5 110.316000
195 5 148.247000
196 5 142.136000
197 5 117.976000
198 5 0.051777
199 5 0.000000
200 5 0.000000
201 5 0.000000
202 5 0.000000
203 5 0.000000
204 5 0.007372
205 5 0.000000
206 5 0.014542
207 5 0.000000
208 5 0.515176
209 5 0.076749
210 5 25.768900
211 5 0.000000
212 5 2.283730
213 5 0.810447
214 5 0.912070
215 5 4.490510
216 5 0.368064
217 5 1.380000
218 5 2.960790
219 5 3.579890
220 5 3.787580
221 5 2.339450
222 5 0.218289
223 5 63.829100
224 5 14.602300
225 5 0.000000
226 5 0.000000
227 5 0.746788
228 5 0.797434
229 5 0.575449
230 5 0.737226
231 5 0.664245
1 6 110.115000
2 6 99.581800
3 6 89.107200
4 6 82.461100
5 6 74.716900
6 6 82.020800
7 6 100.121000
8 6 126.693000
9 6 143.180000
10 6 128.776000
11 6 114.191000
12 6 106.898000
13 6 107.310000
14 6 106.112000
15 6 106.574000
16 6 111.645000
17 6 121.261000
18 6 142.329000
19 6 147.277000
20 6 154.396000
21 6 158.486000
22 6 164.069000
23 6 151.408000
24 6 127.183000
25 6 5.852000
26 6 1.811670
27 6 9.594200
28 6 6.512720
29 6 6.046410
30 6 11.579700
31 6 15.701100
32 6 13.655300
33 6 30.897700
34 6 20.545500
35 6 19.847500
36 6 0.000000
37 6 27.341700
38 6 23.559700
39 6 33.517900
40 6 5.520050
41 6 4.160390
42 6 7.531060
43 6 53.889600
44 6 37.522100
45 6 11.308900
46 6 1.671850
47 6 6.554250
48 6 23.179200
49 6 106.214000
50 6 90.466100
51 6 81.558800
52 6 75.333300
53 6 66.279100
54 6 64.520100
55 6 73.166900
56 6 91.550900
57 6 104.512000
58 6 89.755700
59 6 100.010000
60 6 103.511000
61 6 101.300000
62 6 95.041100
63 6 88.009800
64 6 93.278200
65 6 105.998000
66 6 118.419000
67 6 112.142000
68 6 110.258000
69 6 111.293000
70 6 122.424000
71 6 109.009000
72 6 89.540000
73 6 112.757000
74 6 101.911000
75 6 99.614100
76 6 101.751000
77 6 101.889000
78 6 101.262000
79 6 102.071000
80 6 99.453400
81 6 102.211000
82 6 110.801000
83 6 120.358000
84 6 111.745000
85 6 108.364000
86 6 105.000000
87 6 97.699400
88 6 95.113900
89 6 96.346800
90 6 107.020000
91 6 113.655000
92 6 120.126000
93 6 141.738000
94 6 126.170000
95 6 119.919000
96 6 110.843000
97 6 0.130100
98 6 0.000000
99 6 0.153919
100 6 0.000000
101 6 78.879600
102 6 78.951600
103 6 77.468900
104 6 80.438300
105 6 69.205700
106 6 79.508800
107 6 97.942200
108 6 115.065000
109 6 128.427000
110 6 119.587000
111 6 128.867000
112 6 117.894000
113 6 117.813000
114 6 115.724000
115 6 114.958000
116 6 123.990000
117 6 123.560000
118 6 124.065000
119 6 134.488000
120 6 137.708000
121 6 0.163964
122 6 0.000000
123 6 0.170128
124 6 0.000000
125 6 0.183971
126 6 0.000000
127 6 39.098000
128 6 36.673500
129 6 38.978500
130 6 64.872500
131 6 76.222500
132 6 82.582700
133 6 88.783500
134 6 75.108900
135 6 66.431600
136 6 57.270900
137 6 47.894200
138 6 92.085200
139 6 84.570100
140 6 118.804000
141 6 131.255000
142 6 127.460000
143 6 114.844000
144 6 0.204363
145 6 0.000000
146 6 0.216232
147 6 0.000000
148 6 0.155115
149 6 0.026300
150 6 0.138438
151 6 0.096100
152 6 106.923000
153 6 120.382000
154 6 110.128000
155 6 114.136000
156 6 104.111000
157 6 102.015000
158 6 105.467000
159 6 101.482000
160 6 95.385800
161 6 96.849700
162 6 105.936000
163 6 146.872000
164 6 143.233000
165 6 0.059998
166 6 0.319900
167 6 0.028047
168 6 0.549800
169 6 0.000000
170 6 0.711500
171 6 0.000000
172 6 0.456500
173 6 109.194000
174 6 109.019000
175 6 105.996000
176 6 85.327400
177 6 113.344000
178 6 117.650000
179 6 123.187000
180 6 112.679000
181 6 109.366000
182 6 0.000000
183 6 0.856200
184 6 0.000000
185 6 0.599400
186 6 0.000000
187 6 0.275900
188 6 0.037590
189 6 0.005900
190 6 0.059477
191 6 0.000000
192 6 0.057213
193 6 0.000000
194 6 148.375000
195 6 137.828000
196 6 139.101000
197 6 96.328800
198 6 0.015265
199 6 0.000000
200 6 0.000000
201 6 0.000000
202 6 0.000000
203 6 0.000000
204 6 0.016322
205 6 0.000000
206 6 0.039175
207 6 0.000000
208 6 0.590671
209 6 0.000000
210 6 45.547400
211 6 0.085699
212 6 0.024250
213 6 0.000000
214 6 0.898081
215 6 0.414735
216 6 0.330044
217 6 2.317610
218 6 5.816070
219 6 5.862010
220 6 5.861970
221 6 1.338860
222 6 0.000000
223 6 39.120100
224 6 5.890750
225 6 0.000000
226 6 0.000000
227 6 0.665054
228 6 0.459791
229 6 0.749120
230 6 0.682568
231 6 0.617154
1 7 127.047000
2 7 116.745000
3 7 107.269000
4 7 95.824700
5 7 91.774300
6 7 93.117000
7 7 105.309000
8 7 118.061000
9 7 134.874000
10 7 128.244000
11 7 113.785000
12 7 93.188800
13 7 89.850800
14 7 86.874700
15 7 85.755900
16 7 83.603900
17 7 119.630000
18 7 127.273000
19 7 142.991000
20 7 154.472000
21 7 156.014000
22 7 146.831000
23 7 136.811000
24 7 120.534000
25 7 9.232560
26 7 1.826050
27 7 4.481270
28 7 0.759478
29 7 0.000000
30 7 3.707360
31 7 14.929700
32 7 25.759000
33 7 20.483100
34 7 2.470370
35 7 0.000000
36 7 0.000000
37 7 0.000000
38 7 0.000000
39 7 0.000000
40 7 0.000000
41 7 10.443000
42 7 19.859300
43 7 48.588700
44 7 23.260900
45 7 4.611220
46 7 6.528350
47 7 10.462900
48 7 11.138400
49 7 104.863000
50 7 79.379100
51 7 72.712200
52 7 63.991800
53 7 61.827900
54 7 58.888200
55 7 62.179600
56 7 66.307400
57 7 84.527500
58 7 89.651800
59 7 99.167300
60 7 84.521900
61 7 81.075800
62 7 75.881000
63 7 67.421400
64 7 65.009200
65 7 102.737000
66 7 106.373000
67 7 108.701000
68 7 99.782600
69 7 97.574200
70 7 99.472800
71 7 93.561200
72 7 77.909500
73 7 125.927000
74 7 107.907000
75 7 102.138000
76 7 99.946200
77 7 101.124000
78 7 100.451000
79 7 96.351800
80 7 90.726700
81 7 92.284700
82 7 90.147600
83 7 93.979000
84 7 80.426900
85 7 74.879300
86 7 74.620100
87 7 73.871900
88 7 71.767600
89 7 108.427000
90 7 117.920000
91 7 117.390000
92 7 118.297000
93 7 112.761000
94 7 114.263000
95 7 115.362000
96 7 97.693700
97 7 0.118633
98 7 0.000000
99 7 0.145284
100 7 0.000000
101 7 109.007000
102 7 85.412700
103 7 77.735100
104 7 75.153700
105 7 72.917300
106 7 72.939700
107 7 78.919600
108 7 90.632400
109 7 104.399000
110 7 104.887000
111 7 108.589000
112 7 96.390500
113 7 92.759400
114 7 90.904800
115 7 89.674700
116 7 89.718800
117 7 98.346900
118 7 114.565000
119 7 123.366000
120 7 125.935000
121 7 0.138271
122 7 0.000000
123 7 0.127331
124 7 0.000000
125 7 0.129636
126 7 0.000000
127 7 49.691200
128 7 50.242200
129 7 59.290100
130 7 81.978100
131 7 89.683300
132 7 104.309000
133 7 109.957000
134 7 69.448500
135 7 68.466400
136 7 63.656500
137 7 43.977400
138 7 35.317700
139 7 43.955300
140 7 70.445100
141 7 78.535200
142 7 84.429600
143 7 81.652900
144 7 0.144828
145 7 0.000000
146 7 0.154353
147 7 0.000000
148 7 0.174487
149 7 0.046900
150 7 0.164425
151 7 0.244300
152 7 112.066000
153 7 107.978000
154 7 115.627000
155 7 107.331000
156 7 104.576000
157 7 107.809000
158 7 97.624600
159 7 90.147200
160 7 83.921100
161 7 96.092100
162 7 128.637000
163 7 160.629000
164 7 148.474000
165 7 0.113558
166 7 0.445400
167 7 0.081155
168 7 0.349400
169 7 0.073461
170 7 0.224000
171 7 0.054144
172 7 0.157700
173 7 91.200000
174 7 53.957600
175 7 35.385400
176 7 47.149300
177 7 51.767400
178 7 60.199900
179 7 80.097400
180 7 95.237900
181 7 104.065000
182 7 0.025299
183 7 0.991100
184 7 0.031660
185 7 0.133600
186 7 0.043255
187 7 0.160300
188 7 0.000000
189 7 0.003500
190 7 0.000000
191 7 0.000000
192 7 0.000000
193 7 0.000000
194 7 113.450000
195 7 85.799500
196 7 161.278000
197 7 143.614000
198 7 0.000000
199 7 0.000000
200 7 0.020738
201 7 0.000000
202 7 0.074260
203 7 0.000000
204 7 0.076248
205 7 0.000000
206 7 0.088610
207 7 0.000000
208 7 0.635481
209 7 0.257614
210 7 46.149300
211 7 0.006894
212 7 0.276196
213 7 0.000000
214 7 0.257807
215 7 0.419697
216 7 0.822426
217 7 2.744680
218 7 3.641440
219 7 2.384920
220 7 2.755010
221 7 0.000000
222 7 0.000000
223 7 110.284000
224 7 11.551100
225 7 0.000000
226 7 0.451600
227 7 0.600862
228 7 0.685146
229 7 0.711142
230 7 0.735825
231 7 0.559950
1 8 110.115000
2 8 99.581800
3 8 89.107200
4 8 82.461100
5 8 74.716900
6 8 82.020800
7 8 100.121000
8 8 126.693000
9 8 143.180000
10 8 128.776000
11 8 114.191000
12 8 106.898000
13 8 107.310000
14 8 106.112000
15 8 106.574000
16 8 111.645000
17 8 121.261000
18 8 142.329000
19 8 147.277000
20 8 154.396000
21 8 158.486000
22 8 164.069000
23 8 151.408000
24 8 127.183000
25 8 5.852000
26 8 1.811670
27 8 9.594200
28 8 6.512720
29 8 6.046410
30 8 11.579700
31 8 15.701100
32 8 13.655300
33 8 30.897700
34 8 20.545500
35 8 19.847500
36 8 0.000000
37 8 27.341700
38 8 23.559700
39 8 33.517900
40 8 5.520050
41 8 4.160390
42 8 7.531060
43 8 53.889600
44 8 37.522100
45 8 11.308900
46 8 1.671850
47 8 6.554250
48 8 23.179200
49 8 106.214000
50 8 90.466100
51 8 81.558800
52 8 75.333300
53 8 66.279100
54 8 64.520100
55 8 73.166900
56 8 91.550900
57 8 104.512000
58 8 89.755700
59 8 100.010000
60 8 103.511000
61 8 101.300000
62 8 95.041100
63 8 88.009800
64 8 93.278200
65 8 105.998000
66 8 118.419000
67 8 112.142000
68 8 110.258000
69 8 111.293000
70 8 122.424000
71 8 109.009000
72 8 89.540000
73 8 112.757000
74 8 101.911000
75 8 99.614100
76 8 101.751000
77 8 101.889000
78 8 101.262000
79 8 102.071000
80 8 99.453400
81 8 102.211000
82 8 110.801000
83 8 120.358000
84 8 111.745000
85 8 108.364000
86 8 105.000000
87 8 97.699400
88 8 95.113900
89 8 96.346800
90 8 107.020000
91 8 113.655000
92 8 120.126000
93 8 141.738000
94 8 126.170000
95 8 119.919000
96 8 110.843000
97 8 0.130100
98 8 0.000000
99 8 0.153919
100 8 0.000000
101 8 78.879600
102 8 78.951600
103 8 77.468900
104 8 80.438300
105 8 69.205700
106 8 79.508800
107 8 97.942200
108 8 115.065000
109 8 128.427000
110 8 119.587000
111 8 128.867000
112 8 117.894000
113 8 117.813000
114 8 115.724000
115 8 114.958000
116 8 123.990000
117 8 123.560000
118 8 124.065000
119 8 134.488000
120 8 137.708000
121 8 0.163964
122 8 0.000000
123 8 0.170128
124 8 0.000000
125 8 0.183971
126 8 0.000000
127 8 39.098000
128 8 36.673500
129 8 38.978500
130 8 64.872500
131 8 76.222500
132 8 82.582700
133 8 88.783500
134 8 75.108900
135 8 66.431600
136 8 57.270900
137 8 47.894200
138 8 92.085200
139 8 84.570100
140 8 118.804000
141 8 131.255000
142 8 127.460000
143 8 114.844000
144 8 0.204363
145 8 0.000000
146 8 0.216232
147 8 0.000000
148 8 0.155115
149 8 0.026300
150 8 0.138438
151 8 0.096100
152 8 106.923000
153 8 120.382000
154 8 110.128000
155 8 114.136000
156 8 104.111000
157 8 102.015000
158 8 105.467000
159 8 101.482000
160 8 95.385800
161 8 96.849700
162 8 105.936000
163 8 146.872000
164 8 143.233000
165 8 0.059998
166 8 0.319900
167 8 0.028047
168 8 0.549800
169 8 0.000000
170 8 0.711500
171 8 0.000000
172 8 0.456500
173 8 109.194000
174 8 109.019000
175 8 105.996000
176 8 85.327400
177 8 113.344000
178 8 117.650000
179 8 123.187000
180 8 112.679000
181 8 109.366000
182 8 0.000000
183 8 0.856200
184 8 0.000000
185 8 0.599400
186 8 0.000000
187 8 0.275900
188 8 0.037590
189 8 0.005900
190 8 0.059477
191 8 0.000000
192 8 0.057213
193 8 0.000000
194 8 148.375000
195 8 137.828000
196 8 139.101000
197 8 96.328800
198 8 0.156969
199 8 0.000000
200 8 0.108820
201 8 0.000000
202 8 0.123712
203 8 0.000000
204 8 0.132022
205 8 0.000000
206 8 0.072834
207 8 0.000000
208 8 0.461548
209 8 0.000000
210 8 54.633800
211 8 0.000000
212 8 0.000000
213 8 0.000000
214 8 0.825306
215 8 1.043370
216 8 0.206874
217 8 1.724970
218 8 2.835070
219 8 2.608010
220 8 3.153470
221 8 2.864030
222 8 0.801313
223 8 89.036900
224 8 7.557690
225 8 0.839856
226 8 0.955786
227 8 0.173234
228 8 0.197355
229 8 0.670398
230 8 0.643909
231 8 0.692590
1 9 110.115000
2 9 99.581800
3 9 89.107200
4 9 82.461100
5 9 74.716900
6 9 82.020800
7 9 100.121000
8 9 126.693000
9 9 143.180000
10 9 128.776000
11 9 114.191000
12 9 106.898000
13 9 107.310000
14 9 106.112000
15 9 106.574000
16 9 111.645000
17 9 121.261000
18 9 142.329000
19 9 147.277000
20 9 154.396000
21 9 158.486000
22 9 164.069000
23 9 151.408000
24 9 127.183000
25 9 5.852000
26 9 1.811670
27 9 9.594200
28 9 6.512720
29 9 6.046410
30 9 11.579700
31 9 15.701100
32 9 13.655300
33 9 30.897700
34 9 20.545500
35 9 19.847500
36 9 0.000000
37 9 27.341700
38 9 23.559700
39 9 33.517900
40 9 5.520050
41 9 4.160390
42 9 7.531060
43 9 53.889600
44 9 37.522100
45 9 11.308900
46 9 1.671850
47 9 6.554250
48 9 23.179200
49 9 106.214000
50 9 90.466100
51 9 81.558800
52 9 75.333300
53 9 66.279100
54 9 64.520100
55 9 73.166900
56 9 91.550900
57 9 104.512000
58 9 89.755700
59 9 100.010000
60 9 103.511000
61 9 101.300000
62 9 95.041100
63 9 88.009800
64 9 93.278200
65 9 105.998000
66 9 118.419000
67 9 112.142000
68 9 110.258000
69 9 111.293000
70 9 122.424000
71 9 109.009000
72 9 89.540000
73 9 112.757000
74 9 101.911000
75 9 99.614100
76 9 101.751000
77 9 101.889000
78 9 101.262000
79 9 102.071000
80 9 99.453400
81 9 102.211000
82 9 110.801000
83 9 120.358000
84 9 111.745000
85 9 108.364000
86 9 105.000000
87 9 97.699400
88 9 95.113900
89 9 96.346800
90 9 107.020000
91 9 113.655000
92 9 120.126000
93 9 141.738000
94 9 126.170000
95 9 119.919000
96 9 110.843000
97 9 0.130100
98 9 0.000000
99 9 0.153919
100 9 0.000000
101 9 78.879600
102 9 78.951600
103 9 77.468900
104 9 80.438300
105 9 69.205700
106 9 79.508800
107 9 97.942200
108 9 115.065000
109 9 128.427000
110 9 119.587000
111 9 128.867000
112 9 117.894000
113 9 117.813000
114 9 115.724000
115 9 114.958000
116 9 123.990000
117 9 123.560000
118 9 124.065000
119 9 134.488000
120 9 137.708000
121 9 0.163964
122 9 0.000000
123 9 0.170128
124 9 0.000000
125 9 0.183971
126 9 0.000000
127 9 39.098000
128 9 36.673500
129 9 38.978500
130 9 64.872500
131 9 76.222500
132 9 82.582700
133 9 88.783500
134 9 75.108900
135 9 66.431600
136 9 57.270900
137 9 47.894200
138 9 92.085200
139 9 84.570100
140 9 118.804000
141 9 131.255000
142 9 127.460000
143 9 114.844000
144 9 0.204363
145 9 0.000000
146 9 0.216232
147 9 0.000000
148 9 0.155115
149 9 0.026300
150 9 0.138438
151 9 0.096100
152 9 106.923000
153 9 120.382000
154 9 110.128000
155 9 114.136000
156 9 104.111000
157 9 102.015000
158 9 105.467000
159 9 101.482000
160 9 95.385800
161 9 96.849700
162 9 105.936000
163 9 146.872000
164 9 143.233000
165 9 0.059998
166 9 0.319900
167 9 0.028047
168 9 0.549800
169 9 0.000000
170 9 0.711500
171 9 0.000000
172 9 0.456500
173 9 109.194000
174 9 109.019000
175 9 105.996000
176 9 85.327400
177 9 113.344000
178 9 117.650000
179 9 123.187000
180 9 112.679000
181 9 109.366000
182 9 0.000000
183 9 0.856200
184 9 0.000000
185 9 0.599400
186 9 0.000000
187 9 0.275900
188 9 0.037590
189 9 0.005900
190 9 0.059477
191 9 0.000000
192 9 0.057213
193 9 0.000000
194 9 148.375000
195 9 137.828000
196 9 139.101000
197 9 96.328800
198 9 0.000000
199 9 0.000000
200 9 0.000000
201 9 0.000000
202 9 0.000000
203 9 0.000000
204 9 0.000000
205 9 0.000000
206 9 0.000000
207 9 0.000000
208 9 0.663827
209 9 0.067121
210 9 45.350100
211 9 0.033554
212 9 0.507177
213 9 0.723552
214 9 0.635671
215 9 0.000000
216 9 0.247193
217 9 2.379580
218 9 4.095400
219 9 3.758690
220 9 3.550760
221 9 1.405260
222 9 0.517176
223 9 117.583000
224 9 6.885410
225 9 0.000000
226 9 0.102794
227 9 0.502810
228 9 0.539578
229 9 0.735834
230 9 0.699743
231 9 0.600419
1 10 121.395000
2 10 112.491000
3 10 99.172400
4 10 91.795600
5 10 87.593500
6 10 81.584300
7 10 108.713000
8 10 122.392000
9 10 131.469000
10 10 126.877000
11 10 116.332000
12 10 106.425000
13 10 105.902000
14 10 105.965000
15 10 98.916700
16 10 98.563500
17 10 102.328000
18 10 101.488000
19 10 130.729000
20 10 136.743000
21 10 146.640000
22 10 133.524000
23 10 129.689000
24 10 120.379000
25 10 8.284290
26 10 7.104380
27 10 2.357960
28 10 0.000000
29 10 0.000000
30 10 0.000000
31 10 11.311200
32 10 28.563500
33 10 39.347400
34 10 40.191300
35 10 14.169900
36 10 12.821100
37 10 6.093880
38 10 9.720810
39 10 15.355600
40 10 21.144600
41 10 7.231640
42 10 30.248700
43 10 52.744100
44 10 13.651300
45 10 0.000000
46 10 0.000000
47 10 0.000000
48 10 5.860580
49 10 101.205000
50 10 91.294600
51 10 89.985000
52 10 86.067100
53 10 81.771800
54 10 71.853500
55 10 82.444800
56 10 95.311100
57 10 112.189000
58 10 108.626000
59 10 77.561100
60 10 94.675600
61 10 88.021400
62 10 82.846900
63 10 71.191000
64 10 79.760700
65 10 84.710300
66 10 85.489800
67 10 115.819000
68 10 119.877000
69 10 110.643000
70 10 124.516000
71 10 107.475000
72 10 105.538000
73 10 102.797000
74 10 99.609000
75 10 100.535000
76 10 97.076700
77 10 94.232200
78 10 94.112600
79 10 98.709600
80 10 107.761000
81 10 110.330000
82 10 104.261000
83 10 110.332000
84 10 85.121300
85 10 89.487800
86 10 72.673900
87 10 64.616400
88 10 79.120800
89 10 88.346800
90 10 85.838600
91 10 105.690000
92 10 126.861000
93 10 125.431000
94 10 120.007000
95 10 110.909000
96 10 95.761700
97 10 0.144024
98 10 0.000000
99 10 0.198999
100 10 0.000000
101 10 84.749900
102 10 85.753800
103 10 80.553500
104 10 75.039800
105 10 76.343300
106 10 77.699400
107 10 97.832800
108 10 110.188000
109 10 114.125000
110 10 93.517400
111 10 105.356000
112 10 96.297800
113 10 92.670700
114 10 93.501200
115 10 89.245200
116 10 84.771400
117 10 81.665800
118 10 115.256000
119 10 120.291000
120 10 124.435000
121 10 0.233202
122 10 0.000000
123 10 0.220912
124 10 0.000000
125 10 0.227377
126 10 0.000000
127 10 27.242200
128 10 39.193700
129 10 47.167700
130 10 69.537400
131 10 73.132100
132 10 73.251300
133 10 87.714400
134 10 85.507800
135 10 84.346400
136 10 92.017800
137 10 82.834300
138 10 60.282400
139 10 65.825300
140 10 91.972900
141 10 90.877000
142 10 91.324200
143 10 70.541400
144 10 0.223658
145 10 0.000000
146 10 0.328621
147 10 0.000000
148 10 0.373261
149 10 0.082500
150 10 0.354885
151 10 0.103900
152 10 104.735000
153 10 113.223000
154 10 72.538900
155 10 61.258700
156 10 72.541100
157 10 71.309600
158 10 70.073900
159 10 127.389000
160 10 126.712000
161 10 136.411000
162 10 158.275000
163 10 157.640000
164 10 152.125000
165 10 0.243063
166 10 0.250300
167 10 0.110186
168 10 0.397600
169 10 0.010021
170 10 0.540700
171 10 0.000000
172 10 0.176600
173 10 86.503500
174 10 87.988900
175 10 84.106400
176 10 79.072500
177 10 83.459900
178 10 94.731600
179 10 102.958000
180 10 92.997100
181 10 85.036200
182 10 0.000000
183 10 0.466300
184 10 0.000000
185 10 0.838000
186 10 0.000000
187 10 0.107600
188 10 0.000000
189 10 0.012300
190 10 0.043152
191 10 0.000000
192 10 0.072265
193 10 0.000000
194 10 143.446000
195 10 124.344000
196 10 112.144000
197 10 92.909600
198 10 0.070757
199 10 0.000000
200 10 0.057553
201 10 0.000000
202 10 0.054881
203 10 0.000000
204 10 0.055213
205 10 0.000000
206 10 0.061198
207 10 0.000000
208 10 0.813505
209 10 0.916620
210 10 59.283800
211 10 0.430261
212 10 0.489961
213 10 0.000000
214 10 0.802390
215 10 0.000000
216 10 0.112022
217 10 1.118370
218 10 0.000000
219 10 0.000000
220 10 0.000000
221 10 0.627395
222 10 0.843782
223 10 0.000000
224 10 9.597110
225 10 0.000000
226 10 0.364086
227 10 0.534649
228 10 0.603148
229 10 0.525161
230 10 0.596035
231 10 0.564376
;

param Prob0 :=
1	0.000
2	0.200
3	0.100
4	0.100
5	0.100
6	0.100
7	0.100
8	0.100
9	0.100
10	0.100
;
set c[0,5] := 5 1 2 3 4 6 7 8 9 10;
set c[1,2] := 2 1 4 10;
set c[1,7] := 7;
set c[1,3] := 3;
set c[1,5] := 5;
set c[1,9] := 9 6 8;
set c[2,7] := 7;
set c[2,6] := 6 9 8;
set c[2,5] := 5;
set c[2,3] := 3;
set c[2,1] := 1 2 4 10;
set c[3,3] := 3;
set c[3,9] := 9 6 8;
set c[3,5] := 5;
set c[3,10] := 10 1 2 4;
set c[3,7] := 7;
set c[4,4] := 4 10 1 2;
set c[4,7] := 7;
set c[4,6] := 6 9 8;
set c[4,5] := 5;
set c[4,3] := 3;
set c[5,9] := 9 6 8;
set c[5,7] := 7;
set c[5,3] := 3;
set c[5,5] := 5;
set c[5,10] := 10 4 1 2;
set c[6,7] := 7;
set c[6,3] := 3;
set c[6,4] := 4 10 1 2;
set c[6,5] := 5;
set c[6,9] := 9 6 8;
set c[7,1] := 1 4 10 2;
set c[7,8] := 8 9 6;
set c[7,5] := 5;
set c[7,3] := 3;
set c[7,7] := 7;
set c[8,6] := 6 8 9;
set c[8,3] := 3;
set c[8,5] := 5;
set c[8,7] := 7;
set c[8,1] := 1 4 10 2;
set c[9,5] := 5;
set c[9,2] := 2 1 4 10;
set c[9,7] := 7;
set c[9,3] := 3;
set c[9,6] := 6 8 9;
set c[10,7] := 7;
set c[10,2] := 2 1 4 10;
set c[10,3] := 3;
set c[10,6] := 6 8 9;
set c[10,5] := 5;
set c[11,3] := 3;
set c[11,5] := 5;
set c[11,8] := 8 6 9;
set c[11,4] := 4 10;
set c[11,2] := 2 1;
set c[11,7] := 7;
set c[12,4] := 4 10;
set c[12,5] := 5;
set c[12,7] := 7;
set c[12,2] := 2 1;
set c[12,6] := 6 8 9;
set c[12,3] := 3;
set c[13,2] := 2 1;
set c[13,3] := 3;
set c[13,6] := 6 8 9;
set c[13,5] := 5;
set c[13,7] := 7;
set c[13,4] := 4;
set c[13,10] := 10;
set c[14,7] := 7;
set c[14,10] := 10;
set c[14,4] := 4;
set c[14,3] := 3;
set c[14,5] := 5;
set c[14,8] := 8 6 9;
set c[14,2] := 2 1;
set c[15,3] := 3;
set c[15,10] := 10;
set c[15,2] := 2 1;
set c[15,4] := 4;
set c[15,5] := 5;
set c[15,8] := 8 6 9;
set c[15,7] := 7;
set c[16,9] := 9 8 6;
set c[16,10] := 10;
set c[16,4] := 4;
set c[16,7] := 7;
set c[16,5] := 5;
set c[16,2] := 2 1;
set c[16,3] := 3;
set c[17,7] := 7;
set c[17,5] := 5;
set c[17,2] := 2 1;
set c[17,3] := 3;
set c[17,10] := 10;
set c[17,4] := 4;
set c[17,8] := 8 9 6;
set c[18,4] := 4;
set c[18,3] := 3;
set c[18,10] := 10;
set c[18,5] := 5;
set c[18,2] := 2 1;
set c[18,6] := 6 8 9;
set c[18,7] := 7;
set c[19,7] := 7;
set c[19,6] := 6 8 9;
set c[19,5] := 5;
set c[19,10] := 10;
set c[19,3] := 3;
set c[19,2] := 2 1;
set c[19,4] := 4;
set c[20,10] := 10;
set c[20,5] := 5;
set c[20,4] := 4;
set c[20,2] := 2 1;
set c[20,3] := 3;
set c[20,6] := 6 8 9;
set c[20,7] := 7;
set c[21,6] := 6 8 9;
set c[21,7] := 7;
set c[21,2] := 2 1;
set c[21,5] := 5;
set c[21,4] := 4;
set c[21,3] := 3;
set c[21,10] := 10;
set c[22,5] := 5;
set c[22,7] := 7;
set c[22,3] := 3;
set c[22,10] := 10;
set c[22,4] := 4;
set c[22,2] := 2 1;
set c[22,8] := 8 6 9;
set c[23,3] := 3;
set c[23,4] := 4;
set c[23,2] := 2 1;
set c[23,7] := 7;
set c[23,6] := 6 8 9;
set c[23,10] := 10;
set c[23,5] := 5;
set c[24,5] := 5;
set c[24,10] := 10;
set c[24,4] := 4;
set c[24,2] := 2 1;
set c[24,6] := 6 8 9;
set c[24,7] := 7;
set c[24,3] := 3;
set c[25,6] := 6 8 9;
set c[25,3] := 3;
set c[25,10] := 10;
set c[25,7] := 7;
set c[25,2] := 2 1;
set c[25,4] := 4;
set c[25,5] := 5;
set c[26,4] := 4;
set c[26,5] := 5;
set c[26,10] := 10;
set c[26,2] := 2 1;
set c[26,3] := 3;
set c[26,7] := 7;
set c[26,6] := 6 8 9;
set c[27,6] := 6 8 9;
set c[27,7] := 7;
set c[27,3] := 3;
set c[27,5] := 5;
set c[27,10] := 10;
set c[27,2] := 2 1;
set c[27,4] := 4;
set c[28,5] := 5;
set c[28,4] := 4;
set c[28,7] := 7;
set c[28,2] := 2 1;
set c[28,10] := 10;
set c[28,3] := 3;
set c[28,9] := 9 6 8;
set c[29,4] := 4;
set c[29,10] := 10;
set c[29,7] := 7;
set c[29,2] := 2 1;
set c[29,3] := 3;
set c[29,6] := 6;
set c[29,9] := 9;
set c[29,8] := 8;
set c[29,5] := 5;
set c[30,7] := 7;
set c[30,3] := 3;
set c[30,6] := 6;
set c[30,10] := 10;
set c[30,8] := 8;
set c[30,9] := 9;
set c[30,5] := 5;
set c[30,2] := 2 1;
set c[30,4] := 4;
set c[31,10] := 10;
set c[31,6] := 6;
set c[31,3] := 3;
set c[31,5] := 5;
set c[31,2] := 2 1;
set c[31,8] := 8;
set c[31,4] := 4;
set c[31,9] := 9;
set c[31,7] := 7;
set c[32,3] := 3;
set c[32,4] := 4;
set c[32,7] := 7;
set c[32,8] := 8;
set c[32,6] := 6;
set c[32,5] := 5;
set c[32,2] := 2 1;
set c[32,9] := 9;
set c[32,10] := 10;
set c[33,4] := 4;
set c[33,9] := 9;
set c[33,7] := 7;
set c[33,6] := 6;
set c[33,8] := 8;
set c[33,2] := 2 1;
set c[33,10] := 10;
set c[33,5] := 5;
set c[33,3] := 3;
set c[34,2] := 2 1;
set c[34,5] := 5;
set c[34,8] := 8;
set c[34,10] := 10;
set c[34,7] := 7;
set c[34,6] := 6;
set c[34,9] := 9;
set c[34,3] := 3;
set c[34,4] := 4;

