#erel:= 0.850;
#emax:= 2535.015;
#q:= 0.000;
#nesce:=     9;
#etime:= 0.049;
#snodes:=   244;
param nS:=    10;
param nSG:=    34;
param nRVSG :=
1 24
5 2
9 2
13 2
17 2
21 9
25 2
29 2
33 2
2 24
6 2
10 2
14 2
18 2
22 2
26 2
30 2
34 24
3 24
7 20
11 17
15 2
19 2
23 2
27 2
31 2
4 24
8 2
12 2
16 13
20 2
24 2
28 4
32 2
;


param ScenF :=
1 49.2622
59 101.801
117 51.4296
175 72.4718
2 77.0875
60 97.1541
118 56.6487
176 66.5261
3 72.838
61 95.812
119 70.1419
177 71.6165
4 71.2375
62 95.6806
120 68.1926
178 98.2029
5 71.2706
63 96.1189
121 0
179 115.007
6 72.3753
64 103.749
122 0
180 121.542
7 75.1973
65 113.681
123 0
181 83.4323
8 77.6495
66 122.12
124 0
182 0
9 98.9919
67 141.524
125 0.0278105
183 0.606
10 108.037
68 152.734
126 0
184 0
11 97.242
69 145.046
127 61.6394
185 0.468
12 85.6843
70 124.415
128 93.1744
186 0
13 78.2678
71 105.227
129 92.6618
187 0.245
14 76.7511
72 100.503
130 84.9846
188 0
15 75.0406
73 35.1137
131 105.935
189 0.004
16 76.4898
74 72.2098
132 109.977
190 0
17 80.9347
75 72.2042
133 106.113
191 0
18 93.3484
76 71.2679
134 96.0914
192 0
19 112.898
77 68.4621
135 99.1317
193 0
20 125.904
78 69.6549
136 94.7157
194 88.4832
21 116.036
79 68.7229
137 94.3514
195 87.8079
22 114.83
80 75.2096
138 95.6573
196 75.4408
23 111.529
81 91.4568
139 95.6675
197 56.5594
24 93.4191
82 87.2656
140 102.577
198 0
25 17.6801
83 75.9332
141 110.902
199 0
26 26.8226
84 72.4325
142 112.01
200 0
27 31.8022
85 80.1155
143 84.8424
201 0
28 32.7904
86 84.8985
144 0.0975798
202 0
29 33.4024
87 87.5212
145 0
203 0
30 31.9072
88 86.6165
146 0.136702
204 0
31 33.1958
89 96.2086
147 0
205 0
32 18.9095
90 106.388
148 0.153017
206 0.044813
33 13.1247
91 126.761
149 0.0289
207 0
34 24.1587
92 139.462
150 0.1131
208 1.11856
35 64.2211
93 131.026
151 0.2431
209 5.67985
36 76.9722
94 110.863
152 73.3617
210 8.89508
37 84.7733
95 99.5119
153 92.5382
211 6.58765
38 76.1518
96 94.5441
154 89.3738
212 5.73908
39 72.5701
97 0.0968809
155 78.8715
213 10.9884
40 72.9402
98 0
156 66.9306
214 2.68467
41 80.2853
99 0.0318889
157 65.9997
215 0.13685
42 61.6442
100 0
158 65.2743
216 0.76808
43 46.7316
101 39.38
159 68.159
217 0.96596
44 0
102 58.1306
160 67.7064
218 0.599213
45 5.33467
103 56.7389
161 75.2185
219 0.28454
46 19.5592
104 53.6644
162 100.418
220 1.51891
47 24.1401
105 48.9016
163 116.643
221 2.44889
48 21.2705
106 47.6693
164 105.426
222 0
49 28.0211
107 49.1142
165 0.0333581
223 0
50 67.4208
108 51.6053
166 0.4578
224 79.0249
51 59.3173
109 70.7728
167 0
225 3.36995
52 55.3093
110 74.5173
168 0.6335
226 0.296591
53 51.0923
111 66.1977
169 0
227 0.0319489
54 54.597
112 57.6794
170 0.685
228 0.169271
55 60.5868
113 54.1225
171 0
229 0.464212
56 69.1502
114 55.8441
172 0.676
230 0.302368
57 103.592
115 50.9765
173 71.7183
231 0.438057
58 113.305
116 48.3244
174 75.2316
;


param ScenO :=
1 76.94
59 94.97
117 74.02
175 86.09
2 93.24
60 89.35
118 85
176 85.23
3 90.78
61 82.9
119 97.12
177 73.1
4 90.78
62 76.01
120 108.93
178 101.4
5 80
63 77.47
121 0.054
179 99.94
6 77.82
64 75.37
122 0
180 114.89
7 82
65 75.02
123 0.048
181 144.2
8 94
66 89
124 0
182 0.135
9 96.4
67 96.58
125 0.051
183 0.603
10 97.7
68 104.6
126 0
184 0.106
11 96.96
69 110.89
127 81.9
185 0.465
12 94.1
70 141.2
128 66.14
186 0.097
13 90.78
71 106.18
129 62.99
187 0.241
14 82
72 99.46
130 75.2
188 0.118
15 76.47
73 72.94
131 74.4
189 0.004
16 73.37
74 79.9
132 97.7
190 0.115
17 73.02
75 75.78
133 98.14
191 0
18 89
76 75.78
134 74.3
192 0.095
19 97.12
77 76
135 72.49
193 0
20 111.93
78 77.82
136 77.95
194 174.2
21 110.89
79 78
137 75.22
195 114.67
22 141.2
80 78.01
138 74.36
196 105.62
23 109.21
81 80
139 70
197 94.78
24 99.46
82 84.79
140 80.1
198 0.07
25 10.56
83 92.97
141 97.27
199 0
26 8
84 85.62
142 105.03
200 0.054
27 8
85 77.9
143 108.67
201 0
28 8
86 79
144 0.057
202 0.038
29 9.44
87 76.47
145 0
203 0
30 10.52
88 76.37
146 0.059
204 0.023
31 8.44
89 78.02
147 0
205 0
32 5.08
90 84.08
148 0.056
206 0.012
33 5.08
91 94.61
149 0.047
207 0
34 7
92 107.93
150 0.055
208 0.979594
35 20
93 110.89
151 0.328
209 0.863578
36 30
94 139.2
152 77.12
210 1.06598
37 30
95 105.21
153 98.14
211 0.99262
38 55
96 96.47
154 101.4
212 1.17275
39 55
97 0.132
155 75.28
213 1.22077
40 55.4
98 0
156 72.49
214 1.14585
41 60
99 0.094
157 78.05
215 0.829894
42 70
100 0
158 76.47
216 0.784751
43 45
101 80.01
159 73.37
217 0.825384
44 8.2
102 76
160 71.77
218 0.864583
45 8
103 77.9
161 79
219 1.1356
46 21.16
104 77.9
162 98.14
220 0.852721
47 7.56
105 75
163 102.99
221 0.744878
48 19
106 74.67
164 105.89
222 0.926769
49 71.93
107 77.5
165 0.098
223 1.38026
50 87.25
108 79
166 0.524
224 0.804848
51 84.94
109 80.01
167 0.145
225 0.47764
52 84.2
110 94
168 0.639
226 0.827224
53 80.7
111 97.27
169 0.169
227 0.703833
54 79.06
112 89.1
170 0.686
228 0.858508
55 82
113 83.15
171 0.166
229 0.858508
56 83.78
114 81
172 0.674
230 0.750298
57 88.5
115 78.47
173 86.09
231 0.826563
58 91.75
116 80.43
174 86.47
;


param Scen0 :=
1 1 51.865800
2 1 60.438900
3 1 56.518000
4 1 55.331000
5 1 57.410100
6 1 85.665800
7 1 81.213700
8 1 84.565900
9 1 111.142000
10 1 117.448000
11 1 111.848000
12 1 89.615400
13 1 79.036000
14 1 84.992800
15 1 76.574000
16 1 68.762600
17 1 69.025200
18 1 92.671700
19 1 103.900000
20 1 114.290000
21 1 109.255000
22 1 117.428000
23 1 107.418000
24 1 90.308100
25 1 22.823600
26 1 26.139900
27 1 32.782100
28 1 30.586900
29 1 29.615000
30 1 32.146500
31 1 32.383800
32 1 34.285800
33 1 25.442400
34 1 43.828300
35 1 55.497100
36 1 86.578100
37 1 85.748900
38 1 85.204200
39 1 78.504700
40 1 81.397800
41 1 79.508400
42 1 82.236300
43 1 48.251600
44 1 0.000000
45 1 0.000000
46 1 16.251000
47 1 21.579500
48 1 21.713800
49 1 50.204700
50 1 56.075900
51 1 55.236100
52 1 47.202000
53 1 41.797800
54 1 65.608200
55 1 64.363700
56 1 73.914500
57 1 104.778000
58 1 116.367000
59 1 115.110000
60 1 100.493000
61 1 94.010600
62 1 98.127000
63 1 93.798700
64 1 89.464200
65 1 100.029000
66 1 115.356000
67 1 125.811000
68 1 126.740000
69 1 117.764000
70 1 106.510000
71 1 96.327600
72 1 89.794500
73 1 56.621400
74 1 63.179600
75 1 69.852500
76 1 61.431200
77 1 58.560300
78 1 75.848500
79 1 74.701800
80 1 83.842400
81 1 102.708000
82 1 105.094000
83 1 95.041400
84 1 78.677000
85 1 80.212900
86 1 88.205900
87 1 91.377600
88 1 82.790600
89 1 93.168500
90 1 107.332000
91 1 128.199000
92 1 129.362000
93 1 119.466000
94 1 108.347000
95 1 99.721700
96 1 95.919000
97 1 0.105399
98 1 0.000000
99 1 0.058735
100 1 0.000000
101 1 48.498600
102 1 47.182800
103 1 54.361500
104 1 41.512400
105 1 35.318000
106 1 55.378500
107 1 62.227100
108 1 68.338500
109 1 87.454800
110 1 89.560100
111 1 78.787200
112 1 67.316700
113 1 57.373200
114 1 51.653300
115 1 48.886600
116 1 41.085600
117 1 40.994800
118 1 49.977000
119 1 69.706300
120 1 80.565500
121 1 0.210559
122 1 0.000000
123 1 0.260930
124 1 0.000000
125 1 0.359055
126 1 0.000000
127 1 57.208900
128 1 61.668100
129 1 68.756600
130 1 84.588100
131 1 96.966800
132 1 106.312000
133 1 101.530000
134 1 86.948800
135 1 85.315800
136 1 83.972900
137 1 78.095400
138 1 81.372200
139 1 93.215000
140 1 113.337000
141 1 101.057000
142 1 100.284000
143 1 114.990000
144 1 0.162681
145 1 0.000000
146 1 0.261151
147 1 0.000000
148 1 0.343839
149 1 0.009900
150 1 0.369325
151 1 0.315000
152 1 91.166600
153 1 100.293000
154 1 110.324000
155 1 82.460600
156 1 36.066800
157 1 52.527400
158 1 71.489900
159 1 52.053700
160 1 40.550700
161 1 53.542800
162 1 117.427000
163 1 133.341000
164 1 136.408000
165 1 0.000000
166 1 0.228100
167 1 0.000000
168 1 3.991400
169 1 0.000000
170 1 12.951700
171 1 0.000000
172 1 0.256100
173 1 96.900900
174 1 81.171600
175 1 77.214900
176 1 70.335300
177 1 74.843600
178 1 90.096000
179 1 100.060000
180 1 92.478500
181 1 87.337100
182 1 0.000000
183 1 0.105000
184 1 0.000000
185 1 0.275500
186 1 0.000000
187 1 0.917400
188 1 0.000000
189 1 0.001100
190 1 0.000000
191 1 0.000000
192 1 0.000000
193 1 0.000000
194 1 64.701700
195 1 83.816400
196 1 66.503600
197 1 55.865000
198 1 0.000000
199 1 0.000000
200 1 0.000000
201 1 0.000000
202 1 0.000000
203 1 0.000000
204 1 0.000000
205 1 0.000000
206 1 0.000000
207 1 0.000000
208 1 1.682470
209 1 4.567210
210 1 19.796300
211 1 6.150170
212 1 7.375060
213 1 9.648330
214 1 3.141020
215 1 0.000000
216 1 0.771413
217 1 0.449938
218 1 2.354560
219 1 0.666164
220 1 3.006720
221 1 0.000000
222 1 0.000000
223 1 166.155000
224 1 0.000000
225 1 0.000000
226 1 3.172510
227 1 0.695616
228 1 0.415144
229 1 0.465659
230 1 0.389346
231 1 0.261141
1 2 98.612200
2 2 87.590700
3 2 85.498700
4 2 83.438900
5 2 85.288000
6 2 84.257300
7 2 80.751700
8 2 80.565700
9 2 101.226000
10 2 113.155000
11 2 107.576000
12 2 79.157900
13 2 75.813300
14 2 74.395500
15 2 72.115100
16 2 71.039700
17 2 88.751200
18 2 93.549800
19 2 120.664000
20 2 117.871000
21 2 118.029000
22 2 112.603000
23 2 96.438000
24 2 79.212300
25 2 21.578400
26 2 16.721200
27 2 27.079300
28 2 33.332200
29 2 31.176200
30 2 32.899500
31 2 33.805800
32 2 29.923400
33 2 7.583190
34 2 6.699640
35 2 16.962000
36 2 64.576100
37 2 59.418200
38 2 57.122700
39 2 51.639700
40 2 50.929900
41 2 79.328500
42 2 59.249000
43 2 31.878100
44 2 0.050125
45 2 1.084330
46 2 12.317200
47 2 22.154100
48 2 22.760800
49 2 84.632000
50 2 67.160400
51 2 63.200900
52 2 59.095500
53 2 59.966700
54 2 57.206900
55 2 62.815200
56 2 65.643600
57 2 88.132700
58 2 99.854500
59 2 104.650000
60 2 87.524300
61 2 86.437500
62 2 85.960900
63 2 88.362000
64 2 92.800600
65 2 104.062000
66 2 116.708000
67 2 154.297000
68 2 147.694000
69 2 150.498000
70 2 118.268000
71 2 100.255000
72 2 94.408700
73 2 82.570700
74 2 68.916600
75 2 71.304500
76 2 71.852700
77 2 71.244700
78 2 66.394400
79 2 58.846300
80 2 59.678000
81 2 69.920600
82 2 70.049600
83 2 61.552100
84 2 47.043200
85 2 55.146200
86 2 65.954700
87 2 69.159900
88 2 63.932200
89 2 78.440700
90 2 98.325500
91 2 129.913000
92 2 126.256000
93 2 122.055000
94 2 95.830300
95 2 86.276500
96 2 79.468500
97 2 0.081434
98 2 0.000000
99 2 0.000085
100 2 0.000000
101 2 88.340800
102 2 54.168800
103 2 47.703100
104 2 43.484200
105 2 39.762900
106 2 36.286500
107 2 43.054300
108 2 51.643200
109 2 54.856800
110 2 51.319100
111 2 56.015500
112 2 46.041000
113 2 39.554300
114 2 39.718200
115 2 43.064000
116 2 41.471000
117 2 68.697100
118 2 75.599000
119 2 95.951300
120 2 91.279300
121 2 0.000000
122 2 0.000000
123 2 0.000000
124 2 0.000000
125 2 0.023647
126 2 0.000000
127 2 64.560600
128 2 69.404100
129 2 86.617500
130 2 89.234200
131 2 107.870000
132 2 113.188000
133 2 112.372000
134 2 107.017000
135 2 98.688500
136 2 90.576000
137 2 87.554200
138 2 82.896800
139 2 80.447800
140 2 91.095500
141 2 88.363200
142 2 85.042000
143 2 87.561500
144 2 0.122135
145 2 0.000000
146 2 0.203704
147 2 0.000000
148 2 0.227171
149 2 0.047700
150 2 0.193364
151 2 0.046300
152 2 84.918300
153 2 67.257000
154 2 79.579800
155 2 71.662400
156 2 65.290700
157 2 65.607400
158 2 53.852900
159 2 50.559700
160 2 48.390500
161 2 62.117800
162 2 97.145900
163 2 102.258000
164 2 104.283000
165 2 0.072724
166 2 0.395800
167 2 0.006814
168 2 2.426700
169 2 0.001101
170 2 1.408800
171 2 0.011645
172 2 0.200700
173 2 102.386000
174 2 65.821700
175 2 61.243300
176 2 59.041400
177 2 59.877700
178 2 117.615000
179 2 129.497000
180 2 124.475000
181 2 117.864000
182 2 0.014535
183 2 0.114600
184 2 0.017434
185 2 1.622800
186 2 0.044486
187 2 0.122100
188 2 0.000000
189 2 0.002300
190 2 0.000000
191 2 0.000000
192 2 0.000000
193 2 0.000000
194 2 61.674700
195 2 49.977000
196 2 108.203000
197 2 76.600800
198 2 0.000000
199 2 0.000000
200 2 0.000000
201 2 0.000000
202 2 0.000000
203 2 0.000000
204 2 0.000000
205 2 0.000000
206 2 0.024112
207 2 0.000000
208 2 1.238650
209 2 3.843080
210 2 22.766600
211 2 5.421670
212 2 4.263600
213 2 6.572500
214 2 2.335430
215 2 0.000000
216 2 0.699199
217 2 1.052330
218 2 0.462976
219 2 0.774535
220 2 1.544820
221 2 0.605285
222 2 0.503804
223 2 113.243000
224 2 41.397900
225 2 0.038631
226 2 0.566133
227 2 0.553604
228 2 0.829337
229 2 0.461122
230 2 0.378669
231 2 0.268801
1 3 51.865800
2 3 60.438900
3 3 56.518000
4 3 55.331000
5 3 57.410100
6 3 85.665800
7 3 81.213700
8 3 84.565900
9 3 111.142000
10 3 117.448000
11 3 111.848000
12 3 89.615400
13 3 79.036000
14 3 84.992800
15 3 76.574000
16 3 68.762600
17 3 69.025200
18 3 92.671700
19 3 103.900000
20 3 114.290000
21 3 109.255000
22 3 117.428000
23 3 107.418000
24 3 90.308100
25 3 22.823600
26 3 26.139900
27 3 32.782100
28 3 30.586900
29 3 29.615000
30 3 32.146500
31 3 32.383800
32 3 34.285800
33 3 25.442400
34 3 43.828300
35 3 55.497100
36 3 86.578100
37 3 85.748900
38 3 85.204200
39 3 78.504700
40 3 81.397800
41 3 79.508400
42 3 82.236300
43 3 48.251600
44 3 0.000000
45 3 0.000000
46 3 16.251000
47 3 21.579500
48 3 21.713800
49 3 50.204700
50 3 56.075900
51 3 55.236100
52 3 47.202000
53 3 41.797800
54 3 65.608200
55 3 64.363700
56 3 73.914500
57 3 104.778000
58 3 116.367000
59 3 115.110000
60 3 100.493000
61 3 94.010600
62 3 98.127000
63 3 93.798700
64 3 89.464200
65 3 100.029000
66 3 115.356000
67 3 125.811000
68 3 126.740000
69 3 117.764000
70 3 106.510000
71 3 96.327600
72 3 89.794500
73 3 56.621400
74 3 63.179600
75 3 69.852500
76 3 61.431200
77 3 58.560300
78 3 75.848500
79 3 74.701800
80 3 83.842400
81 3 102.708000
82 3 105.094000
83 3 95.041400
84 3 78.677000
85 3 80.212900
86 3 88.205900
87 3 91.377600
88 3 82.790600
89 3 93.168500
90 3 107.332000
91 3 128.199000
92 3 129.362000
93 3 119.466000
94 3 108.347000
95 3 99.721700
96 3 95.919000
97 3 0.105399
98 3 0.000000
99 3 0.058735
100 3 0.000000
101 3 48.498600
102 3 47.182800
103 3 54.361500
104 3 41.512400
105 3 35.318000
106 3 55.378500
107 3 62.227100
108 3 68.338500
109 3 87.454800
110 3 89.560100
111 3 78.787200
112 3 67.316700
113 3 57.373200
114 3 51.653300
115 3 48.886600
116 3 41.085600
117 3 40.994800
118 3 49.977000
119 3 69.706300
120 3 80.565500
121 3 0.210559
122 3 0.000000
123 3 0.260930
124 3 0.000000
125 3 0.359055
126 3 0.000000
127 3 57.208900
128 3 61.668100
129 3 68.756600
130 3 84.588100
131 3 96.966800
132 3 106.312000
133 3 101.530000
134 3 86.948800
135 3 85.315800
136 3 83.972900
137 3 78.095400
138 3 81.372200
139 3 93.215000
140 3 113.337000
141 3 101.057000
142 3 100.284000
143 3 114.990000
144 3 0.162681
145 3 0.000000
146 3 0.261151
147 3 0.000000
148 3 0.343839
149 3 0.009900
150 3 0.369325
151 3 0.315000
152 3 89.326200
153 3 87.162000
154 3 46.727700
155 3 59.837200
156 3 58.147500
157 3 65.837600
158 3 68.708200
159 3 71.553900
160 3 65.243400
161 3 53.646300
162 3 78.278700
163 3 104.607000
164 3 103.941000
165 3 0.343854
166 3 4.309100
167 3 0.303612
168 3 0.023900
169 3 0.262521
170 3 0.644400
171 3 0.218729
172 3 18.724000
173 3 67.951800
174 3 64.175200
175 3 59.945600
176 3 59.477100
177 3 79.276400
178 3 104.960000
179 3 122.121000
180 3 97.938500
181 3 126.487000
182 3 0.183510
183 3 0.179000
184 3 0.178150
185 3 0.174700
186 3 0.164161
187 3 0.034700
188 3 0.113360
189 3 0.003100
190 3 0.046849
191 3 0.000000
192 3 0.037474
193 3 0.000000
194 3 99.746100
195 3 95.622500
196 3 93.868100
197 3 58.540200
198 3 0.017277
199 3 0.000000
200 3 0.000000
201 3 0.000000
202 3 0.004323
203 3 0.000000
204 3 0.004799
205 3 0.000000
206 3 0.042980
207 3 0.000000
208 3 0.962741
209 3 3.867140
210 3 4.831200
211 3 5.443540
212 3 3.137620
213 3 8.373370
214 3 2.970440
215 3 0.000000
216 3 0.700281
217 3 0.886871
218 3 1.256050
219 3 0.772543
220 3 1.088850
221 3 0.000000
222 3 0.579368
223 3 149.078000
224 3 0.000000
225 3 0.000000
226 3 0.400124
227 3 0.380764
228 3 0.339359
229 3 0.302246
230 3 0.162941
231 3 0.000000
1 4 89.271700
2 4 89.498200
3 4 78.280800
4 4 74.030800
5 4 72.880500
6 4 72.438900
7 4 82.146300
8 4 73.953100
9 4 101.024000
10 4 111.401000
11 4 98.753500
12 4 91.165600
13 4 84.641200
14 4 79.077100
15 4 75.962600
16 4 79.121200
17 4 81.621100
18 4 104.672000
19 4 129.196000
20 4 137.622000
21 4 121.788000
22 4 113.064000
23 4 102.882000
24 4 89.802500
25 4 16.302600
26 4 25.227800
27 4 32.109900
28 4 33.932700
29 4 33.611500
30 4 32.626400
31 4 34.144900
32 4 26.359800
33 4 13.380000
34 4 34.056100
35 4 62.638000
36 4 92.293400
37 4 103.240000
38 4 87.430500
39 4 87.018100
40 4 72.972400
41 4 89.377000
42 4 86.342900
43 4 54.608700
44 4 15.584500
45 4 14.355400
46 4 23.701300
47 4 24.400500
48 4 39.875300
49 4 75.852700
50 4 80.523400
51 4 73.531800
52 4 66.243700
53 4 61.273800
54 4 55.768100
55 4 68.615800
56 4 73.563500
57 4 113.437000
58 4 123.511000
59 4 111.005000
60 4 100.789000
61 4 97.913400
62 4 91.111600
63 4 95.537300
64 4 102.288000
65 4 112.398000
66 4 129.369000
67 4 143.700000
68 4 146.903000
69 4 122.898000
70 4 104.555000
71 4 95.613300
72 4 86.626200
73 4 66.341200
74 4 85.049800
75 4 82.816900
76 4 84.026500
77 4 78.092800
78 4 73.781500
79 4 67.620800
80 4 81.916300
81 4 104.526000
82 4 103.743000
83 4 83.426800
84 4 69.433200
85 4 79.580600
86 4 84.588300
87 4 88.832000
88 4 85.636900
89 4 98.489100
90 4 109.847000
91 4 127.939000
92 4 134.486000
93 4 109.604000
94 4 90.106300
95 4 90.262200
96 4 85.154300
97 4 0.127407
98 4 0.000000
99 4 0.084714
100 4 0.000000
101 4 51.571300
102 4 45.481700
103 4 41.773700
104 4 44.379600
105 4 41.226400
106 4 37.698300
107 4 38.190100
108 4 37.042600
109 4 39.827000
110 4 52.233000
111 4 45.022800
112 4 46.151700
113 4 36.077400
114 4 27.560300
115 4 20.201800
116 4 20.201500
117 4 29.698100
118 4 35.561000
119 4 26.625200
120 4 41.774100
121 4 0.000000
122 4 0.000000
123 4 0.000000
124 4 0.000000
125 4 0.000000
126 4 0.000000
127 4 71.739400
128 4 97.026700
129 4 90.846400
130 4 78.020500
131 4 88.385800
132 4 95.544800
133 4 102.267000
134 4 97.572700
135 4 99.920400
136 4 98.433700
137 4 95.225700
138 4 95.426200
139 4 99.624300
140 4 106.186000
141 4 116.038000
142 4 114.134000
143 4 110.007000
144 4 0.000000
145 4 0.000000
146 4 0.000000
147 4 0.000000
148 4 0.013862
149 4 0.004200
150 4 0.000000
151 4 0.150800
152 4 99.079000
153 4 93.747700
154 4 94.790700
155 4 79.697500
156 4 76.136400
157 4 68.951700
158 4 70.840200
159 4 65.977900
160 4 69.191600
161 4 78.918900
162 4 91.767200
163 4 108.966000
164 4 109.241000
165 4 0.000000
166 4 0.249200
167 4 0.000000
168 4 0.580200
169 4 0.000000
170 4 0.671000
171 4 0.000000
172 4 1.001800
173 4 79.536600
174 4 83.861200
175 4 81.789100
176 4 73.778100
177 4 79.734800
178 4 91.722400
179 4 116.102000
180 4 112.722000
181 4 115.908000
182 4 0.000000
183 4 1.713100
184 4 0.000000
185 4 1.465300
186 4 0.000000
187 4 0.007700
188 4 0.000000
189 4 0.003300
190 4 0.000000
191 4 0.000000
192 4 0.000000
193 4 0.000000
194 4 97.302200
195 4 62.545500
196 4 59.908100
197 4 44.831800
198 4 0.000000
199 4 0.000000
200 4 0.000000
201 4 0.000000
202 4 0.000000
203 4 0.000000
204 4 0.000000
205 4 0.000000
206 4 0.000000
207 4 0.000000
208 4 1.384160
209 4 5.800840
210 4 6.196410
211 4 7.535230
212 4 6.602670
213 4 8.872590
214 4 3.522690
215 4 1.674850
216 4 0.914224
217 4 0.443055
218 4 0.000000
219 4 0.025035
220 4 1.039910
221 4 0.000000
222 4 1.657830
223 4 194.399000
224 4 0.000000
225 4 0.000000
226 4 1.061010
227 4 0.463337
228 4 0.465958
229 4 0.436611
230 4 0.338973
231 4 0.238798
1 5 89.271700
2 5 89.498200
3 5 78.280800
4 5 74.030800
5 5 72.880500
6 5 72.438900
7 5 82.146300
8 5 73.953100
9 5 101.024000
10 5 111.401000
11 5 98.753500
12 5 91.165600
13 5 84.641200
14 5 79.077100
15 5 75.962600
16 5 79.121200
17 5 81.621100
18 5 104.672000
19 5 129.196000
20 5 137.622000
21 5 121.788000
22 5 113.064000
23 5 102.882000
24 5 89.802500
25 5 16.302600
26 5 25.227800
27 5 32.109900
28 5 33.932700
29 5 33.611500
30 5 32.626400
31 5 34.144900
32 5 26.359800
33 5 13.380000
34 5 34.056100
35 5 62.638000
36 5 92.293400
37 5 103.240000
38 5 87.430500
39 5 87.018100
40 5 72.972400
41 5 89.377000
42 5 86.342900
43 5 54.608700
44 5 15.584500
45 5 14.355400
46 5 23.701300
47 5 24.400500
48 5 39.875300
49 5 75.852700
50 5 80.523400
51 5 73.531800
52 5 66.243700
53 5 61.273800
54 5 55.768100
55 5 68.615800
56 5 73.563500
57 5 113.437000
58 5 123.511000
59 5 111.005000
60 5 100.789000
61 5 97.913400
62 5 91.111600
63 5 95.537300
64 5 102.288000
65 5 112.398000
66 5 129.369000
67 5 143.700000
68 5 146.903000
69 5 122.898000
70 5 104.555000
71 5 95.613300
72 5 86.626200
73 5 66.341200
74 5 85.049800
75 5 82.816900
76 5 84.026500
77 5 78.092800
78 5 73.781500
79 5 67.620800
80 5 81.916300
81 5 104.526000
82 5 103.743000
83 5 83.426800
84 5 69.433200
85 5 79.580600
86 5 84.588300
87 5 88.832000
88 5 85.636900
89 5 98.489100
90 5 109.847000
91 5 127.939000
92 5 134.486000
93 5 109.604000
94 5 90.106300
95 5 90.262200
96 5 85.154300
97 5 0.127407
98 5 0.000000
99 5 0.084714
100 5 0.000000
101 5 72.616700
102 5 57.923500
103 5 47.338900
104 5 47.127000
105 5 35.697700
106 5 34.899800
107 5 47.714600
108 5 60.366300
109 5 59.678000
110 5 59.572300
111 5 67.514800
112 5 60.579300
113 5 56.327200
114 5 50.344600
115 5 54.812500
116 5 54.356600
117 5 56.632700
118 5 62.393300
119 5 76.662300
120 5 86.466400
121 5 0.091320
122 5 0.000000
123 5 0.073009
124 5 0.000000
125 5 0.060823
126 5 0.000000
127 5 61.643100
128 5 73.784400
129 5 78.957200
130 5 91.211000
131 5 83.997600
132 5 67.672900
133 5 86.076300
134 5 88.345000
135 5 90.681100
136 5 98.403300
137 5 97.720800
138 5 86.492800
139 5 89.294200
140 5 100.972000
141 5 102.417000
142 5 105.457000
143 5 91.145800
144 5 0.103773
145 5 0.000000
146 5 0.112985
147 5 0.000000
148 5 0.120914
149 5 0.014800
150 5 0.086321
151 5 1.406100
152 5 86.958600
153 5 93.112500
154 5 75.970800
155 5 79.427000
156 5 84.362900
157 5 52.250900
158 5 57.925600
159 5 56.319700
160 5 53.153500
161 5 72.047200
162 5 97.002400
163 5 107.308000
164 5 109.770000
165 5 0.003681
166 5 3.350600
167 5 0.000000
168 5 0.360100
169 5 0.011633
170 5 0.989300
171 5 0.000000
172 5 1.136300
173 5 73.222500
174 5 77.658900
175 5 71.520800
176 5 52.941600
177 5 81.897700
178 5 106.666000
179 5 108.887000
180 5 105.804000
181 5 77.076000
182 5 0.000000
183 5 1.270600
184 5 0.000000
185 5 0.101900
186 5 0.000000
187 5 0.229000
188 5 0.000000
189 5 0.014000
190 5 0.000000
191 5 0.000000
192 5 0.000000
193 5 0.000000
194 5 68.554500
195 5 67.525700
196 5 57.474700
197 5 46.026000
198 5 0.000000
199 5 0.000000
200 5 0.000000
201 5 0.000000
202 5 0.000000
203 5 0.000000
204 5 0.000000
205 5 0.000000
206 5 0.000000
207 5 0.000000
208 5 1.431050
209 5 4.924320
210 5 12.306100
211 5 6.064550
212 5 7.121960
213 5 9.970510
214 5 3.091190
215 5 0.000000
216 5 0.170047
217 5 0.048493
218 5 0.000000
219 5 0.000000
220 5 0.000000
221 5 0.000000
222 5 1.801260
223 5 247.893000
224 5 24.793800
225 5 0.000000
226 5 1.241780
227 5 0.528951
228 5 0.784705
229 5 0.606567
230 5 0.510825
231 5 0.275785
1 6 51.865800
2 6 60.438900
3 6 56.518000
4 6 55.331000
5 6 57.410100
6 6 85.665800
7 6 81.213700
8 6 84.565900
9 6 111.142000
10 6 117.448000
11 6 111.848000
12 6 89.615400
13 6 79.036000
14 6 84.992800
15 6 76.574000
16 6 68.762600
17 6 69.025200
18 6 92.671700
19 6 103.900000
20 6 114.290000
21 6 109.255000
22 6 117.428000
23 6 107.418000
24 6 90.308100
25 6 22.823600
26 6 26.139900
27 6 32.782100
28 6 30.586900
29 6 29.615000
30 6 32.146500
31 6 32.383800
32 6 34.285800
33 6 25.442400
34 6 43.828300
35 6 55.497100
36 6 86.578100
37 6 85.748900
38 6 85.204200
39 6 78.504700
40 6 81.397800
41 6 79.508400
42 6 82.236300
43 6 48.251600
44 6 0.000000
45 6 0.000000
46 6 16.251000
47 6 21.579500
48 6 21.713800
49 6 50.204700
50 6 56.075900
51 6 55.236100
52 6 47.202000
53 6 41.797800
54 6 65.608200
55 6 64.363700
56 6 73.914500
57 6 104.778000
58 6 116.367000
59 6 115.110000
60 6 100.493000
61 6 94.010600
62 6 98.127000
63 6 93.798700
64 6 89.464200
65 6 100.029000
66 6 115.356000
67 6 125.811000
68 6 126.740000
69 6 117.764000
70 6 106.510000
71 6 96.327600
72 6 89.794500
73 6 74.788000
74 6 69.317800
75 6 76.437900
76 6 74.398300
77 6 69.744300
78 6 67.391600
79 6 71.568000
80 6 88.289500
81 6 98.396900
82 6 95.003000
83 6 85.262700
84 6 57.869000
85 6 74.972600
86 6 67.604500
87 6 62.638600
88 6 74.686400
89 6 86.933800
90 6 88.120400
91 6 126.238000
92 6 152.194000
93 6 143.827000
94 6 126.933000
95 6 112.935000
96 6 100.513000
97 6 0.088459
98 6 0.000000
99 6 0.010858
100 6 0.000000
101 6 79.342700
102 6 62.251300
103 6 54.279400
104 6 51.433100
105 6 49.526800
106 6 52.876000
107 6 75.411600
108 6 85.310000
109 6 76.196800
110 6 65.598100
111 6 75.420000
112 6 46.136900
113 6 44.620400
114 6 33.378000
115 6 24.768500
116 6 31.706900
117 6 34.804800
118 6 25.702800
119 6 55.065800
120 6 82.118200
121 6 0.007536
122 6 0.000000
123 6 0.008941
124 6 0.000000
125 6 0.031530
126 6 0.000000
127 6 81.452700
128 6 74.809500
129 6 94.198900
130 6 103.687000
131 6 102.712000
132 6 98.178600
133 6 88.021700
134 6 87.935500
135 6 84.858400
136 6 89.980000
137 6 84.220700
138 6 83.194800
139 6 86.200600
140 6 88.957500
141 6 98.424600
142 6 96.993000
143 6 116.685000
144 6 0.098655
145 6 0.000000
146 6 0.135187
147 6 0.000000
148 6 0.152715
149 6 0.019800
150 6 0.150242
151 6 0.168100
152 6 120.645000
153 6 75.687300
154 6 62.524600
155 6 58.605200
156 6 43.337200
157 6 33.240300
158 6 24.741500
159 6 23.331900
160 6 24.705200
161 6 38.935600
162 6 46.444800
163 6 62.335000
164 6 62.489700
165 6 0.129180
166 6 0.330300
167 6 0.121921
168 6 0.728100
169 6 0.123898
170 6 0.089600
171 6 0.109384
172 6 0.146100
173 6 52.228900
174 6 59.287400
175 6 44.658100
176 6 44.664400
177 6 55.014700
178 6 86.819200
179 6 89.078900
180 6 114.419000
181 6 130.592000
182 6 0.095494
183 6 2.187700
184 6 0.081431
185 6 3.060900
186 6 0.067779
187 6 0.131200
188 6 0.051903
189 6 0.006500
190 6 0.029493
191 6 0.000000
192 6 0.000501
193 6 0.000000
194 6 106.167000
195 6 109.364000
196 6 104.207000
197 6 43.549000
198 6 0.000000
199 6 0.000000
200 6 0.000000
201 6 0.000000
202 6 0.000000
203 6 0.000000
204 6 0.000000
205 6 0.000000
206 6 0.000000
207 6 0.000000
208 6 1.545620
209 6 4.978600
210 6 10.182000
211 6 5.912850
212 6 5.589370
213 6 8.771460
214 6 3.401870
215 6 0.782959
216 6 0.857619
217 6 1.039510
218 6 0.555315
219 6 0.000000
220 6 0.925518
221 6 0.405859
222 6 0.000000
223 6 121.877000
224 6 0.000000
225 6 0.000000
226 6 0.000000
227 6 0.198530
228 6 0.051566
229 6 0.635560
230 6 0.411790
231 6 0.153243
1 7 98.612200
2 7 87.590700
3 7 85.498700
4 7 83.438900
5 7 85.288000
6 7 84.257300
7 7 80.751700
8 7 80.565700
9 7 101.226000
10 7 113.155000
11 7 107.576000
12 7 79.157900
13 7 75.813300
14 7 74.395500
15 7 72.115100
16 7 71.039700
17 7 88.751200
18 7 93.549800
19 7 120.664000
20 7 117.871000
21 7 118.029000
22 7 112.603000
23 7 96.438000
24 7 79.212300
25 7 21.578400
26 7 16.721200
27 7 27.079300
28 7 33.332200
29 7 31.176200
30 7 32.899500
31 7 33.805800
32 7 29.923400
33 7 7.583190
34 7 6.699640
35 7 16.962000
36 7 64.576100
37 7 59.418200
38 7 57.122700
39 7 51.639700
40 7 50.929900
41 7 79.328500
42 7 59.249000
43 7 31.878100
44 7 0.050125
45 7 1.084330
46 7 12.317200
47 7 22.154100
48 7 22.760800
49 7 84.632000
50 7 67.160400
51 7 63.200900
52 7 59.095500
53 7 59.966700
54 7 57.206900
55 7 62.815200
56 7 65.643600
57 7 88.132700
58 7 99.854500
59 7 104.650000
60 7 87.524300
61 7 86.437500
62 7 85.960900
63 7 88.362000
64 7 92.800600
65 7 104.062000
66 7 116.708000
67 7 154.297000
68 7 147.694000
69 7 150.498000
70 7 118.268000
71 7 100.255000
72 7 94.408700
73 7 82.570700
74 7 68.916600
75 7 71.304500
76 7 71.852700
77 7 71.244700
78 7 66.394400
79 7 58.846300
80 7 59.678000
81 7 69.920600
82 7 70.049600
83 7 61.552100
84 7 47.043200
85 7 55.146200
86 7 65.954700
87 7 69.159900
88 7 63.932200
89 7 78.440700
90 7 98.325500
91 7 129.913000
92 7 126.256000
93 7 122.055000
94 7 95.830300
95 7 86.276500
96 7 79.468500
97 7 0.081434
98 7 0.000000
99 7 0.000085
100 7 0.000000
101 7 88.340800
102 7 54.168800
103 7 47.703100
104 7 43.484200
105 7 39.762900
106 7 36.286500
107 7 43.054300
108 7 51.643200
109 7 54.856800
110 7 51.319100
111 7 56.015500
112 7 46.041000
113 7 39.554300
114 7 39.718200
115 7 43.064000
116 7 41.471000
117 7 68.697100
118 7 75.599000
119 7 95.951300
120 7 91.279300
121 7 0.000000
122 7 0.000000
123 7 0.000000
124 7 0.000000
125 7 0.023647
126 7 0.000000
127 7 64.560600
128 7 69.404100
129 7 86.617500
130 7 89.234200
131 7 107.870000
132 7 113.188000
133 7 112.372000
134 7 107.017000
135 7 98.688500
136 7 90.576000
137 7 87.554200
138 7 82.896800
139 7 80.447800
140 7 91.095500
141 7 88.363200
142 7 85.042000
143 7 87.561500
144 7 0.122135
145 7 0.000000
146 7 0.203704
147 7 0.000000
148 7 0.227171
149 7 0.047700
150 7 0.193364
151 7 0.046300
152 7 84.918300
153 7 67.257000
154 7 79.579800
155 7 71.662400
156 7 65.290700
157 7 65.607400
158 7 53.852900
159 7 50.559700
160 7 48.390500
161 7 62.117800
162 7 97.145900
163 7 102.258000
164 7 104.283000
165 7 0.072724
166 7 0.395800
167 7 0.006814
168 7 2.426700
169 7 0.001101
170 7 1.408800
171 7 0.011645
172 7 0.200700
173 7 102.386000
174 7 65.821700
175 7 61.243300
176 7 59.041400
177 7 59.877700
178 7 117.615000
179 7 129.497000
180 7 124.475000
181 7 117.864000
182 7 0.014535
183 7 0.114600
184 7 0.017434
185 7 1.622800
186 7 0.044486
187 7 0.122100
188 7 0.000000
189 7 0.002300
190 7 0.000000
191 7 0.000000
192 7 0.000000
193 7 0.000000
194 7 61.674700
195 7 49.977000
196 7 108.203000
197 7 76.600800
198 7 0.000000
199 7 0.000000
200 7 0.000000
201 7 0.000000
202 7 0.000000
203 7 0.000000
204 7 0.000000
205 7 0.000000
206 7 0.024112
207 7 0.000000
208 7 1.238650
209 7 3.843080
210 7 22.766600
211 7 5.421670
212 7 4.263600
213 7 6.572500
214 7 2.335430
215 7 0.000000
216 7 0.699199
217 7 1.052330
218 7 0.462976
219 7 0.774535
220 7 1.544820
221 7 0.605285
222 7 0.503804
223 7 113.243000
224 7 41.397900
225 7 0.038631
226 7 0.566133
227 7 0.553604
228 7 0.829337
229 7 0.461122
230 7 0.378669
231 7 0.268801
1 8 89.271700
2 8 89.498200
3 8 78.280800
4 8 74.030800
5 8 72.880500
6 8 72.438900
7 8 82.146300
8 8 73.953100
9 8 101.024000
10 8 111.401000
11 8 98.753500
12 8 91.165600
13 8 84.641200
14 8 79.077100
15 8 75.962600
16 8 79.121200
17 8 81.621100
18 8 104.672000
19 8 129.196000
20 8 137.622000
21 8 121.788000
22 8 113.064000
23 8 102.882000
24 8 89.802500
25 8 16.302600
26 8 25.227800
27 8 32.109900
28 8 33.932700
29 8 33.611500
30 8 32.626400
31 8 34.144900
32 8 26.359800
33 8 13.380000
34 8 34.056100
35 8 62.638000
36 8 92.293400
37 8 103.240000
38 8 87.430500
39 8 87.018100
40 8 72.972400
41 8 89.377000
42 8 86.342900
43 8 54.608700
44 8 15.584500
45 8 14.355400
46 8 23.701300
47 8 24.400500
48 8 39.875300
49 8 68.229200
50 8 56.977000
51 8 49.315700
52 8 47.997200
53 8 45.389900
54 8 43.978900
55 8 59.502700
56 8 65.203500
57 8 97.561900
58 8 115.677000
59 8 107.080000
60 8 100.127000
61 8 96.496700
62 8 93.851800
63 8 97.309400
64 8 109.161000
65 8 124.203000
66 8 129.267000
67 8 151.981000
68 8 166.492000
69 8 154.382000
70 8 138.965000
71 8 117.164000
72 8 104.734000
73 8 71.609800
74 8 77.787500
75 8 75.276500
76 8 79.840100
77 8 75.130500
78 8 81.577500
79 8 82.954300
80 8 76.873700
81 8 92.038000
82 8 92.381900
83 8 76.438200
84 8 69.555100
85 8 76.936300
86 8 80.087600
87 8 83.824700
88 8 85.655400
89 8 98.018500
90 8 107.626000
91 8 135.030000
92 8 153.996000
93 8 138.130000
94 8 119.526000
95 8 103.268000
96 8 91.284000
97 8 0.080431
98 8 0.000000
99 8 0.002907
100 8 0.000000
101 8 60.461300
102 8 50.662900
103 8 53.253400
104 8 55.144800
105 8 41.086700
106 8 47.667100
107 8 68.706100
108 8 83.492000
109 8 102.229000
110 8 94.694900
111 8 96.776700
112 8 89.389600
113 8 87.109900
114 8 86.704600
115 8 86.119600
116 8 89.996300
117 8 89.731700
118 8 82.340600
119 8 106.261000
120 8 120.956000
121 8 0.000000
122 8 0.000000
123 8 0.000000
124 8 0.000000
125 8 0.000000
126 8 0.000000
127 8 83.931200
128 8 84.481300
129 8 100.546000
130 8 109.731000
131 8 126.533000
132 8 115.091000
133 8 100.206000
134 8 103.837000
135 8 101.213000
136 8 104.761000
137 8 99.391500
138 8 76.761600
139 8 81.684000
140 8 91.260900
141 8 78.441000
142 8 76.499900
143 8 68.024600
144 8 0.022056
145 8 0.000000
146 8 0.055525
147 8 0.000000
148 8 0.043128
149 8 0.029300
150 8 0.000000
151 8 0.460200
152 8 126.602000
153 8 126.260000
154 8 63.595300
155 8 80.566200
156 8 36.529000
157 8 35.184700
158 8 19.642300
159 8 13.014200
160 8 22.300400
161 8 30.490600
162 8 47.166300
163 8 71.524000
164 8 96.358400
165 8 0.000000
166 8 2.897300
167 8 0.000000
168 8 1.569800
169 8 0.000000
170 8 0.301000
171 8 0.000000
172 8 0.508600
173 8 87.591200
174 8 91.074400
175 8 92.103800
176 8 55.019100
177 8 58.278100
178 8 72.174000
179 8 88.772000
180 8 90.596300
181 8 90.876400
182 8 0.000000
183 8 0.297800
184 8 0.000000
185 8 1.549900
186 8 0.000000
187 8 0.059300
188 8 0.000000
189 8 0.007200
190 8 0.000000
191 8 0.000000
192 8 0.000000
193 8 0.000000
194 8 76.633900
195 8 84.941100
196 8 73.826700
197 8 43.000100
198 8 0.000000
199 8 0.000000
200 8 0.000000
201 8 0.000000
202 8 0.000000
203 8 0.000000
204 8 0.000000
205 8 0.000000
206 8 0.000000
207 8 0.000000
208 8 1.746480
209 8 5.737780
210 8 16.241700
211 8 7.622130
212 8 6.009270
213 8 10.350400
214 8 3.538180
215 8 4.248920
216 8 0.936211
217 8 0.549938
218 8 1.299060
219 8 0.964771
220 8 1.994480
221 8 0.000000
222 8 0.886701
223 8 230.220000
224 8 0.000000
225 8 0.000000
226 8 0.926012
227 8 0.473967
228 8 0.558388
229 8 0.427494
230 8 0.168869
231 8 0.055428
1 9 51.865800
2 9 60.438900
3 9 56.518000
4 9 55.331000
5 9 57.410100
6 9 85.665800
7 9 81.213700
8 9 84.565900
9 9 111.142000
10 9 117.448000
11 9 111.848000
12 9 89.615400
13 9 79.036000
14 9 84.992800
15 9 76.574000
16 9 68.762600
17 9 69.025200
18 9 92.671700
19 9 103.900000
20 9 114.290000
21 9 109.255000
22 9 117.428000
23 9 107.418000
24 9 90.308100
25 9 22.823600
26 9 26.139900
27 9 32.782100
28 9 30.586900
29 9 29.615000
30 9 32.146500
31 9 32.383800
32 9 34.285800
33 9 25.442400
34 9 43.828300
35 9 55.497100
36 9 86.578100
37 9 85.748900
38 9 85.204200
39 9 78.504700
40 9 81.397800
41 9 79.508400
42 9 82.236300
43 9 48.251600
44 9 0.000000
45 9 0.000000
46 9 16.251000
47 9 21.579500
48 9 21.713800
49 9 50.204700
50 9 56.075900
51 9 55.236100
52 9 47.202000
53 9 41.797800
54 9 65.608200
55 9 64.363700
56 9 73.914500
57 9 104.778000
58 9 116.367000
59 9 115.110000
60 9 100.493000
61 9 94.010600
62 9 98.127000
63 9 93.798700
64 9 89.464200
65 9 100.029000
66 9 115.356000
67 9 125.811000
68 9 126.740000
69 9 117.764000
70 9 106.510000
71 9 96.327600
72 9 89.794500
73 9 56.621400
74 9 63.179600
75 9 69.852500
76 9 61.431200
77 9 58.560300
78 9 75.848500
79 9 74.701800
80 9 83.842400
81 9 102.708000
82 9 105.094000
83 9 95.041400
84 9 78.677000
85 9 80.212900
86 9 88.205900
87 9 91.377600
88 9 82.790600
89 9 93.168500
90 9 107.332000
91 9 128.199000
92 9 129.362000
93 9 119.466000
94 9 108.347000
95 9 99.721700
96 9 95.919000
97 9 0.105399
98 9 0.000000
99 9 0.058735
100 9 0.000000
101 9 70.994900
102 9 61.006900
103 9 59.560900
104 9 57.572000
105 9 44.619100
106 9 45.473400
107 9 68.024700
108 9 76.184200
109 9 96.433900
110 9 98.778100
111 9 92.310300
112 9 88.595300
113 9 87.750300
114 9 81.801300
115 9 74.963100
116 9 75.264300
117 9 76.661600
118 9 90.075800
119 9 98.032200
120 9 118.149000
121 9 0.042641
122 9 0.000000
123 9 0.051894
124 9 0.000000
125 9 0.084781
126 9 0.000000
127 9 71.777600
128 9 71.807700
129 9 86.934900
130 9 105.349000
131 9 101.348000
132 9 109.529000
133 9 105.540000
134 9 108.394000
135 9 107.450000
136 9 100.930000
137 9 100.117000
138 9 102.198000
139 9 99.040300
140 9 110.009000
141 9 116.867000
142 9 120.331000
143 9 110.700000
144 9 0.157040
145 9 0.000000
146 9 0.177629
147 9 0.000000
148 9 0.225744
149 9 0.050200
150 9 0.233914
151 9 0.269400
152 9 70.417500
153 9 64.582400
154 9 63.017800
155 9 68.092600
156 9 54.011200
157 9 50.708800
158 9 52.286600
159 9 52.261000
160 9 50.509000
161 9 54.468000
162 9 67.989700
163 9 132.174000
164 9 127.628000
165 9 0.164134
166 9 2.163100
167 9 0.123194
168 9 0.052900
169 9 0.119062
170 9 0.046600
171 9 0.119798
172 9 0.422700
173 9 72.664100
174 9 58.811000
175 9 55.238200
176 9 54.531100
177 9 73.820600
178 9 91.623500
179 9 95.018100
180 9 84.719100
181 9 78.628300
182 9 0.124265
183 9 0.061900
184 9 0.154134
185 9 0.369700
186 9 0.183339
187 9 0.037900
188 9 0.184026
189 9 0.026500
190 9 0.143395
191 9 0.000000
192 9 0.128680
193 9 0.000000
194 9 103.414000
195 9 105.612000
196 9 101.619000
197 9 53.191100
198 9 0.126681
199 9 0.000000
200 9 0.136863
201 9 0.000000
202 9 0.146012
203 9 0.000000
204 9 0.146569
205 9 0.000000
206 9 0.217253
207 9 0.000000
208 9 1.488730
209 9 4.512100
210 9 9.461940
211 9 6.658580
212 9 4.975950
213 9 10.061200
214 9 3.188330
215 9 0.000127
216 9 0.904638
217 9 1.233840
218 9 3.029940
219 9 2.702950
220 9 4.039280
221 9 0.000000
222 9 0.000000
223 9 123.170000
224 9 0.000000
225 9 0.000000
226 9 0.000000
227 9 0.469442
228 9 0.427917
229 9 0.505082
230 9 0.427101
231 9 0.329268
1 10 89.271700
2 10 89.498200
3 10 78.280800
4 10 74.030800
5 10 72.880500
6 10 72.438900
7 10 82.146300
8 10 73.953100
9 10 101.024000
10 10 111.401000
11 10 98.753500
12 10 91.165600
13 10 84.641200
14 10 79.077100
15 10 75.962600
16 10 79.121200
17 10 81.621100
18 10 104.672000
19 10 129.196000
20 10 137.622000
21 10 121.788000
22 10 113.064000
23 10 102.882000
24 10 89.802500
25 10 16.302600
26 10 25.227800
27 10 32.109900
28 10 33.932700
29 10 33.611500
30 10 32.626400
31 10 34.144900
32 10 26.359800
33 10 13.380000
34 10 34.056100
35 10 62.638000
36 10 92.293400
37 10 103.240000
38 10 87.430500
39 10 87.018100
40 10 72.972400
41 10 89.377000
42 10 86.342900
43 10 54.608700
44 10 15.584500
45 10 14.355400
46 10 23.701300
47 10 24.400500
48 10 39.875300
49 10 68.229200
50 10 56.977000
51 10 49.315700
52 10 47.997200
53 10 45.389900
54 10 43.978900
55 10 59.502700
56 10 65.203500
57 10 97.561900
58 10 115.677000
59 10 107.080000
60 10 100.127000
61 10 96.496700
62 10 93.851800
63 10 97.309400
64 10 109.161000
65 10 124.203000
66 10 129.267000
67 10 151.981000
68 10 166.492000
69 10 154.382000
70 10 138.965000
71 10 117.164000
72 10 104.734000
73 10 71.609800
74 10 77.787500
75 10 75.276500
76 10 79.840100
77 10 75.130500
78 10 81.577500
79 10 82.954300
80 10 76.873700
81 10 92.038000
82 10 92.381900
83 10 76.438200
84 10 69.555100
85 10 76.936300
86 10 80.087600
87 10 83.824700
88 10 85.655400
89 10 98.018500
90 10 107.626000
91 10 135.030000
92 10 153.996000
93 10 138.130000
94 10 119.526000
95 10 103.268000
96 10 91.284000
97 10 0.080431
98 10 0.000000
99 10 0.002907
100 10 0.000000
101 10 60.461300
102 10 50.662900
103 10 53.253400
104 10 55.144800
105 10 41.086700
106 10 47.667100
107 10 68.706100
108 10 83.492000
109 10 102.229000
110 10 94.694900
111 10 96.776700
112 10 89.389600
113 10 87.109900
114 10 86.704600
115 10 86.119600
116 10 89.996300
117 10 89.731700
118 10 82.340600
119 10 106.261000
120 10 120.956000
121 10 0.000000
122 10 0.000000
123 10 0.000000
124 10 0.000000
125 10 0.000000
126 10 0.000000
127 10 83.931200
128 10 84.481300
129 10 100.546000
130 10 109.731000
131 10 126.533000
132 10 115.091000
133 10 100.206000
134 10 103.837000
135 10 101.213000
136 10 104.761000
137 10 99.391500
138 10 76.761600
139 10 81.684000
140 10 91.260900
141 10 78.441000
142 10 76.499900
143 10 68.024600
144 10 0.022056
145 10 0.000000
146 10 0.055525
147 10 0.000000
148 10 0.043128
149 10 0.029300
150 10 0.000000
151 10 0.460200
152 10 126.602000
153 10 126.260000
154 10 63.595300
155 10 80.566200
156 10 36.529000
157 10 35.184700
158 10 19.642300
159 10 13.014200
160 10 22.300400
161 10 30.490600
162 10 47.166300
163 10 71.524000
164 10 96.358400
165 10 0.000000
166 10 2.897300
167 10 0.000000
168 10 1.569800
169 10 0.000000
170 10 0.301000
171 10 0.000000
172 10 0.508600
173 10 87.591200
174 10 91.074400
175 10 92.103800
176 10 55.019100
177 10 58.278100
178 10 72.174000
179 10 88.772000
180 10 90.596300
181 10 90.876400
182 10 0.000000
183 10 0.297800
184 10 0.000000
185 10 1.549900
186 10 0.000000
187 10 0.059300
188 10 0.000000
189 10 0.007200
190 10 0.000000
191 10 0.000000
192 10 0.000000
193 10 0.000000
194 10 76.633900
195 10 84.941100
196 10 73.826700
197 10 43.000100
198 10 0.000000
199 10 0.000000
200 10 0.000000
201 10 0.000000
202 10 0.143573
203 10 0.000000
204 10 0.149136
205 10 0.000000
206 10 0.186221
207 10 0.000000
208 10 1.653950
209 10 5.264560
210 10 8.763800
211 10 6.264420
212 10 5.147940
213 10 9.091470
214 10 4.104150
215 10 0.000000
216 10 0.767781
217 10 0.649723
218 10 0.554068
219 10 0.313727
220 10 1.778670
221 10 3.089350
222 10 0.238354
223 10 0.000000
224 10 70.656600
225 10 2.731400
226 10 0.801106
227 10 0.307757
228 10 0.457253
229 10 0.463008
230 10 0.425799
231 10 0.229124
;

param Prob0 :=
1	0.100
2	0.000
3	0.100
4	0.100
5	0.100
6	0.100
7	0.200
8	0.100
9	0.100
10	0.100
;
set c[0,5] := 5 1 2 3 4 6 7 8 9 10;
set c[1,5] := 5 4 8 10;
set c[1,7] := 7 2;
set c[1,3] := 3 1 6 9;
set c[2,7] := 7 2;
set c[2,1] := 1 3 6 9;
set c[2,4] := 4 5 8 10;
set c[3,3] := 3 1 6 9;
set c[3,8] := 8 10;
set c[3,5] := 5 4;
set c[3,7] := 7 2;
set c[4,8] := 8 10;
set c[4,5] := 5 4;
set c[4,7] := 7 2;
set c[4,3] := 3 1 9;
set c[4,6] := 6;
set c[5,9] := 9 3 1;
set c[5,6] := 6;
set c[5,5] := 5 4;
set c[5,7] := 7 2;
set c[5,8] := 8 10;
set c[6,5] := 5 4;
set c[6,6] := 6;
set c[6,8] := 8 10;
set c[6,7] := 7 2;
set c[6,9] := 9 3 1;
set c[7,6] := 6;
set c[7,8] := 8 10;
set c[7,3] := 3 1;
set c[7,9] := 9;
set c[7,7] := 7 2;
set c[7,5] := 5;
set c[7,4] := 4;
set c[8,3] := 3 1;
set c[8,4] := 4;
set c[8,7] := 7 2;
set c[8,5] := 5;
set c[8,8] := 8 10;
set c[8,9] := 9;
set c[8,6] := 6;
set c[9,5] := 5;
set c[9,7] := 7 2;
set c[9,9] := 9;
set c[9,8] := 8 10;
set c[9,6] := 6;
set c[9,4] := 4;
set c[9,3] := 3 1;
set c[10,7] := 7 2;
set c[10,8] := 8 10;
set c[10,9] := 9;
set c[10,6] := 6;
set c[10,3] := 3 1;
set c[10,4] := 4;
set c[10,5] := 5;
set c[11,4] := 4;
set c[11,3] := 3 1;
set c[11,9] := 9;
set c[11,6] := 6;
set c[11,8] := 8 10;
set c[11,5] := 5;
set c[11,7] := 7 2;
set c[12,5] := 5;
set c[12,7] := 7 2;
set c[12,9] := 9;
set c[12,6] := 6;
set c[12,8] := 8 10;
set c[12,3] := 3 1;
set c[12,4] := 4;
set c[13,7] := 7 2;
set c[13,9] := 9;
set c[13,3] := 3 1;
set c[13,4] := 4;
set c[13,8] := 8 10;
set c[13,6] := 6;
set c[13,5] := 5;
set c[14,4] := 4;
set c[14,9] := 9;
set c[14,8] := 8 10;
set c[14,3] := 3 1;
set c[14,5] := 5;
set c[14,6] := 6;
set c[14,7] := 7 2;
set c[15,6] := 6;
set c[15,3] := 3 1;
set c[15,7] := 7 2;
set c[15,9] := 9;
set c[15,8] := 8 10;
set c[15,5] := 5;
set c[15,4] := 4;
set c[16,9] := 9;
set c[16,7] := 7 2;
set c[16,8] := 8 10;
set c[16,5] := 5;
set c[16,4] := 4;
set c[16,3] := 3;
set c[16,1] := 1;
set c[16,6] := 6;
set c[17,4] := 4;
set c[17,1] := 1;
set c[17,3] := 3;
set c[17,5] := 5;
set c[17,8] := 8 10;
set c[17,7] := 7 2;
set c[17,6] := 6;
set c[17,9] := 9;
set c[18,1] := 1;
set c[18,9] := 9;
set c[18,6] := 6;
set c[18,8] := 8 10;
set c[18,5] := 5;
set c[18,3] := 3;
set c[18,7] := 7 2;
set c[18,4] := 4;
set c[19,8] := 8 10;
set c[19,5] := 5;
set c[19,4] := 4;
set c[19,7] := 7 2;
set c[19,3] := 3;
set c[19,9] := 9;
set c[19,6] := 6;
set c[19,1] := 1;
set c[20,1] := 1;
set c[20,9] := 9;
set c[20,5] := 5;
set c[20,7] := 7 2;
set c[20,4] := 4;
set c[20,6] := 6;
set c[20,3] := 3;
set c[20,8] := 8 10;
set c[21,6] := 6;
set c[21,3] := 3;
set c[21,8] := 8 10;
set c[21,5] := 5;
set c[21,9] := 9;
set c[21,7] := 7 2;
set c[21,4] := 4;
set c[21,1] := 1;
set c[22,8] := 8 10;
set c[22,7] := 7 2;
set c[22,4] := 4;
set c[22,3] := 3;
set c[22,1] := 1;
set c[22,9] := 9;
set c[22,5] := 5;
set c[22,6] := 6;
set c[23,9] := 9;
set c[23,5] := 5;
set c[23,1] := 1;
set c[23,3] := 3;
set c[23,6] := 6;
set c[23,7] := 7 2;
set c[23,4] := 4;
set c[23,8] := 8 10;
set c[24,6] := 6;
set c[24,8] := 8 10;
set c[24,7] := 7 2;
set c[24,4] := 4;
set c[24,1] := 1;
set c[24,3] := 3;
set c[24,5] := 5;
set c[24,9] := 9;
set c[25,9] := 9;
set c[25,5] := 5;
set c[25,3] := 3;
set c[25,1] := 1;
set c[25,8] := 8 10;
set c[25,7] := 7 2;
set c[25,4] := 4;
set c[25,6] := 6;
set c[26,1] := 1;
set c[26,4] := 4;
set c[26,5] := 5;
set c[26,7] := 7 2;
set c[26,8] := 8 10;
set c[26,3] := 3;
set c[26,6] := 6;
set c[26,9] := 9;
set c[27,8] := 8 10;
set c[27,4] := 4;
set c[27,5] := 5;
set c[27,7] := 7 2;
set c[27,6] := 6;
set c[27,3] := 3;
set c[27,9] := 9;
set c[27,1] := 1;
set c[28,7] := 7 2;
set c[28,4] := 4;
set c[28,9] := 9;
set c[28,3] := 3;
set c[28,6] := 6;
set c[28,5] := 5;
set c[28,1] := 1;
set c[28,8] := 8 10;
set c[29,9] := 9;
set c[29,4] := 4;
set c[29,5] := 5;
set c[29,1] := 1;
set c[29,3] := 3;
set c[29,8] := 8 10;
set c[29,6] := 6;
set c[29,7] := 7 2;
set c[30,5] := 5;
set c[30,8] := 8 10;
set c[30,7] := 7 2;
set c[30,3] := 3;
set c[30,4] := 4;
set c[30,1] := 1;
set c[30,6] := 6;
set c[30,9] := 9;
set c[31,7] := 7 2;
set c[31,8] := 8;
set c[31,10] := 10;
set c[31,9] := 9;
set c[31,3] := 3;
set c[31,1] := 1;
set c[31,4] := 4;
set c[31,6] := 6;
set c[31,5] := 5;
set c[32,5] := 5;
set c[32,3] := 3;
set c[32,1] := 1;
set c[32,4] := 4;
set c[32,9] := 9;
set c[32,6] := 6;
set c[32,8] := 8;
set c[32,10] := 10;
set c[32,7] := 7 2;
set c[33,10] := 10;
set c[33,3] := 3;
set c[33,1] := 1;
set c[33,7] := 7 2;
set c[33,6] := 6;
set c[33,8] := 8;
set c[33,4] := 4;
set c[33,9] := 9;
set c[33,5] := 5;
set c[34,5] := 5;
set c[34,8] := 8;
set c[34,4] := 4;
set c[34,6] := 6;
set c[34,1] := 1;
set c[34,7] := 7 2;
set c[34,3] := 3;
set c[34,9] := 9;
set c[34,10] := 10;

