#erel:= 0.850;
#emax:= 2382.582;
#q:= 0.000;
#nesce:=     7;
#etime:= 0.079;
#snodes:=   210;
param nS:=    10;
param nSG:=    34;
param nRVSG :=
1 24
5 2
9 2
13 2
17 2
21 9
25 2
29 2
33 2
2 24
6 2
10 2
14 2
18 2
22 2
26 2
30 2
34 24
3 24
7 20
11 17
15 2
19 2
23 2
27 2
31 2
4 24
8 2
12 2
16 13
20 2
24 2
28 4
32 2
;


param ScenF :=
1 63.8887
59 142.638
117 70.9858
175 114.188
2 89.1092
60 143.03
118 79.4054
176 112.446
3 73.2806
61 139.306
119 86.2734
177 103.683
4 61.3312
62 134.574
120 89.2277
178 120.97
5 57.8296
63 126.564
121 0.228353
179 138.507
6 56.0462
64 133.659
122 0
180 145.006
7 77.5579
65 141.393
123 0.220985
181 104.645
8 85.4826
66 146.105
124 0
182 0.0934803
9 114.261
67 151.733
125 0.201659
183 0.5647
10 129.722
68 162.218
126 0
184 0.0960992
11 138.321
69 148.435
127 50.9107
185 0.4473
12 134.194
70 136.51
128 82.3369
186 0.11764
13 127.072
71 125.109
129 79.587
187 0.244
14 122.647
72 110.506
130 75.6351
188 0.153257
15 124.237
73 70.4634
131 103.874
189 0.006
16 141.512
74 89.3367
132 125.637
190 0.181809
17 150.725
75 68.7267
133 137.633
191 0
18 146.914
76 56.7995
134 114.847
192 0.162712
19 147.645
77 57.2887
135 113.495
193 0
20 151.02
78 63.3648
136 106.95
194 158.102
21 146.013
79 76.333
137 105.294
195 135.995
22 128.622
80 86.0854
138 107.098
196 110.59
23 120.435
81 106.422
139 109.692
197 106.919
24 100.029
82 95.6763
140 122.033
198 0.10206
25 2.8364
83 107.443
141 139.968
199 0
26 2.75589
84 98.4715
142 141.338
200 0.0463473
27 13.3941
85 86.9842
143 99.6846
201 0
28 19.216
86 85.3941
144 0.196154
202 0.015262
29 19.4179
87 77.9301
145 0
203 0
30 23.1224
88 68.6699
146 0.188648
204 0
31 25.6284
89 93.2494
147 0
205 0
32 15.8211
90 101.191
148 0.168036
206 0
33 26.5681
91 103.804
149 0.0133
207 0
34 1.77435
92 126.573
150 0.121017
208 0.630953
35 9.60858
93 119.619
151 0.165
209 1.95338
36 22.3168
94 104.424
152 60.7948
210 0
37 28.0662
95 100.804
153 85.534
211 2.0157
38 23.8367
96 90.6681
154 104.072
212 0
39 32.6781
97 0.182316
155 114.423
213 2.06527
40 34.9552
98 0
156 102.414
214 0.183364
41 20.5084
99 0.209596
157 90.4679
215 7.1309
42 4.17066
100 0
158 84.8125
216 1.09531
43 27.162
101 51.1277
159 81.7328
217 0.803624
44 3.84295
102 67.8406
160 80.7407
218 0
45 0.232813
103 49.9153
161 84.7817
219 0
46 8.32778
104 44.1559
162 89.1936
220 0
47 20.0363
105 52.7483
163 89.9649
221 0
48 18.7675
106 60.652
164 72.0307
222 0.390084
49 48.251
107 61.6815
165 0.0854068
223 0
50 96.967
108 68.2844
166 0.3622
224 0
51 90.9681
109 98.6374
167 0.0770515
225 10.4196
52 88.605
110 108.562
168 0.4927
226 1.31793
53 84.5338
111 119.54
169 0.0922915
227 0.408201
54 89.4222
112 95.366
170 0.5936
228 0.39282
55 93.4117
113 85.1077
171 0.0961612
229 0.595461
56 101.976
114 80.2818
172 0.6114
230 0.686983
57 135.492
115 64.2368
173 106.792
231 0.770762
58 143.923
116 59.2134
174 113.495
;


param ScenO :=
1 100
59 93.49
117 90.68
175 94.89
2 95
60 84.49
118 94.99
176 98.93
3 91.46
61 75.75
119 100
177 105.47
4 89
62 81.93
120 100
178 103.12
5 74.8
63 84.37
121 0.164
179 105.17
6 70
64 75.76
122 0
180 103.41
7 70
65 84.44
123 0.167
181 99.47
8 81.1
66 87.9
124 0
182 0.488
9 95
67 93.49
125 0.167
183 0.523
10 95
68 93.5
126 0
184 0.494
11 91.46
69 93.51
127 100
185 0.419
12 81.1
70 93.47
128 75.01
186 0.49
13 75
71 94.14
129 75.01
187 0.15
14 81.92
72 92.4
130 85.84
188 0.569
15 84.36
73 100.67
131 95
189 0
16 75.01
74 88.91
132 100
190 0.611
17 82.44
75 91.95
133 96
191 0
18 85
76 87.88
134 89.21
192 0.582
19 93.12
77 75
135 82.54
193 0
20 93.5
78 70
136 90.11
194 106
21 93.41
79 70
137 92.8
195 107.14
22 92.54
80 80.1
138 85
196 50
23 94.14
81 93.2
139 92
197 45
24 92.4
82 95.5
140 100.01
198 0.566
25 8.6
83 92.37
141 107.08
199 0
26 25.72
84 83.1
142 107.47
200 0.568
27 35.28
85 75
143 104
201 0
28 36.84
86 82.91
144 0.177
202 0.504
29 41.68
87 85.85
145 0
203 0
30 40.88
88 75.76
146 0.205
204 0.437
31 43.32
89 84.44
147 0
205 0
32 48.32
90 88.99
148 0.249
206 0.396
33 32.88
91 93.15
149 0.054
207 0
34 54.24
92 93.53
150 0.277
208 0.6503
35 84.12
93 93.44
151 0.2
209 0.833789
36 77.64
94 92.57
152 90
210 0.878963
37 70.08
95 94.14
153 101.61
211 0.874382
38 75.52
96 92.4
154 103
212 1.2012
39 73
97 0.156
155 106
213 1.296
40 68.52
98 0
156 90
214 0.602857
41 78.64
99 0.159
157 93.41
215 0.406165
42 79.04
100 0
158 101.23
216 0.245368
43 72.08
101 100.98
159 92.01
217 0.500105
44 33.6
102 90
160 106.01
218 0.615242
45 24.44
103 96.69
161 105
219 0.707645
46 32.88
104 92.5
162 107.08
220 1.24813
47 32.2
105 90.27
163 107
221 1.27026
48 32.88
106 83.13
164 103.41
222 1.27442
49 100.67
107 83.13
165 0.305
223 1.42928
50 90
108 86.05
166 0.331
224 0.99066
51 88.56
109 95.01
167 0.401
225 1.27024
52 85.82
110 104.5
168 0.565
226 0.75451
53 71.9
111 96.67
169 0.454
227 0.719786
54 68
112 89.21
170 0.619
228 0.717803
55 67
113 84.06
171 0.476
229 0.455046
56 77.45
114 92.13
172 0.637
230 0.507223
57 94
115 94
173 101.91
231 0.345779
58 95.95
116 86.26
174 101.23
;


param Scen0 :=
1 1 97.812900
2 1 84.844400
3 1 68.482500
4 1 60.955100
5 1 59.174600
6 1 48.440300
7 1 76.584900
8 1 88.639300
9 1 107.762000
10 1 117.016000
11 1 137.085000
12 1 134.403000
13 1 132.888000
14 1 131.500000
15 1 128.115000
16 1 145.257000
17 1 152.695000
18 1 136.969000
19 1 145.972000
20 1 135.676000
21 1 143.388000
22 1 122.854000
23 1 118.136000
24 1 107.337000
25 1 5.373630
26 1 0.000000
27 1 7.707580
28 1 10.716300
29 1 10.477400
30 1 19.430100
31 1 24.344800
32 1 30.518000
33 1 40.767800
34 1 22.427900
35 1 7.403970
36 1 35.684800
37 1 30.926000
38 1 33.225700
39 1 40.364300
40 1 44.938300
41 1 22.006300
42 1 21.235100
43 1 25.483800
44 1 0.000000
45 1 0.000000
46 1 5.572760
47 1 15.844500
48 1 15.981200
49 1 91.889400
50 1 89.360300
51 1 85.124300
52 1 84.156700
53 1 82.811100
54 1 72.141000
55 1 91.862300
56 1 104.007000
57 1 121.119000
58 1 128.106000
59 1 145.060000
60 1 147.267000
61 1 142.113000
62 1 137.728000
63 1 134.522000
64 1 137.872000
65 1 144.757000
66 1 135.767000
67 1 159.896000
68 1 148.131000
69 1 149.601000
70 1 128.968000
71 1 123.811000
72 1 121.152000
73 1 81.397700
74 1 80.872000
75 1 73.766900
76 1 61.306800
77 1 60.221300
78 1 64.405600
79 1 80.939500
80 1 101.978000
81 1 112.684000
82 1 102.397000
83 1 117.353000
84 1 85.223800
85 1 78.236400
86 1 69.620000
87 1 59.003600
88 1 60.349000
89 1 89.196000
90 1 86.077800
91 1 103.975000
92 1 140.723000
93 1 130.546000
94 1 115.354000
95 1 105.665000
96 1 99.376300
97 1 0.194454
98 1 0.000000
99 1 0.234700
100 1 0.000000
101 1 78.685600
102 1 68.660100
103 1 50.677900
104 1 42.170800
105 1 54.889700
106 1 61.005600
107 1 80.181900
108 1 91.730800
109 1 96.465300
110 1 78.944000
111 1 111.225000
112 1 87.623500
113 1 73.215400
114 1 68.328000
115 1 57.053800
116 1 49.921000
117 1 51.698100
118 1 83.160500
119 1 78.380400
120 1 89.763700
121 1 0.264272
122 1 0.000000
123 1 0.241661
124 1 0.000000
125 1 0.164037
126 1 0.000000
127 1 51.681100
128 1 67.190200
129 1 71.830600
130 1 88.513400
131 1 90.894300
132 1 94.444500
133 1 126.733000
134 1 115.573000
135 1 112.834000
136 1 118.883000
137 1 117.880000
138 1 100.221000
139 1 103.086000
140 1 118.271000
141 1 129.752000
142 1 133.842000
143 1 106.043000
144 1 0.116585
145 1 0.000000
146 1 0.129513
147 1 0.000000
148 1 0.071230
149 1 0.010500
150 1 0.031175
151 1 0.323300
152 1 39.317200
153 1 66.126200
154 1 89.294900
155 1 113.579000
156 1 109.637000
157 1 95.966600
158 1 89.244200
159 1 81.842300
160 1 83.770200
161 1 81.148500
162 1 96.034900
163 1 81.417500
164 1 84.405500
165 1 0.000000
166 1 0.306100
167 1 0.000000
168 1 1.281800
169 1 0.000000
170 1 0.531100
171 1 0.000000
172 1 0.647600
173 1 101.508000
174 1 99.352900
175 1 97.564100
176 1 102.042000
177 1 95.576800
178 1 140.301000
179 1 139.867000
180 1 115.359000
181 1 141.906000
182 1 0.053500
183 1 0.727600
184 1 0.000000
185 1 0.434100
186 1 0.070310
187 1 0.316600
188 1 0.131059
189 1 0.004800
190 1 0.186036
191 1 0.000000
192 1 0.238628
193 1 0.000000
194 1 164.240000
195 1 140.559000
196 1 113.538000
197 1 97.066300
198 1 0.143288
199 1 0.000000
200 1 0.042996
201 1 0.000000
202 1 0.059586
203 1 0.000000
204 1 0.066518
205 1 0.000000
206 1 0.000000
207 1 0.000000
208 1 0.786523
209 1 2.634960
210 1 12.518900
211 1 2.423820
212 1 0.000000
213 1 1.410260
214 1 1.068490
215 1 6.046710
216 1 1.392930
217 1 1.070480
218 1 0.872601
219 1 1.186300
220 1 1.186350
221 1 2.456980
222 1 1.199260
223 1 8.932200
224 1 0.000000
225 1 5.327030
226 1 1.497090
227 1 0.880226
228 1 0.958644
229 1 0.952533
230 1 0.820780
231 1 0.642404
1 2 97.812900
2 2 84.844400
3 2 68.482500
4 2 60.955100
5 2 59.174600
6 2 48.440300
7 2 76.584900
8 2 88.639300
9 2 107.762000
10 2 117.016000
11 2 137.085000
12 2 134.403000
13 2 132.888000
14 2 131.500000
15 2 128.115000
16 2 145.257000
17 2 152.695000
18 2 136.969000
19 2 145.972000
20 2 135.676000
21 2 143.388000
22 2 122.854000
23 2 118.136000
24 2 107.337000
25 2 5.373630
26 2 0.000000
27 2 7.707580
28 2 10.716300
29 2 10.477400
30 2 19.430100
31 2 24.344800
32 2 30.518000
33 2 40.767800
34 2 22.427900
35 2 7.403970
36 2 35.684800
37 2 30.926000
38 2 33.225700
39 2 40.364300
40 2 44.938300
41 2 22.006300
42 2 21.235100
43 2 25.483800
44 2 0.000000
45 2 0.000000
46 2 5.572760
47 2 15.844500
48 2 15.981200
49 2 91.889400
50 2 89.360300
51 2 85.124300
52 2 84.156700
53 2 82.811100
54 2 72.141000
55 2 91.862300
56 2 104.007000
57 2 121.119000
58 2 128.106000
59 2 145.060000
60 2 147.267000
61 2 142.113000
62 2 137.728000
63 2 134.522000
64 2 137.872000
65 2 144.757000
66 2 135.767000
67 2 159.896000
68 2 148.131000
69 2 149.601000
70 2 128.968000
71 2 123.811000
72 2 121.152000
73 2 81.397700
74 2 80.872000
75 2 73.766900
76 2 61.306800
77 2 60.221300
78 2 64.405600
79 2 80.939500
80 2 101.978000
81 2 112.684000
82 2 102.397000
83 2 117.353000
84 2 85.223800
85 2 78.236400
86 2 69.620000
87 2 59.003600
88 2 60.349000
89 2 89.196000
90 2 86.077800
91 2 103.975000
92 2 140.723000
93 2 130.546000
94 2 115.354000
95 2 105.665000
96 2 99.376300
97 2 0.194454
98 2 0.000000
99 2 0.234700
100 2 0.000000
101 2 78.685600
102 2 68.660100
103 2 50.677900
104 2 42.170800
105 2 54.889700
106 2 61.005600
107 2 80.181900
108 2 91.730800
109 2 96.465300
110 2 78.944000
111 2 111.225000
112 2 87.623500
113 2 73.215400
114 2 68.328000
115 2 57.053800
116 2 49.921000
117 2 51.698100
118 2 83.160500
119 2 78.380400
120 2 89.763700
121 2 0.264272
122 2 0.000000
123 2 0.241661
124 2 0.000000
125 2 0.164037
126 2 0.000000
127 2 51.681100
128 2 67.190200
129 2 71.830600
130 2 88.513400
131 2 90.894300
132 2 94.444500
133 2 126.733000
134 2 115.573000
135 2 112.834000
136 2 118.883000
137 2 117.880000
138 2 100.221000
139 2 103.086000
140 2 118.271000
141 2 129.752000
142 2 133.842000
143 2 106.043000
144 2 0.116585
145 2 0.000000
146 2 0.129513
147 2 0.000000
148 2 0.071230
149 2 0.010500
150 2 0.031175
151 2 0.323300
152 2 39.317200
153 2 66.126200
154 2 89.294900
155 2 113.579000
156 2 109.637000
157 2 95.966600
158 2 89.244200
159 2 81.842300
160 2 83.770200
161 2 81.148500
162 2 96.034900
163 2 81.417500
164 2 84.405500
165 2 0.000000
166 2 0.306100
167 2 0.000000
168 2 1.281800
169 2 0.000000
170 2 0.531100
171 2 0.000000
172 2 0.647600
173 2 101.508000
174 2 99.352900
175 2 97.564100
176 2 102.042000
177 2 95.576800
178 2 140.301000
179 2 139.867000
180 2 115.359000
181 2 141.906000
182 2 0.053500
183 2 0.727600
184 2 0.000000
185 2 0.434100
186 2 0.070310
187 2 0.316600
188 2 0.131059
189 2 0.004800
190 2 0.186036
191 2 0.000000
192 2 0.238628
193 2 0.000000
194 2 164.240000
195 2 140.559000
196 2 113.538000
197 2 97.066300
198 2 0.143288
199 2 0.000000
200 2 0.042996
201 2 0.000000
202 2 0.059586
203 2 0.000000
204 2 0.066518
205 2 0.000000
206 2 0.000000
207 2 0.000000
208 2 0.786523
209 2 2.634960
210 2 12.518900
211 2 2.423820
212 2 0.000000
213 2 1.410260
214 2 1.068490
215 2 6.046710
216 2 1.392930
217 2 1.070480
218 2 0.872601
219 2 1.186300
220 2 1.186350
221 2 2.456980
222 2 1.199260
223 2 8.932200
224 2 0.000000
225 2 5.327030
226 2 1.497090
227 2 0.880226
228 2 0.958644
229 2 0.952533
230 2 0.820780
231 2 0.642404
1 3 69.512300
2 3 74.484500
3 3 59.472200
4 3 47.521500
5 3 45.178300
6 3 63.275000
7 3 77.865300
8 3 91.286600
9 3 125.684000
10 3 134.375000
11 3 153.297000
12 3 141.148000
13 3 129.534000
14 3 132.921000
15 3 127.742000
16 3 134.514000
17 3 141.388000
18 3 150.162000
19 3 141.990000
20 3 145.409000
21 3 145.020000
22 3 136.698000
23 3 118.263000
24 3 99.601100
25 3 14.114000
26 3 0.000000
27 3 9.428130
28 3 17.670100
29 3 16.373700
30 3 10.408700
31 3 20.143500
32 3 0.373404
33 3 18.473600
34 3 0.000000
35 3 0.000000
36 3 22.066900
37 3 0.000000
38 3 14.216400
39 3 27.045900
40 3 16.279900
41 3 0.000000
42 3 14.993000
43 3 27.184100
44 3 14.245800
45 3 0.000000
46 3 0.000000
47 3 12.824900
48 3 15.274300
49 3 70.421100
50 3 85.613200
51 3 84.258000
52 3 78.215300
53 3 73.202600
54 3 87.810900
55 3 87.606800
56 3 98.707900
57 3 131.269000
58 3 141.446000
59 3 148.473000
60 3 137.855000
61 3 128.572000
62 3 127.859000
63 3 115.280000
64 3 111.896000
65 3 119.721000
66 3 130.655000
67 3 133.829000
68 3 135.875000
69 3 133.594000
70 3 132.375000
71 3 115.357000
72 3 102.903000
73 3 85.207300
74 3 75.179900
75 3 63.365200
76 3 45.201700
77 3 42.193000
78 3 65.082400
79 3 77.667100
80 3 89.985600
81 3 115.036000
82 3 115.514000
83 3 123.648000
84 3 104.756000
85 3 86.990000
86 3 85.539400
87 3 78.409500
88 3 65.400000
89 3 84.177300
90 3 98.078600
91 3 106.536000
92 3 118.388000
93 3 120.257000
94 3 116.398000
95 3 104.209000
96 3 96.146300
97 3 0.176819
98 3 0.000000
99 3 0.190535
100 3 0.000000
101 3 56.742100
102 3 56.942500
103 3 48.257500
104 3 30.031800
105 3 35.197100
106 3 64.546200
107 3 71.756400
108 3 80.762400
109 3 110.791000
110 3 119.969000
111 3 126.541000
112 3 100.422000
113 3 85.860900
114 3 71.735800
115 3 56.955600
116 3 47.545400
117 3 57.719700
118 3 72.622800
119 3 81.259900
120 3 95.169700
121 3 0.196966
122 3 0.000000
123 3 0.138126
124 3 0.000000
125 3 0.066997
126 3 0.000000
127 3 60.217900
128 3 84.425400
129 3 77.782100
130 3 70.784200
131 3 90.105700
132 3 114.213000
133 3 137.779000
134 3 119.376000
135 3 117.207000
136 3 113.367000
137 3 110.584000
138 3 108.944000
139 3 108.845000
140 3 118.074000
141 3 141.858000
142 3 144.324000
143 3 125.630000
144 3 0.210999
145 3 0.000000
146 3 0.211593
147 3 0.000000
148 3 0.187010
149 3 0.036100
150 3 0.183131
151 3 0.225100
152 3 84.771300
153 3 89.938700
154 3 68.970500
155 3 102.022000
156 3 100.049000
157 3 99.263600
158 3 98.865500
159 3 96.262400
160 3 89.477300
161 3 73.502100
162 3 79.143800
163 3 75.630400
164 3 68.816000
165 3 0.193454
166 3 0.617600
167 3 0.234535
168 3 2.110400
169 3 0.292080
170 3 1.089700
171 3 0.318577
172 3 1.036000
173 3 122.331000
174 3 129.998000
175 3 130.583000
176 3 139.155000
177 3 123.190000
178 3 156.108000
179 3 132.553000
180 3 128.776000
181 3 130.577000
182 3 0.318327
183 3 0.672000
184 3 0.320776
185 3 0.723100
186 3 0.320800
187 3 0.398300
188 3 0.306908
189 3 0.003200
190 3 0.332618
191 3 0.000000
192 3 0.330647
193 3 0.000000
194 3 165.623000
195 3 139.690000
196 3 128.724000
197 3 118.882000
198 3 0.266114
199 3 0.000000
200 3 0.191021
201 3 0.000000
202 3 0.141780
203 3 0.000000
204 3 0.127429
205 3 0.000000
206 3 0.144683
207 3 0.000000
208 3 0.521102
209 3 1.201140
210 3 0.000000
211 3 1.148540
212 3 0.000000
213 3 1.111800
214 3 0.842634
215 3 6.529680
216 3 1.216230
217 3 1.289190
218 3 1.355050
219 3 1.599720
220 3 2.917380
221 3 3.516870
222 3 0.633751
223 3 0.000000
224 3 0.000000
225 3 7.170860
226 3 1.096150
227 3 0.620153
228 3 0.652404
229 3 0.744673
230 3 0.598165
231 3 0.498542
1 4 97.812900
2 4 84.844400
3 4 68.482500
4 4 60.955100
5 4 59.174600
6 4 48.440300
7 4 76.584900
8 4 88.639300
9 4 107.762000
10 4 117.016000
11 4 137.085000
12 4 134.403000
13 4 132.888000
14 4 131.500000
15 4 128.115000
16 4 145.257000
17 4 152.695000
18 4 136.969000
19 4 145.972000
20 4 135.676000
21 4 143.388000
22 4 122.854000
23 4 118.136000
24 4 107.337000
25 4 5.373630
26 4 0.000000
27 4 7.707580
28 4 10.716300
29 4 10.477400
30 4 19.430100
31 4 24.344800
32 4 30.518000
33 4 40.767800
34 4 22.427900
35 4 7.403970
36 4 35.684800
37 4 30.926000
38 4 33.225700
39 4 40.364300
40 4 44.938300
41 4 22.006300
42 4 21.235100
43 4 25.483800
44 4 0.000000
45 4 0.000000
46 4 5.572760
47 4 15.844500
48 4 15.981200
49 4 91.889400
50 4 89.360300
51 4 85.124300
52 4 84.156700
53 4 82.811100
54 4 72.141000
55 4 91.862300
56 4 104.007000
57 4 121.119000
58 4 128.106000
59 4 145.060000
60 4 147.267000
61 4 142.113000
62 4 137.728000
63 4 134.522000
64 4 137.872000
65 4 144.757000
66 4 135.767000
67 4 159.896000
68 4 148.131000
69 4 149.601000
70 4 128.968000
71 4 123.811000
72 4 121.152000
73 4 81.397700
74 4 80.872000
75 4 73.766900
76 4 61.306800
77 4 60.221300
78 4 64.405600
79 4 80.939500
80 4 101.978000
81 4 112.684000
82 4 102.397000
83 4 117.353000
84 4 85.223800
85 4 78.236400
86 4 69.620000
87 4 59.003600
88 4 60.349000
89 4 89.196000
90 4 86.077800
91 4 103.975000
92 4 140.723000
93 4 130.546000
94 4 115.354000
95 4 105.665000
96 4 99.376300
97 4 0.194454
98 4 0.000000
99 4 0.234700
100 4 0.000000
101 4 78.685600
102 4 68.660100
103 4 50.677900
104 4 42.170800
105 4 54.889700
106 4 61.005600
107 4 80.181900
108 4 91.730800
109 4 96.465300
110 4 78.944000
111 4 111.225000
112 4 87.623500
113 4 73.215400
114 4 68.328000
115 4 57.053800
116 4 49.921000
117 4 51.698100
118 4 83.160500
119 4 78.380400
120 4 89.763700
121 4 0.264272
122 4 0.000000
123 4 0.241661
124 4 0.000000
125 4 0.164037
126 4 0.000000
127 4 51.681100
128 4 67.190200
129 4 71.830600
130 4 88.513400
131 4 90.894300
132 4 94.444500
133 4 126.733000
134 4 115.573000
135 4 112.834000
136 4 118.883000
137 4 117.880000
138 4 100.221000
139 4 103.086000
140 4 118.271000
141 4 129.752000
142 4 133.842000
143 4 106.043000
144 4 0.116585
145 4 0.000000
146 4 0.129513
147 4 0.000000
148 4 0.071230
149 4 0.010500
150 4 0.031175
151 4 0.323300
152 4 39.317200
153 4 66.126200
154 4 89.294900
155 4 113.579000
156 4 109.637000
157 4 95.966600
158 4 89.244200
159 4 81.842300
160 4 83.770200
161 4 81.148500
162 4 96.034900
163 4 81.417500
164 4 84.405500
165 4 0.000000
166 4 0.306100
167 4 0.000000
168 4 1.281800
169 4 0.000000
170 4 0.531100
171 4 0.000000
172 4 0.647600
173 4 101.508000
174 4 99.352900
175 4 97.564100
176 4 102.042000
177 4 95.576800
178 4 140.301000
179 4 139.867000
180 4 115.359000
181 4 141.906000
182 4 0.053500
183 4 0.727600
184 4 0.000000
185 4 0.434100
186 4 0.070310
187 4 0.316600
188 4 0.131059
189 4 0.004800
190 4 0.186036
191 4 0.000000
192 4 0.238628
193 4 0.000000
194 4 164.240000
195 4 140.559000
196 4 113.538000
197 4 97.066300
198 4 0.143288
199 4 0.000000
200 4 0.042996
201 4 0.000000
202 4 0.059586
203 4 0.000000
204 4 0.066518
205 4 0.000000
206 4 0.000000
207 4 0.000000
208 4 0.786523
209 4 2.634960
210 4 12.518900
211 4 2.423820
212 4 0.000000
213 4 1.410260
214 4 1.068490
215 4 6.046710
216 4 1.392930
217 4 1.070480
218 4 0.872601
219 4 1.186300
220 4 1.186350
221 4 2.456980
222 4 1.199260
223 4 8.932200
224 4 0.000000
225 4 5.327030
226 4 1.497090
227 4 0.880226
228 4 0.958644
229 4 0.952533
230 4 0.820780
231 4 0.642404
1 5 105.822000
2 5 104.683000
3 5 84.756000
4 5 70.581900
5 5 66.583900
6 5 63.537000
7 5 88.077300
8 5 93.015600
9 5 132.584000
10 5 139.402000
11 5 151.467000
12 5 133.409000
13 5 130.355000
14 5 113.851000
15 5 115.387000
16 5 133.387000
17 5 153.824000
18 5 141.284000
19 5 150.988000
20 5 141.704000
21 5 154.165000
22 5 131.662000
23 5 107.917000
24 5 89.333900
25 5 16.015700
26 5 5.048240
27 5 49.720400
28 5 54.608700
29 5 48.572200
30 5 57.626700
31 5 42.929600
32 5 24.726900
33 5 29.980700
34 5 16.334200
35 5 24.756200
36 5 32.980000
37 5 32.796700
38 5 30.832500
39 5 42.056200
40 5 41.920600
41 5 27.548800
42 5 7.887610
43 5 24.179900
44 5 3.866860
45 5 0.000000
46 5 2.182040
47 5 21.500500
48 5 26.762100
49 5 100.771000
50 5 115.562000
51 5 107.161000
52 5 102.004000
53 5 98.337400
54 5 94.686600
55 5 105.765000
56 5 107.952000
57 5 145.298000
58 5 152.555000
59 5 152.306000
60 5 150.911000
61 5 150.186000
62 5 136.352000
63 5 129.007000
64 5 134.253000
65 5 137.123000
66 5 140.846000
67 5 160.923000
68 5 153.695000
69 5 157.074000
70 5 137.215000
71 5 114.981000
72 5 100.278000
73 5 93.910700
74 5 103.179000
75 5 85.198700
76 5 72.020300
77 5 68.504100
78 5 73.192000
79 5 79.632400
80 5 98.028300
81 5 119.442000
82 5 112.435000
83 5 123.500000
84 5 110.519000
85 5 95.171700
86 5 88.273000
87 5 76.546100
88 5 75.261700
89 5 85.653900
90 5 102.207000
91 5 109.087000
92 5 114.578000
93 5 109.397000
94 5 86.549900
95 5 83.732100
96 5 78.097000
97 5 0.173330
98 5 0.000000
99 5 0.184940
100 5 0.000000
101 5 79.569300
102 5 66.560200
103 5 37.916000
104 5 33.595400
105 5 36.949500
106 5 45.335200
107 5 57.955500
108 5 73.641700
109 5 86.659100
110 5 94.847500
111 5 122.358000
112 5 114.382000
113 5 110.003000
114 5 99.590900
115 5 81.351600
116 5 85.201000
117 5 83.770900
118 5 92.464200
119 5 103.054000
120 5 101.822000
121 5 0.216743
122 5 0.000000
123 5 0.246021
124 5 0.000000
125 5 0.274261
126 5 0.000000
127 5 67.967100
128 5 62.552300
129 5 81.009900
130 5 93.674600
131 5 100.587000
132 5 118.494000
133 5 136.715000
134 5 120.262000
135 5 110.841000
136 5 108.477000
137 5 104.250000
138 5 104.110000
139 5 97.573500
140 5 105.905000
141 5 124.766000
142 5 125.354000
143 5 130.234000
144 5 0.306158
145 5 0.000000
146 5 0.286789
147 5 0.000000
148 5 0.229814
149 5 0.004500
150 5 0.137433
151 5 0.070700
152 5 78.996100
153 5 94.821000
154 5 94.158100
155 5 117.840000
156 5 122.046000
157 5 72.434200
158 5 73.426900
159 5 65.310600
160 5 61.234600
161 5 75.632400
162 5 78.738200
163 5 74.605000
164 5 72.894500
165 5 0.055653
166 5 0.187600
167 5 0.023370
168 5 0.720200
169 5 0.202337
170 5 0.407800
171 5 0.210257
172 5 0.462200
173 5 89.469600
174 5 99.933200
175 5 87.130600
176 5 90.882700
177 5 116.128000
178 5 105.857000
179 5 104.513000
180 5 131.735000
181 5 146.024000
182 5 0.211897
183 5 0.521300
184 5 0.244859
185 5 0.153200
186 5 0.298039
187 5 0.257200
188 5 0.336389
189 5 0.006900
190 5 0.341974
191 5 0.000000
192 5 0.326616
193 5 0.000000
194 5 136.424000
195 5 161.590000
196 5 143.229000
197 5 129.356000
198 5 0.268841
199 5 0.000000
200 5 0.228600
201 5 0.000000
202 5 0.211455
203 5 0.000000
204 5 0.189095
205 5 0.000000
206 5 0.206511
207 5 0.000000
208 5 0.495529
209 5 1.020820
210 5 0.000000
211 5 1.069900
212 5 2.215200
213 5 1.539390
214 5 1.064100
215 5 11.253800
216 5 1.369470
217 5 0.295707
218 5 0.000000
219 5 0.109951
220 5 0.461834
221 5 2.333860
222 5 0.604035
223 5 64.107000
224 5 0.193424
225 5 6.930450
226 5 1.208680
227 5 0.722306
228 5 0.959457
229 5 0.590269
230 5 0.664607
231 5 0.609806
1 6 103.306000
2 6 89.081500
3 6 76.064100
4 6 64.177300
5 6 62.724500
6 6 59.631800
7 6 73.543400
8 6 83.797500
9 6 112.807000
10 6 120.635000
11 6 136.866000
12 6 123.408000
13 6 119.268000
14 6 114.727000
15 6 116.783000
16 6 132.773000
17 6 170.700000
18 6 163.796000
19 6 160.047000
20 6 155.813000
21 6 153.855000
22 6 137.277000
23 6 126.756000
24 6 108.679000
25 6 6.517430
26 6 0.000000
27 6 10.480200
28 6 18.480600
29 6 15.326400
30 6 23.185200
31 6 28.151600
32 6 28.363200
33 6 24.144900
34 6 0.000000
35 6 0.000000
36 6 14.280100
37 6 6.623280
38 6 6.265850
39 6 14.645700
40 6 14.450300
41 6 25.022100
42 6 11.086900
43 6 25.005300
44 6 0.000000
45 6 0.000000
46 6 12.784300
47 6 26.266000
48 6 21.584400
49 6 93.537300
50 6 94.690200
51 6 88.537900
52 6 85.715200
53 6 77.848500
54 6 80.088600
55 6 93.127600
56 6 113.969000
57 6 140.821000
58 6 141.932000
59 6 146.085000
60 6 146.269000
61 6 141.821000
62 6 138.604000
63 6 136.179000
64 6 144.010000
65 6 150.935000
66 6 157.858000
67 6 162.571000
68 6 156.384000
69 6 159.803000
70 6 160.058000
71 6 141.441000
72 6 121.309000
73 6 97.162900
74 6 96.039800
75 6 74.699400
76 6 66.702200
77 6 66.006500
78 6 78.797500
79 6 94.703800
80 6 93.473300
81 6 109.708000
82 6 102.190000
83 6 123.688000
84 6 114.694000
85 6 105.667000
86 6 105.536000
87 6 96.635300
88 6 87.793300
89 6 113.860000
90 6 121.700000
91 6 120.366000
92 6 127.865000
93 6 117.871000
94 6 98.632100
95 6 96.901000
96 6 99.937100
97 6 0.190053
98 6 0.000000
99 6 0.238190
100 6 0.000000
101 6 72.328100
102 6 61.410100
103 6 47.104700
104 6 46.997600
105 6 47.179400
106 6 62.459600
107 6 80.256100
108 6 96.731900
109 6 111.402000
110 6 105.660000
111 6 134.855000
112 6 109.451000
113 6 98.874000
114 6 90.852000
115 6 82.786200
116 6 89.094500
117 6 93.593300
118 6 92.310100
119 6 93.203300
120 6 103.740000
121 6 0.269517
122 6 0.000000
123 6 0.265288
124 6 0.000000
125 6 0.245993
126 6 0.000000
127 6 58.810100
128 6 59.293200
129 6 59.049500
130 6 81.072400
131 6 93.044400
132 6 104.480000
133 6 127.517000
134 6 104.783000
135 6 94.086100
136 6 82.928700
137 6 80.036100
138 6 131.447000
139 6 121.271000
140 6 144.700000
141 6 169.690000
142 6 169.430000
143 6 149.870000
144 6 0.240302
145 6 0.000000
146 6 0.213937
147 6 0.000000
148 6 0.158602
149 6 0.004700
150 6 0.098955
151 6 0.045500
152 6 102.390000
153 6 67.976100
154 6 77.442900
155 6 115.715000
156 6 69.881900
157 6 58.309800
158 6 38.504400
159 6 25.650700
160 6 34.557400
161 6 39.158400
162 6 35.810600
163 6 44.503200
164 6 63.861200
165 6 0.000000
166 6 0.286400
167 6 0.000000
168 6 0.383900
169 6 0.000000
170 6 0.670500
171 6 0.000000
172 6 1.803300
173 6 140.422000
174 6 143.902000
175 6 143.269000
176 6 125.276000
177 6 141.415000
178 6 138.058000
179 6 142.409000
180 6 136.314000
181 6 131.328000
182 6 0.000000
183 6 0.932100
184 6 0.000006
185 6 0.104500
186 6 0.011620
187 6 0.317800
188 6 0.027405
189 6 0.003300
190 6 0.058587
191 6 0.000000
192 6 0.089072
193 6 0.000000
194 6 174.961000
195 6 159.139000
196 6 143.131000
197 6 105.149000
198 6 0.092314
199 6 0.000000
200 6 0.096168
201 6 0.000000
202 6 0.067353
203 6 0.000000
204 6 0.000000
205 6 0.000000
206 6 0.000000
207 6 0.000000
208 6 0.562115
209 6 0.826413
210 6 0.255437
211 6 1.454260
212 6 0.005136
213 6 0.728795
214 6 1.065540
215 6 7.469020
216 6 1.346140
217 6 1.198190
218 6 2.107410
219 6 2.415000
220 6 2.559620
221 6 1.317590
222 6 0.307784
223 6 39.779900
224 6 0.000000
225 6 2.948020
226 6 1.248090
227 6 0.639641
228 6 0.619976
229 6 0.764905
230 6 0.609936
231 6 0.563898
1 7 103.306000
2 7 89.081500
3 7 76.064100
4 7 64.177300
5 7 62.724500
6 7 59.631800
7 7 73.543400
8 7 83.797500
9 7 112.807000
10 7 120.635000
11 7 136.866000
12 7 123.408000
13 7 119.268000
14 7 114.727000
15 7 116.783000
16 7 132.773000
17 7 170.700000
18 7 163.796000
19 7 160.047000
20 7 155.813000
21 7 153.855000
22 7 137.277000
23 7 126.756000
24 7 108.679000
25 7 6.517430
26 7 0.000000
27 7 10.480200
28 7 18.480600
29 7 15.326400
30 7 23.185200
31 7 28.151600
32 7 28.363200
33 7 24.144900
34 7 0.000000
35 7 0.000000
36 7 14.280100
37 7 6.623280
38 7 6.265850
39 7 14.645700
40 7 14.450300
41 7 25.022100
42 7 11.086900
43 7 25.005300
44 7 0.000000
45 7 0.000000
46 7 12.784300
47 7 26.266000
48 7 21.584400
49 7 93.537300
50 7 94.690200
51 7 88.537900
52 7 85.715200
53 7 77.848500
54 7 80.088600
55 7 93.127600
56 7 113.969000
57 7 140.821000
58 7 141.932000
59 7 146.085000
60 7 146.269000
61 7 141.821000
62 7 138.604000
63 7 136.179000
64 7 144.010000
65 7 150.935000
66 7 157.858000
67 7 162.571000
68 7 156.384000
69 7 159.803000
70 7 160.058000
71 7 141.441000
72 7 121.309000
73 7 93.126800
74 7 82.434400
75 7 62.494500
76 7 49.591300
77 7 48.560700
78 7 54.228600
79 7 69.395700
80 7 86.189700
81 7 96.373900
82 7 84.713600
83 7 87.642400
84 7 74.857800
85 7 64.080000
86 7 64.970000
87 7 60.319100
88 7 51.717900
89 7 79.354900
90 7 101.726000
91 7 108.119000
92 7 123.974000
93 7 116.282000
94 7 115.326000
95 7 106.054000
96 7 92.403300
97 7 0.180657
98 7 0.000000
99 7 0.193661
100 7 0.000000
101 7 79.489500
102 7 70.847700
103 7 52.780300
104 7 47.689000
105 7 50.059300
106 7 60.642200
107 7 81.206600
108 7 97.152000
109 7 101.537000
110 7 89.986900
111 7 111.180000
112 7 96.292800
113 7 92.545400
114 7 83.599800
115 7 74.787700
116 7 74.917800
117 7 77.434600
118 7 75.262400
119 7 92.729200
120 7 104.675000
121 7 0.205225
122 7 0.000000
123 7 0.177572
124 7 0.000000
125 7 0.140148
126 7 0.000000
127 7 71.285700
128 7 74.114300
129 7 80.443200
130 7 98.825100
131 7 106.708000
132 7 125.839000
133 7 148.373000
134 7 98.833400
135 7 95.925100
136 7 89.249200
137 7 76.564100
138 7 74.478000
139 7 80.659400
140 7 96.338800
141 7 116.769000
142 7 126.586000
143 7 117.059000
144 7 0.122687
145 7 0.000000
146 7 0.111420
147 7 0.000000
148 7 0.093756
149 7 0.026400
150 7 0.060258
151 7 0.039600
152 7 70.206000
153 7 56.705500
154 7 91.362100
155 7 104.509000
156 7 96.009400
157 7 87.301400
158 7 71.277600
159 7 62.106900
160 7 60.196100
161 7 69.732400
162 7 85.953900
163 7 106.432000
164 7 97.291700
165 7 0.044194
166 7 0.254900
167 7 0.056315
168 7 0.309200
169 7 0.094745
170 7 0.166300
171 7 0.116666
172 7 0.371000
173 7 123.767000
174 7 90.991600
175 7 75.022600
176 7 89.884100
177 7 81.487600
178 7 81.663300
179 7 100.842000
180 7 120.938000
181 7 127.863000
182 7 0.118955
183 7 0.935500
184 7 0.128029
185 7 0.407900
186 7 0.140382
187 7 1.259300
188 7 0.247318
189 7 0.001900
190 7 0.290624
191 7 0.000000
192 7 0.249707
193 7 0.000000
194 7 139.422000
195 7 102.791000
196 7 162.179000
197 7 153.182000
198 7 0.118667
199 7 0.000000
200 7 0.013277
201 7 0.000000
202 7 0.000000
203 7 0.000000
204 7 0.000000
205 7 0.000000
206 7 0.000000
207 7 0.000000
208 7 0.610538
209 7 1.200890
210 7 0.599410
211 7 1.372070
212 7 0.256071
213 7 0.341005
214 7 0.432629
215 7 7.528480
216 7 1.840090
217 7 1.615460
218 7 0.000000
219 7 0.000000
220 7 0.000000
221 7 0.000000
222 7 0.028777
223 7 110.542000
224 7 0.000000
225 7 6.730080
226 7 1.764680
227 7 0.574221
228 7 0.844879
229 7 0.727858
230 7 0.662455
231 7 0.508376
1 8 103.306000
2 8 89.081500
3 8 76.064100
4 8 64.177300
5 8 62.724500
6 8 59.631800
7 8 73.543400
8 8 83.797500
9 8 112.807000
10 8 120.635000
11 8 136.866000
12 8 123.408000
13 8 119.268000
14 8 114.727000
15 8 116.783000
16 8 132.773000
17 8 170.700000
18 8 163.796000
19 8 160.047000
20 8 155.813000
21 8 153.855000
22 8 137.277000
23 8 126.756000
24 8 108.679000
25 8 6.517430
26 8 0.000000
27 8 10.480200
28 8 18.480600
29 8 15.326400
30 8 23.185200
31 8 28.151600
32 8 28.363200
33 8 24.144900
34 8 0.000000
35 8 0.000000
36 8 14.280100
37 8 6.623280
38 8 6.265850
39 8 14.645700
40 8 14.450300
41 8 25.022100
42 8 11.086900
43 8 25.005300
44 8 0.000000
45 8 0.000000
46 8 12.784300
47 8 26.266000
48 8 21.584400
49 8 93.537300
50 8 94.690200
51 8 88.537900
52 8 85.715200
53 8 77.848500
54 8 80.088600
55 8 93.127600
56 8 113.969000
57 8 140.821000
58 8 141.932000
59 8 146.085000
60 8 146.269000
61 8 141.821000
62 8 138.604000
63 8 136.179000
64 8 144.010000
65 8 150.935000
66 8 157.858000
67 8 162.571000
68 8 156.384000
69 8 159.803000
70 8 160.058000
71 8 141.441000
72 8 121.309000
73 8 97.162900
74 8 96.039800
75 8 74.699400
76 8 66.702200
77 8 66.006500
78 8 78.797500
79 8 94.703800
80 8 93.473300
81 8 109.708000
82 8 102.190000
83 8 123.688000
84 8 114.694000
85 8 105.667000
86 8 105.536000
87 8 96.635300
88 8 87.793300
89 8 113.860000
90 8 121.700000
91 8 120.366000
92 8 127.865000
93 8 117.871000
94 8 98.632100
95 8 96.901000
96 8 99.937100
97 8 0.190053
98 8 0.000000
99 8 0.238190
100 8 0.000000
101 8 72.328100
102 8 61.410100
103 8 47.104700
104 8 46.997600
105 8 47.179400
106 8 62.459600
107 8 80.256100
108 8 96.731900
109 8 111.402000
110 8 105.660000
111 8 134.855000
112 8 109.451000
113 8 98.874000
114 8 90.852000
115 8 82.786200
116 8 89.094500
117 8 93.593300
118 8 92.310100
119 8 93.203300
120 8 103.740000
121 8 0.269517
122 8 0.000000
123 8 0.265288
124 8 0.000000
125 8 0.245993
126 8 0.000000
127 8 58.810100
128 8 59.293200
129 8 59.049500
130 8 81.072400
131 8 93.044400
132 8 104.480000
133 8 127.517000
134 8 104.783000
135 8 94.086100
136 8 82.928700
137 8 80.036100
138 8 131.447000
139 8 121.271000
140 8 144.700000
141 8 169.690000
142 8 169.430000
143 8 149.870000
144 8 0.240302
145 8 0.000000
146 8 0.213937
147 8 0.000000
148 8 0.158602
149 8 0.004700
150 8 0.098955
151 8 0.045500
152 8 117.663000
153 8 122.641000
154 8 119.746000
155 8 131.597000
156 8 117.818000
157 8 119.385000
158 8 111.543000
159 8 105.678000
160 8 108.969000
161 8 115.088000
162 8 118.258000
163 8 129.585000
164 8 148.980000
165 8 0.036119
166 8 0.305500
167 8 0.004025
168 8 0.574900
169 8 0.001876
170 8 0.718800
171 8 0.000000
172 8 0.670000
173 8 108.312000
174 8 96.966900
175 8 89.640100
176 8 107.527000
177 8 103.643000
178 8 136.805000
179 8 146.146000
180 8 144.954000
181 8 128.073000
182 8 0.000000
183 8 1.769400
184 8 0.006132
185 8 1.461100
186 8 0.057702
187 8 1.205400
188 8 0.112649
189 8 0.014300
190 8 0.145930
191 8 0.000000
192 8 0.147891
193 8 0.000000
194 8 156.962000
195 8 140.294000
196 8 113.841000
197 8 107.357000
198 8 0.080627
199 8 0.000000
200 8 0.000000
201 8 0.000000
202 8 0.000000
203 8 0.000000
204 8 0.000000
205 8 0.000000
206 8 0.000000
207 8 0.000000
208 8 0.431917
209 8 0.440922
210 8 6.403980
211 8 1.041640
212 8 0.000000
213 8 0.176559
214 8 1.027810
215 8 8.263000
216 8 1.229880
217 8 0.580432
218 8 0.000000
219 8 0.000000
220 8 0.000000
221 8 2.838210
222 8 1.191590
223 8 90.304400
224 8 0.000000
225 8 7.912970
226 8 2.287310
227 8 0.148723
228 8 0.360001
229 8 0.685497
230 8 0.571251
231 8 0.639497
1 9 103.306000
2 9 89.081500
3 9 76.064100
4 9 64.177300
5 9 62.724500
6 9 59.631800
7 9 73.543400
8 9 83.797500
9 9 112.807000
10 9 120.635000
11 9 136.866000
12 9 123.408000
13 9 119.268000
14 9 114.727000
15 9 116.783000
16 9 132.773000
17 9 170.700000
18 9 163.796000
19 9 160.047000
20 9 155.813000
21 9 153.855000
22 9 137.277000
23 9 126.756000
24 9 108.679000
25 9 6.517430
26 9 0.000000
27 9 10.480200
28 9 18.480600
29 9 15.326400
30 9 23.185200
31 9 28.151600
32 9 28.363200
33 9 24.144900
34 9 0.000000
35 9 0.000000
36 9 14.280100
37 9 6.623280
38 9 6.265850
39 9 14.645700
40 9 14.450300
41 9 25.022100
42 9 11.086900
43 9 25.005300
44 9 0.000000
45 9 0.000000
46 9 12.784300
47 9 26.266000
48 9 21.584400
49 9 93.537300
50 9 94.690200
51 9 88.537900
52 9 85.715200
53 9 77.848500
54 9 80.088600
55 9 93.127600
56 9 113.969000
57 9 140.821000
58 9 141.932000
59 9 146.085000
60 9 146.269000
61 9 141.821000
62 9 138.604000
63 9 136.179000
64 9 144.010000
65 9 150.935000
66 9 157.858000
67 9 162.571000
68 9 156.384000
69 9 159.803000
70 9 160.058000
71 9 141.441000
72 9 121.309000
73 9 93.126800
74 9 82.434400
75 9 62.494500
76 9 49.591300
77 9 48.560700
78 9 54.228600
79 9 69.395700
80 9 86.189700
81 9 96.373900
82 9 84.713600
83 9 87.642400
84 9 74.857800
85 9 64.080000
86 9 64.970000
87 9 60.319100
88 9 51.717900
89 9 79.354900
90 9 101.726000
91 9 108.119000
92 9 123.974000
93 9 116.282000
94 9 115.326000
95 9 106.054000
96 9 92.403300
97 9 0.180657
98 9 0.000000
99 9 0.193661
100 9 0.000000
101 9 79.489500
102 9 70.847700
103 9 52.780300
104 9 47.689000
105 9 50.059300
106 9 60.642200
107 9 81.206600
108 9 97.152000
109 9 101.537000
110 9 89.986900
111 9 111.180000
112 9 96.292800
113 9 92.545400
114 9 83.599800
115 9 74.787700
116 9 74.917800
117 9 77.434600
118 9 75.262400
119 9 92.729200
120 9 104.675000
121 9 0.205225
122 9 0.000000
123 9 0.177572
124 9 0.000000
125 9 0.140148
126 9 0.000000
127 9 66.463800
128 9 63.308500
129 9 99.484200
130 9 103.442000
131 9 135.739000
132 9 154.929000
133 9 168.234000
134 9 155.913000
135 9 151.359000
136 9 150.635000
137 9 146.014000
138 9 139.573000
139 9 139.040000
140 9 152.868000
141 9 165.983000
142 9 175.446000
143 9 186.796000
144 9 0.148755
145 9 0.000000
146 9 0.159722
147 9 0.000000
148 9 0.115612
149 9 0.009600
150 9 0.046833
151 9 0.052600
152 9 62.744900
153 9 65.487900
154 9 82.276300
155 9 107.796000
156 9 92.413400
157 9 79.135600
158 9 76.917600
159 9 71.980100
160 9 71.377000
161 9 69.712600
162 9 61.699500
163 9 91.399900
164 9 90.985100
165 9 0.000000
166 9 0.067200
167 9 0.000000
168 9 0.529400
169 9 0.123309
170 9 0.536000
171 9 0.164083
172 9 0.740900
173 9 140.263000
174 9 133.611000
175 9 143.423000
176 9 146.310000
177 9 139.010000
178 9 144.217000
179 9 157.951000
180 9 204.601000
181 9 161.075000
182 9 0.117661
183 9 0.660800
184 9 0.000000
185 9 3.045800
186 9 0.000000
187 9 1.448100
188 9 0.000000
189 9 0.003900
190 9 0.000000
191 9 0.000000
192 9 0.028527
193 9 0.000000
194 9 174.333000
195 9 154.806000
196 9 140.010000
197 9 106.023000
198 9 0.027168
199 9 0.000000
200 9 0.039606
201 9 0.000000
202 9 0.047863
203 9 0.000000
204 9 0.010474
205 9 0.000000
206 9 0.000000
207 9 0.000000
208 9 0.638537
209 9 1.014330
210 9 0.000000
211 9 1.408590
212 9 0.525997
213 9 1.480010
214 9 0.816770
215 9 5.830950
216 9 1.302310
217 9 1.136600
218 9 0.108310
219 9 0.011496
220 9 0.000000
221 9 1.375330
222 9 0.927184
223 9 120.808000
224 9 0.000000
225 9 3.732310
226 9 1.525750
227 9 0.478950
228 9 0.711388
229 9 0.749167
230 9 0.625720
231 9 0.546901
1 10 97.812900
2 10 84.844400
3 10 68.482500
4 10 60.955100
5 10 59.174600
6 10 48.440300
7 10 76.584900
8 10 88.639300
9 10 107.762000
10 10 117.016000
11 10 137.085000
12 10 134.403000
13 10 132.888000
14 10 131.500000
15 10 128.115000
16 10 145.257000
17 10 152.695000
18 10 136.969000
19 10 145.972000
20 10 135.676000
21 10 143.388000
22 10 122.854000
23 10 118.136000
24 10 107.337000
25 10 5.373630
26 10 0.000000
27 10 7.707580
28 10 10.716300
29 10 10.477400
30 10 19.430100
31 10 24.344800
32 10 30.518000
33 10 40.767800
34 10 22.427900
35 10 7.403970
36 10 35.684800
37 10 30.926000
38 10 33.225700
39 10 40.364300
40 10 44.938300
41 10 22.006300
42 10 21.235100
43 10 25.483800
44 10 0.000000
45 10 0.000000
46 10 5.572760
47 10 15.844500
48 10 15.981200
49 10 91.889400
50 10 89.360300
51 10 85.124300
52 10 84.156700
53 10 82.811100
54 10 72.141000
55 10 91.862300
56 10 104.007000
57 10 121.119000
58 10 128.106000
59 10 145.060000
60 10 147.267000
61 10 142.113000
62 10 137.728000
63 10 134.522000
64 10 137.872000
65 10 144.757000
66 10 135.767000
67 10 159.896000
68 10 148.131000
69 10 149.601000
70 10 128.968000
71 10 123.811000
72 10 121.152000
73 10 81.397700
74 10 80.872000
75 10 73.766900
76 10 61.306800
77 10 60.221300
78 10 64.405600
79 10 80.939500
80 10 101.978000
81 10 112.684000
82 10 102.397000
83 10 117.353000
84 10 85.223800
85 10 78.236400
86 10 69.620000
87 10 59.003600
88 10 60.349000
89 10 89.196000
90 10 86.077800
91 10 103.975000
92 10 140.723000
93 10 130.546000
94 10 115.354000
95 10 105.665000
96 10 99.376300
97 10 0.194454
98 10 0.000000
99 10 0.234700
100 10 0.000000
101 10 78.685600
102 10 68.660100
103 10 50.677900
104 10 42.170800
105 10 54.889700
106 10 61.005600
107 10 80.181900
108 10 91.730800
109 10 96.465300
110 10 78.944000
111 10 111.225000
112 10 87.623500
113 10 73.215400
114 10 68.328000
115 10 57.053800
116 10 49.921000
117 10 51.698100
118 10 83.160500
119 10 78.380400
120 10 89.763700
121 10 0.264272
122 10 0.000000
123 10 0.241661
124 10 0.000000
125 10 0.164037
126 10 0.000000
127 10 51.681100
128 10 67.190200
129 10 71.830600
130 10 88.513400
131 10 90.894300
132 10 94.444500
133 10 126.733000
134 10 115.573000
135 10 112.834000
136 10 118.883000
137 10 117.880000
138 10 100.221000
139 10 103.086000
140 10 118.271000
141 10 129.752000
142 10 133.842000
143 10 106.043000
144 10 0.116585
145 10 0.000000
146 10 0.129513
147 10 0.000000
148 10 0.071230
149 10 0.010500
150 10 0.031175
151 10 0.323300
152 10 39.317200
153 10 66.126200
154 10 89.294900
155 10 113.579000
156 10 109.637000
157 10 95.966600
158 10 89.244200
159 10 81.842300
160 10 83.770200
161 10 81.148500
162 10 96.034900
163 10 81.417500
164 10 84.405500
165 10 0.000000
166 10 0.306100
167 10 0.000000
168 10 1.281800
169 10 0.000000
170 10 0.531100
171 10 0.000000
172 10 0.647600
173 10 101.508000
174 10 99.352900
175 10 97.564100
176 10 102.042000
177 10 95.576800
178 10 140.301000
179 10 139.867000
180 10 115.359000
181 10 141.906000
182 10 0.053500
183 10 0.727600
184 10 0.000000
185 10 0.434100
186 10 0.070310
187 10 0.316600
188 10 0.131059
189 10 0.004800
190 10 0.186036
191 10 0.000000
192 10 0.238628
193 10 0.000000
194 10 164.240000
195 10 140.559000
196 10 113.538000
197 10 97.066300
198 10 0.143288
199 10 0.000000
200 10 0.042996
201 10 0.000000
202 10 0.059586
203 10 0.000000
204 10 0.066518
205 10 0.000000
206 10 0.000000
207 10 0.000000
208 10 0.786523
209 10 2.634960
210 10 12.518900
211 10 2.423820
212 10 0.000000
213 10 1.410260
214 10 1.068490
215 10 6.046710
216 10 1.392930
217 10 1.070480
218 10 0.872601
219 10 1.186300
220 10 1.186350
221 10 2.456980
222 10 1.199260
223 10 8.932200
224 10 0.000000
225 10 5.327030
226 10 1.497090
227 10 0.880226
228 10 0.958644
229 10 0.952533
230 10 0.820780
231 10 0.642404
;

param Prob0 :=
1	0.000
2	0.400
3	0.100
4	0.000
5	0.100
6	0.100
7	0.100
8	0.100
9	0.100
10	0.000
;
set c[0,5] := 5 1 2 3 4 6 7 8 9 10;
set c[1,2] := 2 1 4 10;
set c[1,7] := 7 6 8 9;
set c[1,3] := 3;
set c[1,5] := 5;
set c[2,7] := 7 6 8 9;
set c[2,5] := 5;
set c[2,3] := 3;
set c[2,1] := 1 2 4 10;
set c[3,2] := 2 1 4 10;
set c[3,3] := 3;
set c[3,5] := 5;
set c[3,9] := 9 7 6 8;
set c[4,5] := 5;
set c[4,8] := 8 6;
set c[4,9] := 9 7;
set c[4,3] := 3;
set c[4,4] := 4 2 1 10;
set c[5,9] := 9 7;
set c[5,8] := 8 6;
set c[5,2] := 2 4 1 10;
set c[5,3] := 3;
set c[5,5] := 5;
set c[6,5] := 5;
set c[6,3] := 3;
set c[6,10] := 10 2 4 1;
set c[6,8] := 8 6;
set c[6,9] := 9 7;
set c[7,8] := 8 6;
set c[7,3] := 3;
set c[7,1] := 1 10 2 4;
set c[7,9] := 9 7;
set c[7,5] := 5;
set c[8,9] := 9 7;
set c[8,5] := 5;
set c[8,3] := 3;
set c[8,2] := 2 1 10 4;
set c[8,8] := 8 6;
set c[9,3] := 3;
set c[9,5] := 5;
set c[9,8] := 8 6;
set c[9,1] := 1 2 10 4;
set c[9,9] := 9 7;
set c[10,1] := 1 2 10 4;
set c[10,9] := 9 7;
set c[10,5] := 5;
set c[10,8] := 8 6;
set c[10,3] := 3;
set c[11,5] := 5;
set c[11,3] := 3;
set c[11,8] := 8 6;
set c[11,9] := 9;
set c[11,7] := 7;
set c[11,4] := 4 1 2 10;
set c[12,7] := 7;
set c[12,8] := 8 6;
set c[12,9] := 9;
set c[12,3] := 3;
set c[12,1] := 1 4 2 10;
set c[12,5] := 5;
set c[13,10] := 10 1 4 2;
set c[13,5] := 5;
set c[13,9] := 9;
set c[13,3] := 3;
set c[13,8] := 8 6;
set c[13,7] := 7;
set c[14,9] := 9;
set c[14,5] := 5;
set c[14,3] := 3;
set c[14,7] := 7;
set c[14,8] := 8 6;
set c[14,10] := 10 1 4 2;
set c[15,3] := 3;
set c[15,10] := 10 1 4 2;
set c[15,7] := 7;
set c[15,5] := 5;
set c[15,8] := 8 6;
set c[15,9] := 9;
set c[16,9] := 9;
set c[16,2] := 2 10 1 4;
set c[16,7] := 7;
set c[16,8] := 8;
set c[16,6] := 6;
set c[16,5] := 5;
set c[16,3] := 3;
set c[17,4] := 4 2 10 1;
set c[17,8] := 8;
set c[17,3] := 3;
set c[17,6] := 6;
set c[17,7] := 7;
set c[17,5] := 5;
set c[17,9] := 9;
set c[18,7] := 7;
set c[18,5] := 5;
set c[18,9] := 9;
set c[18,3] := 3;
set c[18,6] := 6;
set c[18,8] := 8;
set c[18,10] := 10 4 2 1;
set c[19,6] := 6;
set c[19,8] := 8;
set c[19,5] := 5;
set c[19,3] := 3;
set c[19,1] := 1 10 4 2;
set c[19,9] := 9;
set c[19,7] := 7;
set c[20,9] := 9;
set c[20,3] := 3;
set c[20,4] := 4 1 10 2;
set c[20,5] := 5;
set c[20,8] := 8;
set c[20,7] := 7;
set c[20,6] := 6;
set c[21,5] := 5;
set c[21,6] := 6;
set c[21,7] := 7;
set c[21,8] := 8;
set c[21,3] := 3;
set c[21,2] := 2 4 1 10;
set c[21,9] := 9;
set c[22,9] := 9;
set c[22,3] := 3;
set c[22,6] := 6;
set c[22,8] := 8;
set c[22,7] := 7;
set c[22,10] := 10 2 4 1;
set c[22,5] := 5;
set c[23,3] := 3;
set c[23,1] := 1 10 2 4;
set c[23,7] := 7;
set c[23,5] := 5;
set c[23,6] := 6;
set c[23,8] := 8;
set c[23,9] := 9;
set c[24,6] := 6;
set c[24,5] := 5;
set c[24,4] := 4 1 10 2;
set c[24,8] := 8;
set c[24,9] := 9;
set c[24,7] := 7;
set c[24,3] := 3;
set c[25,3] := 3;
set c[25,5] := 5;
set c[25,4] := 4 1 10 2;
set c[25,9] := 9;
set c[25,7] := 7;
set c[25,8] := 8;
set c[25,6] := 6;
set c[26,6] := 6;
set c[26,1] := 1 4 10 2;
set c[26,8] := 8;
set c[26,7] := 7;
set c[26,9] := 9;
set c[26,5] := 5;
set c[26,3] := 3;
set c[27,3] := 3;
set c[27,7] := 7;
set c[27,5] := 5;
set c[27,8] := 8;
set c[27,4] := 4 1 10 2;
set c[27,9] := 9;
set c[27,6] := 6;
set c[28,6] := 6;
set c[28,9] := 9;
set c[28,7] := 7;
set c[28,8] := 8;
set c[28,4] := 4 1 10 2;
set c[28,5] := 5;
set c[28,3] := 3;
set c[29,5] := 5;
set c[29,9] := 9;
set c[29,4] := 4 1 10 2;
set c[29,8] := 8;
set c[29,7] := 7;
set c[29,3] := 3;
set c[29,6] := 6;
set c[30,8] := 8;
set c[30,9] := 9;
set c[30,1] := 1 4 10 2;
set c[30,7] := 7;
set c[30,3] := 3;
set c[30,6] := 6;
set c[30,5] := 5;
set c[31,1] := 1 4 10 2;
set c[31,7] := 7;
set c[31,9] := 9;
set c[31,6] := 6;
set c[31,5] := 5;
set c[31,3] := 3;
set c[31,8] := 8;
set c[32,5] := 5;
set c[32,9] := 9;
set c[32,7] := 7;
set c[32,6] := 6;
set c[32,3] := 3;
set c[32,8] := 8;
set c[32,10] := 10 1 4 2;
set c[33,3] := 3;
set c[33,6] := 6;
set c[33,7] := 7;
set c[33,9] := 9;
set c[33,10] := 10 1 4 2;
set c[33,8] := 8;
set c[33,5] := 5;
set c[34,6] := 6;
set c[34,9] := 9;
set c[34,7] := 7;
set c[34,2] := 2 10 1 4;
set c[34,8] := 8;
set c[34,5] := 5;
set c[34,3] := 3;

