#erel:= 0.850;
#emax:= 2490.539;
#q:= 0.000;
#nesce:=     9;
#etime:= 0.071;
#snodes:=   243;
param nS:=    10;
param nSG:=    34;
param nRVSG :=
1 24
5 2
9 2
13 2
17 2
21 9
25 2
29 2
33 2
2 24
6 2
10 2
14 2
18 2
22 2
26 2
30 2
34 24
3 24
7 20
11 17
15 2
19 2
23 2
27 2
31 2
4 24
8 2
12 2
16 13
20 2
24 2
28 4
32 2
;


param ScenF :=
1 0
59 47.9953
117 53.3942
175 56.0185
2 2.55379
60 42.1661
118 62.3979
176 48.8299
3 0
61 37.6969
119 85.6799
177 49.4339
4 0
62 37.5956
120 89.9252
178 72.3066
5 0
63 34.6398
121 0.314079
179 95.9467
6 0
64 31.5556
122 0
180 108.423
7 6.06286
65 33.3274
123 0.309577
181 76.4943
8 20.5462
66 51.3656
124 0
182 0.223529
9 49.6055
67 59.7325
125 0.285044
183 0.4889
10 54.3716
68 79.5469
126 0
184 0.22102
11 43.0019
69 82.9994
127 8.23602
185 0.2162
12 41.518
70 73.9791
128 27.188
186 0.228699
13 43.6251
71 61.951
129 31.2878
187 0.066
14 44.7238
72 49.2816
130 33.0353
188 0.249457
15 43.0563
73 0.11539
131 59.2898
189 0
16 37.1288
74 14.2114
132 62.7117
190 0.275432
17 34.2163
75 4.07887
133 34.4503
191 0
18 41.3305
76 3.4007
134 28.7386
192 0.279038
19 55.4811
77 8.0058
135 31.1681
193 0
20 74.3113
78 10.4128
136 30.238
194 94.665
21 90.7776
79 14.9245
137 23.925
195 93.0362
22 75.8632
80 21.5262
138 14.6579
196 71.7636
23 68.4988
81 51.5855
139 14.5559
197 36.7887
24 55.5149
82 62.4046
140 35.7016
198 0.26112
25 35.5569
83 79.6073
141 67.0796
199 0
26 49.2472
84 73.404
142 98.8722
200 0.251614
27 57.2508
85 69.2882
143 75.1948
201 0
28 55.5639
86 58.8846
144 0.256479
202 0.25106
29 55.795
87 50.3513
145 0
203 0
30 48.9395
88 56.9109
146 0.239395
204 0.256156
31 42.7727
89 54.4183
147 0
205 0
32 35.9882
90 52.0312
148 0.236393
206 0.247265
33 27.8385
91 65.9854
149 0.0334
207 0
34 38.1787
92 91.7802
150 0.232781
208 0.660075
35 34.0604
93 96.2889
151 0.253
209 5.37576
36 56.7921
94 76.8492
152 59.9773
210 0
37 65.1254
95 62.6409
153 70.9574
211 4.35008
38 64.4032
96 52.7333
154 73.9125
212 7.29548
39 49.4318
97 0.289473
155 63.6091
213 0
40 40.4803
98 0
156 53.0677
214 1.48655
41 39.2318
99 0.298649
157 52.6558
215 23.6064
42 30.3404
100 0
158 50.6573
216 1.63171
43 24.1373
101 35.8184
159 49.4843
217 0
44 14.0041
102 53.6346
160 44.5102
218 4.08205
45 32.79
103 57.6059
161 58.0911
219 3.5471
46 31.1071
104 58.4426
162 87.7707
220 4.0055
47 33.8787
105 51.8186
163 92.8328
221 0
48 23.6793
106 51.2284
164 77.4136
222 0
49 0
107 57.3302
165 0.259417
223 0
50 0
108 64.6718
166 0.3155
224 0
51 0
109 91.2315
167 0.276597
225 0
52 0
110 94.4754
168 0.3833
226 1.25494
53 0
111 75.0923
169 0.262162
227 0.0806983
54 0
112 61.9479
170 0.5104
228 0.321775
55 5.48051
113 56.6103
171 0.237531
229 0.203185
56 21.5625
114 58.2592
172 0.5934
230 0.313548
57 54.2743
115 53.9579
173 52.5535
231 0.286587
58 59.9436
116 51.4033
174 55.733
;


param ScenO :=
1 45.5
59 91.52
117 84.73
175 61
2 35
60 84.75
118 92.1
176 83
3 16.66
61 82.03
119 127.6
177 96.1
4 13.98
62 79.88
120 126.57
178 137.53
5 10
63 79.01
121 0.305
179 129
6 13.24
64 82.59
122 0
180 127
7 37.02
65 89.21
123 0.315
181 116.95
8 66.01
66 92.11
124 0
182 0.106
9 86.82
67 120.61
125 0.334
183 0.471
10 101.65
68 123.57
126 0
184 0.074
11 91.5
69 122.01
127 62.5
185 0.304
12 84.73
70 114.36
128 3
186 0.066
13 77.78
71 99.98
129 37.01
187 0.123
14 74.88
72 96.6
130 58
188 0.045
15 74.01
73 56.38
131 87.05
189 0.002
16 77.59
74 39.83
132 107.07
190 0.024
17 83.13
75 22
133 91.5
191 0
18 86.1
76 15.38
134 74.77
192 0.012
19 117.61
77 11.9
135 72.8
193 0
20 123.57
78 14.56
136 72.88
194 107.41
21 122.01
79 39.52
137 74.01
195 96.97
22 114.41
80 66.01
138 76.59
196 63.38
23 99.97
81 86.82
139 88.13
197 61.02
24 96.6
82 101.65
140 91.5
198 0.011
25 35.56
83 88.5
141 125
199 0
26 45.64
84 83.4
142 128
200 0.022
27 45.72
85 77.78
143 124.41
201 0
28 47.04
86 74.88
144 0.352
202 0.041
29 51.04
87 74.01
145 0
203 0
30 50
88 78.34
146 0.353
204 0.082
31 43.8
89 84.73
147 0
205 0
32 51.36
90 88.05
148 0.337
206 0.113
33 39.52
91 121.61
149 0.025
207 0
34 50.6
92 125
150 0.294
208 0.091648
35 44.4
93 122.01
151 0.239
209 0
36 43.04
94 112.98
152 80.29
210 0
37 38.28
95 97.97
153 108
211 0
38 41.92
96 93
154 80.29
212 0
39 42
97 0.294
155 64.73
213 0
40 39.76
98 0
156 52.78
214 0.034036
41 57.2
99 0.305
157 66.64
215 0.158764
42 63.8
100 0
158 68.06
216 0.346925
43 17.44
101 56.5
159 72.6
217 0.586424
44 17.44
102 51.82
160 88.13
218 0.405574
45 17.44
103 42.54
161 91.1
219 0.410008
46 7.16
104 16.66
162 128.9
220 0.069812
47 23.96
105 15
163 128.57
221 0.149973
48 15.8
106 16.66
164 126.34
222 0.379003
49 49.5
107 47
165 0.272
223 0.367702
50 42
108 63
166 0.464
224 0.548899
51 16.66
109 87.05
167 0.261
225 0.428688
52 13.98
110 104.65
168 0.596
226 0.551994
53 10
111 93.5
169 0.209
227 0.435219
54 13.24
112 82.42
170 0.651
228 0.58946
55 42.02
113 74
171 0.157
229 0.61603
56 66.11
114 74.88
172 0.635
230 0.541462
57 86.7
115 76.91
173 71.74
231 0.47029
58 101.67
116 77.59
174 67.01
;


param Scen0 :=
1 1 40.086200
2 1 13.058500
3 1 5.132150
4 1 2.003050
5 1 0.754797
6 1 1.485710
7 1 15.803200
8 1 19.568900
9 1 58.227200
10 1 62.223800
11 1 46.291800
12 1 36.543300
13 1 45.716200
14 1 35.679200
15 1 35.494400
16 1 31.694800
17 1 40.692000
18 1 38.178000
19 1 59.240000
20 1 63.092200
21 1 93.033700
22 1 75.946300
23 1 53.691700
24 1 41.118700
25 1 39.505200
26 1 49.332400
27 1 54.790300
28 1 50.827900
29 1 50.629800
30 1 48.129000
31 1 43.889400
32 1 50.554000
33 1 41.325600
34 1 56.823100
35 1 31.592500
36 1 69.601300
37 1 71.227300
38 1 77.662200
39 1 60.100800
40 1 52.204900
41 1 40.158000
42 1 43.328400
43 1 23.494600
44 1 0.000000
45 1 19.223900
46 1 28.125100
47 1 29.444400
48 1 20.025200
49 1 15.340200
50 1 0.000000
51 1 0.000000
52 1 0.000000
53 1 0.000000
54 1 5.558160
55 1 3.511110
56 1 26.329900
57 1 57.575100
58 1 62.216300
59 1 61.344800
60 1 45.164000
61 1 36.418700
62 1 41.816300
63 1 33.557400
64 1 22.604500
65 1 25.121400
66 1 47.412900
67 1 51.705700
68 1 72.176000
69 1 78.431200
70 1 74.730900
71 1 55.455300
72 1 46.906500
73 1 20.724400
74 1 4.109000
75 1 0.000000
76 1 0.000000
77 1 0.000000
78 1 12.016000
79 1 15.348500
80 1 23.517100
81 1 56.995300
82 1 78.431500
83 1 94.806600
84 1 78.355600
85 1 67.975100
86 1 57.798400
87 1 50.081700
88 1 53.368900
89 1 45.285900
90 1 44.390600
91 1 64.413700
92 1 79.357900
93 1 92.593700
94 1 85.763300
95 1 64.850700
96 1 56.422200
97 1 0.296378
98 1 0.000000
99 1 0.279435
100 1 0.000000
101 1 62.008200
102 1 51.769200
103 1 54.698300
104 1 52.409400
105 1 49.044400
106 1 45.723900
107 1 68.667900
108 1 80.153200
109 1 77.015200
110 1 51.418100
111 1 53.682400
112 1 43.359600
113 1 35.000100
114 1 37.046800
115 1 38.778400
116 1 34.998400
117 1 26.272600
118 1 63.472600
119 1 76.368700
120 1 88.819700
121 1 0.281284
122 1 0.000000
123 1 0.272222
124 1 0.000000
125 1 0.228752
126 1 0.000000
127 1 17.229300
128 1 29.687600
129 1 30.051300
130 1 29.122900
131 1 47.072600
132 1 53.137200
133 1 36.186400
134 1 34.357900
135 1 35.888500
136 1 37.940000
137 1 30.691200
138 1 18.208400
139 1 15.922800
140 1 34.577800
141 1 72.639300
142 1 105.002000
143 1 103.122000
144 1 0.178463
145 1 0.000000
146 1 0.167995
147 1 0.000000
148 1 0.171015
149 1 0.030800
150 1 0.234484
151 1 0.553200
152 1 78.082900
153 1 68.152300
154 1 33.334600
155 1 46.952700
156 1 46.750800
157 1 56.547200
158 1 59.025200
159 1 58.658800
160 1 47.926400
161 1 41.567500
162 1 72.190300
163 1 78.432400
164 1 74.424800
165 1 0.283762
166 1 0.500600
167 1 0.313266
168 1 0.127000
169 1 0.358062
170 1 0.690700
171 1 0.331284
172 1 1.476300
173 1 63.236500
174 1 64.379900
175 1 62.553900
176 1 55.730200
177 1 56.943200
178 1 66.025100
179 1 80.998600
180 1 82.296700
181 1 80.866300
182 1 0.308719
183 1 0.952100
184 1 0.313036
185 1 0.029700
186 1 0.319648
187 1 0.052300
188 1 0.321421
189 1 0.000100
190 1 0.308582
191 1 0.000000
192 1 0.328267
193 1 0.000000
194 1 104.461000
195 1 98.149300
196 1 90.152400
197 1 45.717100
198 1 0.328216
199 1 0.000000
200 1 0.337012
201 1 0.000000
202 1 0.332070
203 1 0.000000
204 1 0.304687
205 1 0.000000
206 1 0.250054
207 1 0.000000
208 1 0.484188
209 1 3.679090
210 1 0.000000
211 1 3.396570
212 1 3.668600
213 1 0.000000
214 1 1.874420
215 1 22.514000
216 1 1.482760
217 1 0.069063
218 1 5.107230
219 1 4.680100
220 1 5.024120
221 1 0.000000
222 1 1.090250
223 1 78.364800
224 1 0.000000
225 1 0.000000
226 1 1.529070
227 1 0.522831
228 1 0.600810
229 1 0.167251
230 1 0.318151
231 1 0.082493
1 2 31.571600
2 2 8.602500
3 2 6.562860
4 2 9.310800
5 2 10.253200
6 2 15.119900
7 2 27.662100
8 2 30.346900
9 2 61.844300
10 2 59.217800
11 2 49.348300
12 2 44.116100
13 2 53.026300
14 2 51.860600
15 2 47.633300
16 2 42.431000
17 2 40.950500
18 2 52.712700
19 2 66.296100
20 2 72.500100
21 2 94.820500
22 2 77.169300
23 2 69.199100
24 2 68.546400
25 2 38.576200
26 2 41.545000
27 2 53.143500
28 2 54.173900
29 2 51.023400
30 2 48.375000
31 2 44.604000
32 2 46.160400
33 2 23.393300
34 2 18.769500
35 2 0.000000
36 2 44.226800
37 2 40.290000
38 2 43.470400
39 2 28.046000
40 2 17.059300
41 2 41.944000
42 2 33.327800
43 2 14.979700
44 2 4.638870
45 2 23.015000
46 2 35.990600
47 2 40.971700
48 2 27.422700
49 2 26.869700
50 2 0.000000
51 2 1.090070
52 2 2.848120
53 2 3.091670
54 2 0.000000
55 2 7.468630
56 2 35.833500
57 2 53.607800
58 2 48.339700
59 2 47.191900
60 2 43.694100
61 2 44.092200
62 2 46.127100
63 2 46.502700
64 2 38.415200
65 2 39.784900
66 2 44.431600
67 2 70.965800
68 2 77.364600
69 2 84.775600
70 2 65.006000
71 2 57.776200
72 2 58.908500
73 2 34.979900
74 2 21.178600
75 2 12.999700
76 2 17.239200
77 2 22.992400
78 2 10.244100
79 2 24.500300
80 2 34.453900
81 2 53.898200
82 2 69.366200
83 2 81.511800
84 2 70.270000
85 2 68.670600
86 2 61.103800
87 2 56.959100
88 2 64.708300
89 2 54.853900
90 2 36.583400
91 2 72.912900
92 2 85.094200
93 2 96.253800
94 2 66.339800
95 2 55.968300
96 2 56.143600
97 2 0.300754
98 2 0.000000
99 2 0.324582
100 2 0.000000
101 2 74.358800
102 2 56.611200
103 2 61.264800
104 2 64.514700
105 2 51.354300
106 2 52.178600
107 2 71.488600
108 2 82.669600
109 2 82.214400
110 2 82.046300
111 2 77.238700
112 2 66.091300
113 2 57.796700
114 2 58.613500
115 2 58.539500
116 2 60.150800
117 2 58.232900
118 2 57.781500
119 2 94.163900
120 2 107.767000
121 2 0.347429
122 2 0.000000
123 2 0.344175
124 2 0.000000
125 2 0.312655
126 2 0.000000
127 2 1.941090
128 2 0.000000
129 2 6.939470
130 2 30.698100
131 2 48.372400
132 2 59.296800
133 2 26.354800
134 2 18.017100
135 2 15.092900
136 2 19.100900
137 2 7.012020
138 2 0.000000
139 2 0.000000
140 2 32.416200
141 2 62.493900
142 2 94.003200
143 2 109.099000
144 2 0.263222
145 2 0.000000
146 2 0.241107
147 2 0.000000
148 2 0.238836
149 2 0.012700
150 2 0.249846
151 2 0.640000
152 2 40.522600
153 2 54.141400
154 2 62.038600
155 2 66.302300
156 2 63.061100
157 2 60.308900
158 2 57.246900
159 2 51.132400
160 2 48.909000
161 2 55.715000
162 2 95.911600
163 2 85.893500
164 2 90.671600
165 2 0.307422
166 2 0.222300
167 2 0.322537
168 2 1.754400
169 2 0.285962
170 2 0.138700
171 2 0.239688
172 2 1.195300
173 2 46.440300
174 2 40.601500
175 2 38.247500
176 2 37.660000
177 2 41.584100
178 2 92.226100
179 2 98.371100
180 2 78.988200
181 2 112.738000
182 2 0.200810
183 2 0.880500
184 2 0.443350
185 2 0.483100
186 2 0.446824
187 2 0.036400
188 2 0.453012
189 2 0.000000
190 2 0.444561
191 2 0.000000
192 2 0.417348
193 2 0.000000
194 2 82.350900
195 2 82.901600
196 2 72.814700
197 2 40.782800
198 2 0.358892
199 2 0.000000
200 2 0.302003
201 2 0.000000
202 2 0.267419
203 2 0.000000
204 2 0.224049
205 2 0.000000
206 2 0.219771
207 2 0.000000
208 2 1.327330
209 2 4.981280
210 2 21.312300
211 2 5.104830
212 2 6.030010
213 2 0.000000
214 2 1.743460
215 2 20.949700
216 2 1.639720
217 2 0.000000
218 2 5.347050
219 2 5.237680
220 2 4.930010
221 2 0.000000
222 2 2.225990
223 2 244.340000
224 2 0.000000
225 2 0.823460
226 2 2.549510
227 2 0.897880
228 2 0.903431
229 2 0.356960
230 2 0.532597
231 2 0.125135
1 3 40.086200
2 3 13.058500
3 3 5.132150
4 3 2.003050
5 3 0.754797
6 3 1.485710
7 3 15.803200
8 3 19.568900
9 3 58.227200
10 3 62.223800
11 3 46.291800
12 3 36.543300
13 3 45.716200
14 3 35.679200
15 3 35.494400
16 3 31.694800
17 3 40.692000
18 3 38.178000
19 3 59.240000
20 3 63.092200
21 3 93.033700
22 3 75.946300
23 3 53.691700
24 3 41.118700
25 3 39.505200
26 3 49.332400
27 3 54.790300
28 3 50.827900
29 3 50.629800
30 3 48.129000
31 3 43.889400
32 3 50.554000
33 3 41.325600
34 3 56.823100
35 3 31.592500
36 3 69.601300
37 3 71.227300
38 3 77.662200
39 3 60.100800
40 3 52.204900
41 3 40.158000
42 3 43.328400
43 3 23.494600
44 3 0.000000
45 3 19.223900
46 3 28.125100
47 3 29.444400
48 3 20.025200
49 3 15.340200
50 3 0.000000
51 3 0.000000
52 3 0.000000
53 3 0.000000
54 3 5.558160
55 3 3.511110
56 3 26.329900
57 3 57.575100
58 3 62.216300
59 3 61.344800
60 3 45.164000
61 3 36.418700
62 3 41.816300
63 3 33.557400
64 3 22.604500
65 3 25.121400
66 3 47.412900
67 3 51.705700
68 3 72.176000
69 3 78.431200
70 3 74.730900
71 3 55.455300
72 3 46.906500
73 3 20.724400
74 3 4.109000
75 3 0.000000
76 3 0.000000
77 3 0.000000
78 3 12.016000
79 3 15.348500
80 3 23.517100
81 3 56.995300
82 3 78.431500
83 3 94.806600
84 3 78.355600
85 3 67.975100
86 3 57.798400
87 3 50.081700
88 3 53.368900
89 3 45.285900
90 3 44.390600
91 3 64.413700
92 3 79.357900
93 3 92.593700
94 3 85.763300
95 3 64.850700
96 3 56.422200
97 3 0.296378
98 3 0.000000
99 3 0.279435
100 3 0.000000
101 3 62.008200
102 3 51.769200
103 3 54.698300
104 3 52.409400
105 3 49.044400
106 3 45.723900
107 3 68.667900
108 3 80.153200
109 3 77.015200
110 3 51.418100
111 3 53.682400
112 3 43.359600
113 3 35.000100
114 3 37.046800
115 3 38.778400
116 3 34.998400
117 3 26.272600
118 3 63.472600
119 3 76.368700
120 3 88.819700
121 3 0.281284
122 3 0.000000
123 3 0.272222
124 3 0.000000
125 3 0.228752
126 3 0.000000
127 3 17.229300
128 3 29.687600
129 3 30.051300
130 3 29.122900
131 3 47.072600
132 3 53.137200
133 3 36.186400
134 3 34.357900
135 3 35.888500
136 3 37.940000
137 3 30.691200
138 3 18.208400
139 3 15.922800
140 3 34.577800
141 3 72.639300
142 3 105.002000
143 3 103.122000
144 3 0.178463
145 3 0.000000
146 3 0.167995
147 3 0.000000
148 3 0.171015
149 3 0.030800
150 3 0.234484
151 3 0.553200
152 3 78.082900
153 3 68.152300
154 3 33.334600
155 3 46.952700
156 3 46.750800
157 3 56.547200
158 3 59.025200
159 3 58.658800
160 3 47.926400
161 3 41.567500
162 3 72.190300
163 3 78.432400
164 3 74.424800
165 3 0.283762
166 3 0.500600
167 3 0.313266
168 3 0.127000
169 3 0.358062
170 3 0.690700
171 3 0.331284
172 3 1.476300
173 3 63.236500
174 3 64.379900
175 3 62.553900
176 3 55.730200
177 3 56.943200
178 3 66.025100
179 3 80.998600
180 3 82.296700
181 3 80.866300
182 3 0.308719
183 3 0.952100
184 3 0.313036
185 3 0.029700
186 3 0.319648
187 3 0.052300
188 3 0.321421
189 3 0.000100
190 3 0.308582
191 3 0.000000
192 3 0.328267
193 3 0.000000
194 3 104.461000
195 3 98.149300
196 3 90.152400
197 3 45.717100
198 3 0.328216
199 3 0.000000
200 3 0.337012
201 3 0.000000
202 3 0.332070
203 3 0.000000
204 3 0.304687
205 3 0.000000
206 3 0.250054
207 3 0.000000
208 3 0.484188
209 3 3.679090
210 3 0.000000
211 3 3.396570
212 3 3.668600
213 3 0.000000
214 3 1.874420
215 3 22.514000
216 3 1.482760
217 3 0.069063
218 3 5.107230
219 3 4.680100
220 3 5.024120
221 3 0.000000
222 3 1.090250
223 3 78.364800
224 3 0.000000
225 3 0.000000
226 3 1.529070
227 3 0.522831
228 3 0.600810
229 3 0.167251
230 3 0.318151
231 3 0.082493
1 4 40.086200
2 4 13.058500
3 4 5.132150
4 4 2.003050
5 4 0.754797
6 4 1.485710
7 4 15.803200
8 4 19.568900
9 4 58.227200
10 4 62.223800
11 4 46.291800
12 4 36.543300
13 4 45.716200
14 4 35.679200
15 4 35.494400
16 4 31.694800
17 4 40.692000
18 4 38.178000
19 4 59.240000
20 4 63.092200
21 4 93.033700
22 4 75.946300
23 4 53.691700
24 4 41.118700
25 4 48.568300
26 4 52.427800
27 4 94.977100
28 4 92.957800
29 4 86.663800
30 4 84.504000
31 4 60.289900
32 4 42.781600
33 4 28.875700
34 4 45.467200
35 4 44.287300
36 4 62.389100
37 4 68.158600
38 4 70.526000
39 4 58.108800
40 4 46.084100
41 4 43.482700
42 4 30.535500
43 4 19.893600
44 4 10.727600
45 4 22.252100
46 4 21.843300
47 4 31.672000
48 4 27.781200
49 4 29.262300
50 4 9.969000
51 4 10.016300
52 4 8.262070
53 4 6.614270
54 4 0.000000
55 4 10.621300
56 4 31.679400
57 4 63.502400
58 4 55.246600
59 4 53.950800
60 4 39.916500
61 4 40.319100
62 4 29.829900
63 4 25.196500
64 4 22.273400
65 4 25.887700
66 4 49.118000
67 4 73.574500
68 4 77.527500
69 4 93.148300
70 4 73.932100
71 4 50.883800
72 4 38.323600
73 4 25.526100
74 4 23.729500
75 4 15.129500
76 4 14.099900
77 4 14.601500
78 4 13.240400
79 4 10.467800
80 4 26.106900
81 4 58.600200
82 4 72.728500
83 4 84.432100
84 4 76.966900
85 4 70.540000
86 4 54.619200
87 4 42.050500
88 4 56.553000
89 4 40.658100
90 4 48.051300
91 4 67.206700
92 4 73.376300
93 4 79.186100
94 4 54.558400
95 4 41.469600
96 4 34.955100
97 4 0.281609
98 4 0.000000
99 4 0.275937
100 4 0.000000
101 4 65.753400
102 4 52.374500
103 4 45.169400
104 4 48.965900
105 4 36.672300
106 4 36.611800
107 4 53.428000
108 4 70.387000
109 4 78.704400
110 4 79.191300
111 4 75.801800
112 4 79.372500
113 4 80.398500
114 4 75.605700
115 4 68.173300
116 4 74.502600
117 4 63.795300
118 4 74.107600
119 4 100.569000
120 4 101.220000
121 4 0.304617
122 4 0.000000
123 4 0.335759
124 4 0.000000
125 4 0.357197
126 4 0.000000
127 4 27.527700
128 4 8.125450
129 4 33.290300
130 4 50.947300
131 4 55.590100
132 4 53.422100
133 4 30.445400
134 4 31.745400
135 4 26.585700
136 4 29.999200
137 4 21.976100
138 4 10.918000
139 4 3.041390
140 4 20.370400
141 4 54.315100
142 4 84.559600
143 4 106.695000
144 4 0.159065
145 4 0.000000
146 4 0.135556
147 4 0.000000
148 4 0.133621
149 4 0.273900
150 4 0.165888
151 4 0.038000
152 4 85.857400
153 4 74.318800
154 4 82.016700
155 4 68.436500
156 4 65.212000
157 4 59.297400
158 4 60.659400
159 4 51.466500
160 4 49.261600
161 4 63.985600
162 4 84.209400
163 4 90.276200
164 4 82.675900
165 4 0.245096
166 4 0.688300
167 4 0.306423
168 4 0.141400
169 4 0.302981
170 4 0.188300
171 4 0.277566
172 4 1.549400
173 4 58.997300
174 4 62.759300
175 4 58.474400
176 4 58.392900
177 4 64.309800
178 4 84.288600
179 4 92.155100
180 4 93.405600
181 4 68.447100
182 4 0.265885
183 4 0.285700
184 4 0.287634
185 4 0.041000
186 4 0.288872
187 4 0.013200
188 4 0.270923
189 4 0.000100
190 4 0.267990
191 4 0.000000
192 4 0.258199
193 4 0.000000
194 4 105.409000
195 4 96.111700
196 4 69.981300
197 4 22.683800
198 4 0.236174
199 4 0.000000
200 4 0.235955
201 4 0.000000
202 4 0.282384
203 4 0.000000
204 4 0.316246
205 4 0.000000
206 4 0.280452
207 4 0.000000
208 4 0.909305
209 4 3.852310
210 4 0.000000
211 4 3.970090
212 4 6.851820
213 4 0.000000
214 4 2.228010
215 4 24.883700
216 4 1.708540
217 4 0.000000
218 4 4.391860
219 4 3.299340
220 4 3.405090
221 4 0.000000
222 4 0.373606
223 4 161.870000
224 4 0.000000
225 4 0.000000
226 4 1.432870
227 4 0.329584
228 4 0.243768
229 4 0.339090
230 4 0.405726
231 4 0.000000
1 5 40.086200
2 5 13.058500
3 5 5.132150
4 5 2.003050
5 5 0.754797
6 5 1.485710
7 5 15.803200
8 5 19.568900
9 5 58.227200
10 5 62.223800
11 5 46.291800
12 5 36.543300
13 5 45.716200
14 5 35.679200
15 5 35.494400
16 5 31.694800
17 5 40.692000
18 5 38.178000
19 5 59.240000
20 5 63.092200
21 5 93.033700
22 5 75.946300
23 5 53.691700
24 5 41.118700
25 5 48.568300
26 5 52.427800
27 5 94.977100
28 5 92.957800
29 5 86.663800
30 5 84.504000
31 5 60.289900
32 5 42.781600
33 5 28.875700
34 5 45.467200
35 5 44.287300
36 5 62.389100
37 5 68.158600
38 5 70.526000
39 5 58.108800
40 5 46.084100
41 5 43.482700
42 5 30.535500
43 5 19.893600
44 5 10.727600
45 5 22.252100
46 5 21.843300
47 5 31.672000
48 5 27.781200
49 5 29.262300
50 5 9.969000
51 5 10.016300
52 5 8.262070
53 5 6.614270
54 5 0.000000
55 5 10.621300
56 5 31.679400
57 5 63.502400
58 5 55.246600
59 5 53.950800
60 5 39.916500
61 5 40.319100
62 5 29.829900
63 5 25.196500
64 5 22.273400
65 5 25.887700
66 5 49.118000
67 5 73.574500
68 5 77.527500
69 5 93.148300
70 5 73.932100
71 5 50.883800
72 5 38.323600
73 5 25.526100
74 5 23.729500
75 5 15.129500
76 5 14.099900
77 5 14.601500
78 5 13.240400
79 5 10.467800
80 5 26.106900
81 5 58.600200
82 5 72.728500
83 5 84.432100
84 5 76.966900
85 5 70.540000
86 5 54.619200
87 5 42.050500
88 5 56.553000
89 5 40.658100
90 5 48.051300
91 5 67.206700
92 5 73.376300
93 5 79.186100
94 5 54.558400
95 5 41.469600
96 5 34.955100
97 5 0.281609
98 5 0.000000
99 5 0.275937
100 5 0.000000
101 5 65.753400
102 5 52.374500
103 5 45.169400
104 5 48.965900
105 5 36.672300
106 5 36.611800
107 5 53.428000
108 5 70.387000
109 5 78.704400
110 5 79.191300
111 5 75.801800
112 5 79.372500
113 5 80.398500
114 5 75.605700
115 5 68.173300
116 5 74.502600
117 5 63.795300
118 5 74.107600
119 5 100.569000
120 5 101.220000
121 5 0.304617
122 5 0.000000
123 5 0.335759
124 5 0.000000
125 5 0.357197
126 5 0.000000
127 5 27.527700
128 5 8.125450
129 5 33.290300
130 5 50.947300
131 5 55.590100
132 5 53.422100
133 5 30.445400
134 5 31.745400
135 5 26.585700
136 5 29.999200
137 5 21.976100
138 5 10.918000
139 5 3.041390
140 5 20.370400
141 5 54.315100
142 5 84.559600
143 5 106.695000
144 5 0.365002
145 5 0.000000
146 5 0.334823
147 5 0.000000
148 5 0.293601
149 5 0.034900
150 5 0.242318
151 5 0.084700
152 5 76.044500
153 5 78.000200
154 5 61.882900
155 5 65.410100
156 5 71.365900
157 5 37.275300
158 5 41.974800
159 5 36.162000
160 5 27.798200
161 5 51.389700
162 5 80.721200
163 5 80.917800
164 5 81.331300
165 5 0.220483
166 5 0.060400
167 5 0.210363
168 5 0.561300
169 5 0.170529
170 5 1.556200
171 5 0.125667
172 5 1.066700
173 5 34.592000
174 5 41.311300
175 5 27.869800
176 5 26.664400
177 5 62.192200
178 5 57.644200
179 5 63.037800
180 5 96.430900
181 5 117.962000
182 5 0.106508
183 5 3.595800
184 5 0.094695
185 5 0.368000
186 5 0.082855
187 5 0.141400
188 5 0.107001
189 5 0.000100
190 5 0.155124
191 5 0.000000
192 5 0.193658
193 5 0.000000
194 5 72.570600
195 5 120.775000
196 5 109.015000
197 5 63.684800
198 5 0.195503
199 5 0.000000
200 5 0.178040
201 5 0.000000
202 5 0.152045
203 5 0.000000
204 5 0.138373
205 5 0.000000
206 5 0.130388
207 5 0.000000
208 5 0.879891
209 5 3.780350
210 5 2.977650
211 5 3.420750
212 5 7.930240
213 5 0.000000
214 5 1.611890
215 5 23.281500
216 5 1.032390
217 5 0.000000
218 5 4.418120
219 5 3.926910
220 5 4.099230
221 5 0.000000
222 5 0.124628
223 5 125.454000
224 5 0.000000
225 5 0.000000
226 5 1.569000
227 5 0.635278
228 5 1.016500
229 5 0.199936
230 5 0.411413
231 5 0.130467
1 6 31.571600
2 6 8.602500
3 6 6.562860
4 6 9.310800
5 6 10.253200
6 6 15.119900
7 6 27.662100
8 6 30.346900
9 6 61.844300
10 6 59.217800
11 6 49.348300
12 6 44.116100
13 6 53.026300
14 6 51.860600
15 6 47.633300
16 6 42.431000
17 6 40.950500
18 6 52.712700
19 6 66.296100
20 6 72.500100
21 6 94.820500
22 6 77.169300
23 6 69.199100
24 6 68.546400
25 6 38.576200
26 6 41.545000
27 6 53.143500
28 6 54.173900
29 6 51.023400
30 6 48.375000
31 6 44.604000
32 6 46.160400
33 6 23.393300
34 6 18.769500
35 6 0.000000
36 6 44.226800
37 6 40.290000
38 6 43.470400
39 6 28.046000
40 6 17.059300
41 6 41.944000
42 6 33.327800
43 6 14.979700
44 6 4.638870
45 6 23.015000
46 6 35.990600
47 6 40.971700
48 6 27.422700
49 6 31.415800
50 6 0.000000
51 6 0.000000
52 6 0.000000
53 6 0.000000
54 6 0.000000
55 6 0.841011
56 6 21.908900
57 6 47.493400
58 6 56.032300
59 6 55.690900
60 6 43.977300
61 6 36.319600
62 6 35.078700
63 6 28.485200
64 6 19.967800
65 6 23.491800
66 6 44.242700
67 6 53.460600
68 6 81.668600
69 6 111.658000
70 6 90.646800
71 6 78.064800
72 6 70.111500
73 6 38.595200
74 6 13.038900
75 6 9.526700
76 6 12.839800
77 6 17.333800
78 6 18.266600
79 6 25.382700
80 6 32.157800
81 6 58.556300
82 6 83.519900
83 6 100.604000
84 6 90.188300
85 6 86.617300
86 6 76.287500
87 6 61.735200
88 6 65.941200
89 6 60.328500
90 6 61.689800
91 6 76.463600
92 6 96.939200
93 6 126.392000
94 6 104.220000
95 6 86.171500
96 6 76.710700
97 6 0.268300
98 6 0.000000
99 6 0.240537
100 6 0.000000
101 6 71.161200
102 6 57.089600
103 6 64.637300
104 6 67.400000
105 6 59.313200
106 6 66.773400
107 6 79.893800
108 6 87.548900
109 6 114.216000
110 6 116.963000
111 6 99.590700
112 6 90.744600
113 6 87.364400
114 6 81.455400
115 6 75.488400
116 6 76.282900
117 6 76.169900
118 6 92.797700
119 6 109.185000
120 6 132.912000
121 6 0.333450
122 6 0.000000
123 6 0.327702
124 6 0.000000
125 6 0.306649
126 6 0.000000
127 6 15.029700
128 6 0.000000
129 6 0.718692
130 6 27.588900
131 6 52.392700
132 6 67.527400
133 6 41.959300
134 6 41.391400
135 6 32.800600
136 6 27.814400
137 6 19.623500
138 6 4.814850
139 6 2.030080
140 6 24.855700
141 6 48.800100
142 6 76.923100
143 6 84.761200
144 6 0.274121
145 6 0.000000
146 6 0.267441
147 6 0.000000
148 6 0.262182
149 6 0.024200
150 6 0.302443
151 6 0.169900
152 6 103.708000
153 6 55.040500
154 6 48.267900
155 6 66.110700
156 6 22.955000
157 6 22.441300
158 6 5.935070
159 6 0.000000
160 6 0.000000
161 6 13.520000
162 6 35.093100
163 6 47.739000
164 6 69.646300
165 6 0.378259
166 6 0.279200
167 6 0.448151
168 6 0.171200
169 6 0.478070
170 6 0.689300
171 6 0.476382
172 6 0.317100
173 6 85.814900
174 6 85.619300
175 6 84.485800
176 6 61.114800
177 6 86.469200
178 6 94.735200
179 6 106.548000
180 6 106.587000
181 6 107.388000
182 6 0.465149
183 6 0.597600
184 6 0.462579
185 6 0.071300
186 6 0.446413
187 6 0.126700
188 6 0.415250
189 6 0.000000
190 6 0.434200
191 6 0.000000
192 6 0.451554
193 6 0.000000
194 6 113.667000
195 6 116.887000
196 6 104.334000
197 6 38.517700
198 6 0.427712
199 6 0.000000
200 6 0.396515
201 6 0.000000
202 6 0.377761
203 6 0.000000
204 6 0.385565
205 6 0.000000
206 6 0.393391
207 6 0.000000
208 6 1.021260
209 6 4.179980
210 6 9.363060
211 6 4.573500
212 6 7.021650
213 6 0.000000
214 6 1.744390
215 6 22.407600
216 6 1.748890
217 6 0.310133
218 6 6.462680
219 6 6.160250
220 6 6.563990
221 6 0.000000
222 6 0.000000
223 6 138.886000
224 6 0.000000
225 6 0.000000
226 6 0.986004
227 6 0.558265
228 6 0.623318
229 6 0.271385
230 6 0.458166
231 6 0.195126
1 7 31.571600
2 7 8.602500
3 7 6.562860
4 7 9.310800
5 7 10.253200
6 7 15.119900
7 7 27.662100
8 7 30.346900
9 7 61.844300
10 7 59.217800
11 7 49.348300
12 7 44.116100
13 7 53.026300
14 7 51.860600
15 7 47.633300
16 7 42.431000
17 7 40.950500
18 7 52.712700
19 7 66.296100
20 7 72.500100
21 7 94.820500
22 7 77.169300
23 7 69.199100
24 7 68.546400
25 7 38.576200
26 7 41.545000
27 7 53.143500
28 7 54.173900
29 7 51.023400
30 7 48.375000
31 7 44.604000
32 7 46.160400
33 7 23.393300
34 7 18.769500
35 7 0.000000
36 7 44.226800
37 7 40.290000
38 7 43.470400
39 7 28.046000
40 7 17.059300
41 7 41.944000
42 7 33.327800
43 7 14.979700
44 7 4.638870
45 7 23.015000
46 7 35.990600
47 7 40.971700
48 7 27.422700
49 7 34.165200
50 7 0.000000
51 7 0.000000
52 7 0.000000
53 7 0.000000
54 7 0.000000
55 7 1.942470
56 7 36.065200
57 7 52.740700
58 7 36.711700
59 7 42.311700
60 7 43.421200
61 7 41.249800
62 7 38.486400
63 7 34.460300
64 7 35.129600
65 7 44.629200
66 7 66.593900
67 7 63.672900
68 7 82.779000
69 7 83.752600
70 7 88.954800
71 7 68.989500
72 7 54.305800
73 7 27.144600
74 7 6.633850
75 7 0.000000
76 7 0.000000
77 7 0.000000
78 7 0.000000
79 7 3.396630
80 7 12.031100
81 7 30.335000
82 7 40.113300
83 7 49.517500
84 7 40.027000
85 7 37.511500
86 7 28.554700
87 7 22.207000
88 7 30.563100
89 7 34.673100
90 7 44.598900
91 7 62.047700
92 7 80.002600
93 7 85.411300
94 7 82.309600
95 7 63.177600
96 7 48.314300
97 7 0.285808
98 7 0.000000
99 7 0.277816
100 7 0.000000
101 7 66.274700
102 7 58.137800
103 7 62.783200
104 7 66.131800
105 7 52.252400
106 7 53.580100
107 7 78.430600
108 7 96.185000
109 7 98.220300
110 7 79.186200
111 7 71.013200
112 7 66.248900
113 7 67.249900
114 7 63.911700
115 7 66.065600
116 7 70.206800
117 7 61.665000
118 7 59.033500
119 7 93.491800
120 7 106.757000
121 7 0.286007
122 7 0.000000
123 7 0.265489
124 7 0.000000
125 7 0.226940
126 7 0.000000
127 7 31.015100
128 7 16.653600
129 7 29.786100
130 7 53.773700
131 7 58.918700
132 7 58.755800
133 7 41.094500
134 7 9.308620
135 7 10.088700
136 7 8.860500
137 7 0.000000
138 7 0.000000
139 7 0.000000
140 7 6.208060
141 7 40.259400
142 7 82.357400
143 7 91.487700
144 7 0.183883
145 7 0.000000
146 7 0.162088
147 7 0.000000
148 7 0.160096
149 7 0.066700
150 7 0.168861
151 7 1.107000
152 7 70.348000
153 7 45.627800
154 7 63.760900
155 7 56.386000
156 7 50.781800
157 7 53.026300
158 7 40.272300
159 7 33.382700
160 7 26.971500
161 7 45.400400
162 7 86.290900
163 7 109.878000
164 7 102.846000
165 7 0.214154
166 7 0.207400
167 7 0.251031
168 7 0.194500
169 7 0.259333
170 7 0.910200
171 7 0.252855
172 7 0.972000
173 7 68.404000
174 7 35.532800
175 7 18.696500
176 7 27.844700
177 7 28.507700
178 7 33.739100
179 7 59.392300
180 7 85.298900
181 7 99.767000
182 7 0.243612
183 7 0.024500
184 7 0.247908
185 7 0.305800
186 7 0.248584
187 7 0.027500
188 7 0.205686
189 7 0.000000
190 7 0.281750
191 7 0.000000
192 7 0.342067
193 7 0.000000
194 7 76.964600
195 7 60.744600
196 7 121.942000
197 7 81.115700
198 7 0.290900
199 7 0.000000
200 7 0.180083
201 7 0.000000
202 7 0.119925
203 7 0.000000
204 7 0.113127
205 7 0.000000
206 7 0.093388
207 7 0.000000
208 7 0.818048
209 7 3.872630
210 7 12.142700
211 7 3.710680
212 7 6.956830
213 7 0.000000
214 7 1.579080
215 7 21.522900
216 7 1.656260
217 7 0.000000
218 7 4.402620
219 7 4.292200
220 7 4.114480
221 7 0.000000
222 7 0.658043
223 7 166.637000
224 7 0.000000
225 7 0.000000
226 7 1.850290
227 7 0.419689
228 7 0.699273
229 7 0.204663
230 7 0.429545
231 7 0.086475
1 8 31.571600
2 8 8.602500
3 8 6.562860
4 8 9.310800
5 8 10.253200
6 8 15.119900
7 8 27.662100
8 8 30.346900
9 8 61.844300
10 8 59.217800
11 8 49.348300
12 8 44.116100
13 8 53.026300
14 8 51.860600
15 8 47.633300
16 8 42.431000
17 8 40.950500
18 8 52.712700
19 8 66.296100
20 8 72.500100
21 8 94.820500
22 8 77.169300
23 8 69.199100
24 8 68.546400
25 8 38.576200
26 8 41.545000
27 8 53.143500
28 8 54.173900
29 8 51.023400
30 8 48.375000
31 8 44.604000
32 8 46.160400
33 8 23.393300
34 8 18.769500
35 8 0.000000
36 8 44.226800
37 8 40.290000
38 8 43.470400
39 8 28.046000
40 8 17.059300
41 8 41.944000
42 8 33.327800
43 8 14.979700
44 8 4.638870
45 8 23.015000
46 8 35.990600
47 8 40.971700
48 8 27.422700
49 8 26.869700
50 8 0.000000
51 8 1.090070
52 8 2.848120
53 8 3.091670
54 8 0.000000
55 8 7.468630
56 8 35.833500
57 8 53.607800
58 8 48.339700
59 8 47.191900
60 8 43.694100
61 8 44.092200
62 8 46.127100
63 8 46.502700
64 8 38.415200
65 8 39.784900
66 8 44.431600
67 8 70.965800
68 8 77.364600
69 8 84.775600
70 8 65.006000
71 8 57.776200
72 8 58.908500
73 8 34.979900
74 8 21.178600
75 8 12.999700
76 8 17.239200
77 8 22.992400
78 8 10.244100
79 8 24.500300
80 8 34.453900
81 8 53.898200
82 8 69.366200
83 8 81.511800
84 8 70.270000
85 8 68.670600
86 8 61.103800
87 8 56.959100
88 8 64.708300
89 8 54.853900
90 8 36.583400
91 8 72.912900
92 8 85.094200
93 8 96.253800
94 8 66.339800
95 8 55.968300
96 8 56.143600
97 8 0.300754
98 8 0.000000
99 8 0.324582
100 8 0.000000
101 8 74.358800
102 8 56.611200
103 8 61.264800
104 8 64.514700
105 8 51.354300
106 8 52.178600
107 8 71.488600
108 8 82.669600
109 8 82.214400
110 8 82.046300
111 8 77.238700
112 8 66.091300
113 8 57.796700
114 8 58.613500
115 8 58.539500
116 8 60.150800
117 8 58.232900
118 8 57.781500
119 8 94.163900
120 8 107.767000
121 8 0.347429
122 8 0.000000
123 8 0.344175
124 8 0.000000
125 8 0.312655
126 8 0.000000
127 8 1.941090
128 8 0.000000
129 8 6.939470
130 8 30.698100
131 8 48.372400
132 8 59.296800
133 8 26.354800
134 8 18.017100
135 8 15.092900
136 8 19.100900
137 8 7.012020
138 8 0.000000
139 8 0.000000
140 8 32.416200
141 8 62.493900
142 8 94.003200
143 8 109.099000
144 8 0.263222
145 8 0.000000
146 8 0.241107
147 8 0.000000
148 8 0.238836
149 8 0.012700
150 8 0.249846
151 8 0.640000
152 8 40.522600
153 8 54.141400
154 8 62.038600
155 8 66.302300
156 8 63.061100
157 8 60.308900
158 8 57.246900
159 8 51.132400
160 8 48.909000
161 8 55.715000
162 8 95.911600
163 8 85.893500
164 8 90.671600
165 8 0.372248
166 8 0.785500
167 8 0.381546
168 8 0.939400
169 8 0.371067
170 8 0.073600
171 8 0.351004
172 8 0.248700
173 8 55.162400
174 8 40.137700
175 8 31.958800
176 8 46.493800
177 8 52.306400
178 8 91.781800
179 8 107.215000
180 8 111.101000
181 8 101.411000
182 8 0.342071
183 8 0.382100
184 8 0.369362
185 8 0.113800
186 8 0.403005
187 8 0.014400
188 8 0.426423
189 8 0.000000
190 8 0.428053
191 8 0.000000
192 8 0.434775
193 8 0.000000
194 8 92.436500
195 8 96.936600
196 8 74.686600
197 8 38.291600
198 8 0.420406
199 8 0.000000
200 8 0.423841
201 8 0.000000
202 8 0.436260
203 8 0.000000
204 8 0.435535
205 8 0.000000
206 8 0.441302
207 8 0.000000
208 8 1.204960
209 8 4.488480
210 8 11.934400
211 8 4.860910
212 8 6.788410
213 8 0.000000
214 8 2.007810
215 8 25.088400
216 8 1.625280
217 8 0.000000
218 8 3.733390
219 8 3.444410
220 8 3.623880
221 8 0.000000
222 8 0.531802
223 8 187.225000
224 8 0.000000
225 8 0.000000
226 8 2.127170
227 8 0.096170
228 8 0.391176
229 8 0.157525
230 8 0.422960
231 8 0.244528
1 9 31.571600
2 9 8.602500
3 9 6.562860
4 9 9.310800
5 9 10.253200
6 9 15.119900
7 9 27.662100
8 9 30.346900
9 9 61.844300
10 9 59.217800
11 9 49.348300
12 9 44.116100
13 9 53.026300
14 9 51.860600
15 9 47.633300
16 9 42.431000
17 9 40.950500
18 9 52.712700
19 9 66.296100
20 9 72.500100
21 9 94.820500
22 9 77.169300
23 9 69.199100
24 9 68.546400
25 9 38.576200
26 9 41.545000
27 9 53.143500
28 9 54.173900
29 9 51.023400
30 9 48.375000
31 9 44.604000
32 9 46.160400
33 9 23.393300
34 9 18.769500
35 9 0.000000
36 9 44.226800
37 9 40.290000
38 9 43.470400
39 9 28.046000
40 9 17.059300
41 9 41.944000
42 9 33.327800
43 9 14.979700
44 9 4.638870
45 9 23.015000
46 9 35.990600
47 9 40.971700
48 9 27.422700
49 9 34.165200
50 9 0.000000
51 9 0.000000
52 9 0.000000
53 9 0.000000
54 9 0.000000
55 9 1.942470
56 9 36.065200
57 9 52.740700
58 9 36.711700
59 9 42.311700
60 9 43.421200
61 9 41.249800
62 9 38.486400
63 9 34.460300
64 9 35.129600
65 9 44.629200
66 9 66.593900
67 9 63.672900
68 9 82.779000
69 9 83.752600
70 9 88.954800
71 9 68.989500
72 9 54.305800
73 9 27.144600
74 9 6.633850
75 9 0.000000
76 9 0.000000
77 9 0.000000
78 9 0.000000
79 9 3.396630
80 9 12.031100
81 9 30.335000
82 9 40.113300
83 9 49.517500
84 9 40.027000
85 9 37.511500
86 9 28.554700
87 9 22.207000
88 9 30.563100
89 9 34.673100
90 9 44.598900
91 9 62.047700
92 9 80.002600
93 9 85.411300
94 9 82.309600
95 9 63.177600
96 9 48.314300
97 9 0.285808
98 9 0.000000
99 9 0.277816
100 9 0.000000
101 9 66.274700
102 9 58.137800
103 9 62.783200
104 9 66.131800
105 9 52.252400
106 9 53.580100
107 9 78.430600
108 9 96.185000
109 9 98.220300
110 9 79.186200
111 9 71.013200
112 9 66.248900
113 9 67.249900
114 9 63.911700
115 9 66.065600
116 9 70.206800
117 9 61.665000
118 9 59.033500
119 9 93.491800
120 9 106.757000
121 9 0.286007
122 9 0.000000
123 9 0.265489
124 9 0.000000
125 9 0.226940
126 9 0.000000
127 9 26.990000
128 9 10.041000
129 9 55.190600
130 9 65.505000
131 9 98.787600
132 9 100.308000
133 9 73.435900
134 9 77.435200
135 9 76.568200
136 9 80.378200
137 9 70.381900
138 9 52.787800
139 9 49.406000
140 9 72.441800
141 9 98.975100
142 9 137.060000
143 9 164.248000
144 9 0.213845
145 9 0.000000
146 9 0.213713
147 9 0.000000
148 9 0.189160
149 9 0.024200
150 9 0.145793
151 9 0.150300
152 9 58.247600
153 9 47.025200
154 9 49.579900
155 9 55.528700
156 9 41.517000
157 9 38.194300
158 9 38.731000
159 9 35.782400
160 9 30.791900
161 9 38.890000
162 9 56.455700
163 9 88.032300
164 9 90.572300
165 9 0.132996
166 9 0.610900
167 9 0.131695
168 9 0.109800
169 9 0.123911
170 9 0.392000
171 9 0.123647
172 9 0.487400
173 9 86.689900
174 9 76.444700
175 9 87.059400
176 9 84.296700
177 9 85.569900
178 9 96.654600
179 9 117.515000
180 9 171.035000
181 9 134.802000
182 9 0.139673
183 9 0.658200
184 9 0.150062
185 9 0.725300
186 9 0.149274
187 9 0.116900
188 9 0.149233
189 9 0.000000
190 9 0.175073
191 9 0.000000
192 9 0.225887
193 9 0.000000
194 9 112.389000
195 9 113.625000
196 9 100.545000
197 9 43.103800
198 9 0.270857
199 9 0.000000
200 9 0.322447
201 9 0.000000
202 9 0.324001
203 9 0.000000
204 9 0.275812
205 9 0.000000
206 9 0.212686
207 9 0.000000
208 9 0.944716
209 9 3.656170
210 9 2.043530
211 9 4.327060
212 9 5.921060
213 9 0.000000
214 9 1.906190
215 9 23.362600
216 9 1.438400
217 9 0.000000
218 9 4.248690
219 9 3.856970
220 9 4.392670
221 9 0.000000
222 9 0.275321
223 9 215.133000
224 9 0.000000
225 9 0.000000
226 9 1.600350
227 9 0.465204
228 9 0.799402
229 9 0.239589
230 9 0.394040
231 9 0.014491
1 10 40.086200
2 10 13.058500
3 10 5.132150
4 10 2.003050
5 10 0.754797
6 10 1.485710
7 10 15.803200
8 10 19.568900
9 10 58.227200
10 10 62.223800
11 10 46.291800
12 10 36.543300
13 10 45.716200
14 10 35.679200
15 10 35.494400
16 10 31.694800
17 10 40.692000
18 10 38.178000
19 10 59.240000
20 10 63.092200
21 10 93.033700
22 10 75.946300
23 10 53.691700
24 10 41.118700
25 10 39.505200
26 10 49.332400
27 10 54.790300
28 10 50.827900
29 10 50.629800
30 10 48.129000
31 10 43.889400
32 10 50.554000
33 10 41.325600
34 10 56.823100
35 10 31.592500
36 10 69.601300
37 10 71.227300
38 10 77.662200
39 10 60.100800
40 10 52.204900
41 10 40.158000
42 10 43.328400
43 10 23.494600
44 10 0.000000
45 10 19.223900
46 10 28.125100
47 10 29.444400
48 10 20.025200
49 10 15.340200
50 10 0.000000
51 10 0.000000
52 10 0.000000
53 10 0.000000
54 10 5.558160
55 10 3.511110
56 10 26.329900
57 10 57.575100
58 10 62.216300
59 10 61.344800
60 10 45.164000
61 10 36.418700
62 10 41.816300
63 10 33.557400
64 10 22.604500
65 10 25.121400
66 10 47.412900
67 10 51.705700
68 10 72.176000
69 10 78.431200
70 10 74.730900
71 10 55.455300
72 10 46.906500
73 10 20.724400
74 10 4.109000
75 10 0.000000
76 10 0.000000
77 10 0.000000
78 10 12.016000
79 10 15.348500
80 10 23.517100
81 10 56.995300
82 10 78.431500
83 10 94.806600
84 10 78.355600
85 10 67.975100
86 10 57.798400
87 10 50.081700
88 10 53.368900
89 10 45.285900
90 10 44.390600
91 10 64.413700
92 10 79.357900
93 10 92.593700
94 10 85.763300
95 10 64.850700
96 10 56.422200
97 10 0.296378
98 10 0.000000
99 10 0.279435
100 10 0.000000
101 10 62.008200
102 10 51.769200
103 10 54.698300
104 10 52.409400
105 10 49.044400
106 10 45.723900
107 10 68.667900
108 10 80.153200
109 10 77.015200
110 10 51.418100
111 10 53.682400
112 10 43.359600
113 10 35.000100
114 10 37.046800
115 10 38.778400
116 10 34.998400
117 10 26.272600
118 10 63.472600
119 10 76.368700
120 10 88.819700
121 10 0.281284
122 10 0.000000
123 10 0.272222
124 10 0.000000
125 10 0.228752
126 10 0.000000
127 10 17.229300
128 10 29.687600
129 10 30.051300
130 10 29.122900
131 10 47.072600
132 10 53.137200
133 10 36.186400
134 10 34.357900
135 10 35.888500
136 10 37.940000
137 10 30.691200
138 10 18.208400
139 10 15.922800
140 10 34.577800
141 10 72.639300
142 10 105.002000
143 10 103.122000
144 10 0.178463
145 10 0.000000
146 10 0.167995
147 10 0.000000
148 10 0.171015
149 10 0.030800
150 10 0.234484
151 10 0.553200
152 10 78.082900
153 10 68.152300
154 10 33.334600
155 10 46.952700
156 10 46.750800
157 10 56.547200
158 10 59.025200
159 10 58.658800
160 10 47.926400
161 10 41.567500
162 10 72.190300
163 10 78.432400
164 10 74.424800
165 10 0.283762
166 10 0.500600
167 10 0.313266
168 10 0.127000
169 10 0.358062
170 10 0.690700
171 10 0.331284
172 10 1.476300
173 10 63.236500
174 10 64.379900
175 10 62.553900
176 10 55.730200
177 10 56.943200
178 10 66.025100
179 10 80.998600
180 10 82.296700
181 10 80.866300
182 10 0.303296
183 10 6.351600
184 10 0.285914
185 10 0.077600
186 10 0.290870
187 10 0.087400
188 10 0.312803
189 10 0.000000
190 10 0.354460
191 10 0.000000
192 10 0.337911
193 10 0.000000
194 10 104.237000
195 10 98.102100
196 10 73.544700
197 10 34.491000
198 10 0.249469
199 10 0.000000
200 10 0.187525
201 10 0.000000
202 10 0.172906
203 10 0.000000
204 10 0.169238
205 10 0.000000
206 10 0.143362
207 10 0.000000
208 10 1.209600
209 10 5.363260
210 10 0.759299
211 10 4.750840
212 10 8.420610
213 10 0.000000
214 10 1.420370
215 10 24.171300
216 10 1.642330
217 10 0.000000
218 10 0.000000
219 10 0.000000
220 10 0.000000
221 10 0.000000
222 10 1.047770
223 10 137.512000
224 10 0.000000
225 10 0.000000
226 10 2.216380
227 10 0.365981
228 10 0.737811
229 10 0.083640
230 10 0.311373
231 10 0.027727
;

param Prob0 :=
1	0.000
2	0.100
3	0.200
4	0.100
5	0.100
6	0.100
7	0.100
8	0.100
9	0.100
10	0.100
;
set c[0,5] := 5 1 2 3 4 6 7 8 9 10;
set c[1,5] := 5 1 3 4 10;
set c[1,8] := 8 2 6 7 9;
set c[2,7] := 7 8 2 6 9;
set c[2,1] := 1 3 10;
set c[2,5] := 5 4;
set c[3,5] := 5 4;
set c[3,3] := 3 1 10;
set c[3,9] := 9 7;
set c[3,2] := 2 8;
set c[3,6] := 6;
set c[4,2] := 2 8;
set c[4,3] := 3 1 10;
set c[4,9] := 9 7;
set c[4,6] := 6;
set c[4,5] := 5 4;
set c[5,6] := 6;
set c[5,5] := 5 4;
set c[5,1] := 1 3 10;
set c[5,9] := 9 7;
set c[5,2] := 2 8;
set c[6,3] := 3 1 10;
set c[6,5] := 5 4;
set c[6,2] := 2 8;
set c[6,9] := 9 7;
set c[6,6] := 6;
set c[7,5] := 5 4;
set c[7,2] := 2 8;
set c[7,6] := 6;
set c[7,9] := 9 7;
set c[7,1] := 1 3 10;
set c[8,6] := 6;
set c[8,10] := 10 1 3;
set c[8,9] := 9 7;
set c[8,2] := 2 8;
set c[8,5] := 5 4;
set c[9,10] := 10 1 3;
set c[9,2] := 2 8;
set c[9,9] := 9 7;
set c[9,5] := 5 4;
set c[9,6] := 6;
set c[10,9] := 9 7;
set c[10,6] := 6;
set c[10,5] := 5 4;
set c[10,2] := 2 8;
set c[10,10] := 10 1 3;
set c[11,5] := 5 4;
set c[11,6] := 6;
set c[11,2] := 2 8;
set c[11,3] := 3 10 1;
set c[11,9] := 9;
set c[11,7] := 7;
set c[12,2] := 2 8;
set c[12,7] := 7;
set c[12,9] := 9;
set c[12,6] := 6;
set c[12,1] := 1 3 10;
set c[12,5] := 5;
set c[12,4] := 4;
set c[13,7] := 7;
set c[13,4] := 4;
set c[13,10] := 10 1 3;
set c[13,5] := 5;
set c[13,9] := 9;
set c[13,6] := 6;
set c[13,2] := 2 8;
set c[14,2] := 2 8;
set c[14,10] := 10 1 3;
set c[14,4] := 4;
set c[14,5] := 5;
set c[14,6] := 6;
set c[14,9] := 9;
set c[14,7] := 7;
set c[15,4] := 4;
set c[15,7] := 7;
set c[15,5] := 5;
set c[15,10] := 10 1 3;
set c[15,6] := 6;
set c[15,9] := 9;
set c[15,2] := 2 8;
set c[16,5] := 5;
set c[16,7] := 7;
set c[16,9] := 9;
set c[16,6] := 6;
set c[16,2] := 2 8;
set c[16,3] := 3 10 1;
set c[16,4] := 4;
set c[17,3] := 3 10 1;
set c[17,6] := 6;
set c[17,9] := 9;
set c[17,7] := 7;
set c[17,2] := 2;
set c[17,8] := 8;
set c[17,4] := 4;
set c[17,5] := 5;
set c[18,5] := 5;
set c[18,7] := 7;
set c[18,2] := 2;
set c[18,8] := 8;
set c[18,4] := 4;
set c[18,9] := 9;
set c[18,6] := 6;
set c[18,3] := 3 10 1;
set c[19,4] := 4;
set c[19,6] := 6;
set c[19,7] := 7;
set c[19,10] := 10 3 1;
set c[19,9] := 9;
set c[19,8] := 8;
set c[19,2] := 2;
set c[19,5] := 5;
set c[20,6] := 6;
set c[20,7] := 7;
set c[20,9] := 9;
set c[20,8] := 8;
set c[20,5] := 5;
set c[20,2] := 2;
set c[20,10] := 10 3 1;
set c[20,4] := 4;
set c[21,5] := 5;
set c[21,10] := 10 3 1;
set c[21,4] := 4;
set c[21,8] := 8;
set c[21,7] := 7;
set c[21,9] := 9;
set c[21,2] := 2;
set c[21,6] := 6;
set c[22,7] := 7;
set c[22,3] := 3 1;
set c[22,10] := 10;
set c[22,2] := 2;
set c[22,9] := 9;
set c[22,6] := 6;
set c[22,4] := 4;
set c[22,8] := 8;
set c[22,5] := 5;
set c[23,6] := 6;
set c[23,9] := 9;
set c[23,10] := 10;
set c[23,4] := 4;
set c[23,8] := 8;
set c[23,3] := 3 1;
set c[23,5] := 5;
set c[23,2] := 2;
set c[23,7] := 7;
set c[24,10] := 10;
set c[24,5] := 5;
set c[24,2] := 2;
set c[24,3] := 3 1;
set c[24,8] := 8;
set c[24,7] := 7;
set c[24,9] := 9;
set c[24,4] := 4;
set c[24,6] := 6;
set c[25,7] := 7;
set c[25,6] := 6;
set c[25,9] := 9;
set c[25,4] := 4;
set c[25,2] := 2;
set c[25,8] := 8;
set c[25,5] := 5;
set c[25,3] := 3 1;
set c[25,10] := 10;
set c[26,10] := 10;
set c[26,3] := 3 1;
set c[26,5] := 5;
set c[26,6] := 6;
set c[26,4] := 4;
set c[26,8] := 8;
set c[26,9] := 9;
set c[26,2] := 2;
set c[26,7] := 7;
set c[27,5] := 5;
set c[27,2] := 2;
set c[27,8] := 8;
set c[27,6] := 6;
set c[27,7] := 7;
set c[27,3] := 3 1;
set c[27,4] := 4;
set c[27,9] := 9;
set c[27,10] := 10;
set c[28,8] := 8;
set c[28,3] := 3 1;
set c[28,7] := 7;
set c[28,2] := 2;
set c[28,4] := 4;
set c[28,9] := 9;
set c[28,6] := 6;
set c[28,10] := 10;
set c[28,5] := 5;
set c[29,9] := 9;
set c[29,2] := 2;
set c[29,6] := 6;
set c[29,7] := 7;
set c[29,3] := 3 1;
set c[29,4] := 4;
set c[29,10] := 10;
set c[29,5] := 5;
set c[29,8] := 8;
set c[30,4] := 4;
set c[30,7] := 7;
set c[30,3] := 3 1;
set c[30,2] := 2;
set c[30,5] := 5;
set c[30,8] := 8;
set c[30,10] := 10;
set c[30,6] := 6;
set c[30,9] := 9;
set c[31,7] := 7;
set c[31,2] := 2;
set c[31,5] := 5;
set c[31,3] := 3 1;
set c[31,9] := 9;
set c[31,8] := 8;
set c[31,10] := 10;
set c[31,6] := 6;
set c[31,4] := 4;
set c[32,6] := 6;
set c[32,4] := 4;
set c[32,9] := 9;
set c[32,3] := 3 1;
set c[32,8] := 8;
set c[32,5] := 5;
set c[32,10] := 10;
set c[32,2] := 2;
set c[32,7] := 7;
set c[33,3] := 3 1;
set c[33,2] := 2;
set c[33,4] := 4;
set c[33,9] := 9;
set c[33,7] := 7;
set c[33,5] := 5;
set c[33,10] := 10;
set c[33,8] := 8;
set c[33,6] := 6;
set c[34,8] := 8;
set c[34,6] := 6;
set c[34,7] := 7;
set c[34,10] := 10;
set c[34,9] := 9;
set c[34,4] := 4;
set c[34,2] := 2;
set c[34,5] := 5;
set c[34,3] := 3 1;

