#erel:= 0.850;
#emax:= 2536.826;
#q:= 0.000;
#nesce:=     8;
#etime:= 0.043;
#snodes:=   239;
param nS:=    10;
param nSG:=    34;
param nRVSG :=
1 24
5 2
9 2
13 2
17 2
21 9
25 2
29 2
33 2
2 24
6 2
10 2
14 2
18 2
22 2
26 2
30 2
34 24
3 24
7 20
11 17
15 2
19 2
23 2
27 2
31 2
4 24
8 2
12 2
16 13
20 2
24 2
28 4
32 2
;


param ScenF :=
1 47.338
59 90.0296
117 65.4439
175 61.0797
2 65.9901
60 80.511
118 73.6413
176 62.6681
3 56.0794
61 69.3493
119 92.0623
177 67.5573
4 47.5114
62 66.7828
120 91.647
178 95.0938
5 43.6564
63 59.7565
121 0.595012
179 115.394
6 46.1221
64 57.4779
122 0
180 125.695
7 59.7659
65 54.2743
123 0.558462
181 87.7156
8 74.0206
66 54.5071
124 0
182 0.547326
9 109.346
67 72.4939
125 0.530269
183 0.548
10 119.62
68 98.1861
126 0
184 0.507705
11 90.9747
69 95.9499
127 53.3284
185 0.4341
12 77.6449
70 85.5617
128 81.6449
186 0.458115
13 66.8297
71 78.8773
129 83.8449
187 0.2203
14 61.526
72 81.5966
130 76.6858
188 0.450339
15 57.7106
73 46.1036
131 97.0004
189 0.0035
16 57.4746
74 74.0327
132 94.7602
190 0.504564
17 63.4011
75 68.7723
133 79.3604
191 0
18 73.0396
76 65.4085
134 65.035
192 0.524713
19 95.9873
77 61.851
135 66.3028
193 0
20 113.312
78 69.2189
136 64.4734
194 93.053
21 103.838
79 83.2819
137 68.2545
195 80.4691
22 98.4022
80 97.178
138 69.3661
196 73.4764
23 93.5821
81 119.861
139 68.7836
197 58.5649
24 78.1106
82 113.302
140 76.243
198 0.503664
25 4.14286
83 92.2014
141 99.2913
199 0
26 8.25759
84 85.2205
142 113.549
200 0.488435
27 8.51708
85 79.983
143 91.5613
201 0
28 7.82127
86 82.1975
144 0.500454
202 0.483924
29 7.84665
87 82.2316
145 0
203 0
30 9.5768
88 78.9179
146 0.456011
204 0.467329
31 13.5153
89 78.2662
147 0
205 0
32 9.75462
90 81.8525
148 0.42215
206 0.408336
33 14.0662
91 107.658
149 0.019
207 0
34 20.0831
92 137.512
150 0.446264
208 0.838688
35 32.8187
93 141.156
151 0.1701
209 4.137
36 28.2578
94 127.368
152 73.7378
210 15.676
37 31.4665
95 116.62
153 91.876
211 3.49707
38 26.8649
96 113.546
154 74.2494
212 0
39 30.2572
97 0.668427
155 55.4382
213 8.74531
40 34.4133
98 0
156 49.3477
214 0.695312
41 38.3017
99 0.636412
157 55.8936
215 0
42 32.2347
100 0
158 57.6565
216 0.882742
43 39.9549
101 43.4437
159 62.2474
217 2.0391
44 15.3097
102 65.8678
160 63.6666
218 1.18908
45 6.75642
103 65.7413
161 69.3573
219 0
46 8.35101
104 62.4997
162 93.7426
220 0.996894
47 11.1078
105 60.2931
163 106.005
221 3.16727
48 14.2117
106 61.0712
164 95.9876
222 0
49 40.3161
107 64.8209
165 0.506178
223 0
50 67.0047
108 70.8454
166 0.3463
224 131.525
51 64.2216
109 94.3893
167 0.546114
225 3.43871
52 61.8814
110 97.078
168 0.5381
226 0
53 57.4479
111 74.4311
169 0.559977
227 0.168635
54 59.549
112 66.7292
170 0.6026
228 0.351387
55 65.1839
113 63.7427
171 0.559206
229 0.97767
56 73.0757
114 70.3313
172 0.6024
230 0.752648
57 107.091
115 69.2782
173 59.2745
231 1.0526
58 115.815
116 65.9463
174 60.4937
;


param ScenO :=
1 72.23
48 8
95 81.32
142 84.89
189 0.004
2 75
49 66.43
96 78.46
143 83.61
190 0.152
3 69.03
50 63.89
97 0.663
144 0.585
191 0
4 59.9
51 59.03
98 0
145 0
192 0.135
5 61.16
52 54.6
99 0.685
146 0.627
193 0
6 49.3
53 54.6
100 0
147 0
194 83.46
7 49.3
54 51.9
101 62.23
148 0.644
195 83.46
8 50
55 51.9
102 70
149 0.044
196 83.46
9 54.9
56 52.24
103 70.01
150 0.607
197 73.94
10 68.96
57 56.5
104 70.01
151 0.321
198 0.107
11 54.9
58 60.95
105 69.98
152 79.57
199 0
12 49.6
59 54
106 55.3
153 77.09
200 0.084
13 49.3
60 52.2
107 54.23
154 77.09
201 0
14 49.3
61 47.1
108 56
155 61.38
202 0.064
15 49.3
62 49.3
109 70.01
156 57
203 0
16 48.6
63 49.3
110 68.96
157 54.23
204 0.068
17 47.79
64 50.2
111 60.9
158 54.39
205 0
18 53.5
65 49.39
112 59.64
159 53.46
206 0.116
19 78.39
66 53.4
113 57
160 47.79
207 0
20 85.02
67 67.28
114 59.64
161 64.52
208 0.851862
21 83.61
68 75.09
115 59.64
162 75
209 0.954933
22 83.46
69 78.6
116 55.89
163 85.02
210 0.988845
23 83.46
70 78.45
117 55
164 86.61
211 1.5172
24 83.46
71 77.47
118 58.52
165 0.459
212 1.46534
25 14.4
72 75.54
119 73.39
166 0.52
213 1.83692
26 9.6
73 62.23
120 81
167 0.332
214 1.90183
27 13.6
74 65
121 0.635
168 0.637
215 1.6108
28 15.64
75 67.03
122 0
169 0.239
216 1.46703
29 15
76 69.15
123 0.571
170 0.687
217 0.862819
30 26.2
77 61.16
124 0
171 0.146
218 0.226412
31 26.2
78 61.05
125 0.551
172 0.678
219 1.56008
32 24.68
79 61.05
126 0
173 70
220 1.5787
33 18.12
80 57.25
127 62.33
174 72.12
221 1.55416
34 21.68
81 62.15
128 74.3
175 59.64
222 1.62393
35 25.68
82 58.96
129 69.99
176 50.69
223 0.388477
36 30.8
83 54.9
130 77.33
177 72.6
224 0
37 30.88
84 53.6
131 73.95
178 72.5
225 0.505047
38 29.4
85 49.3
132 69.99
179 85.02
226 0.998086
39 28.6
86 54.23
133 69.99
180 83.61
227 1.14973
40 28.8
87 53.3
134 59.64
181 83.46
228 0.982538
41 31.16
88 50.3
135 54.23
182 0.081
229 1.04421
42 32.76
89 47.79
136 60
183 0.609
230 1.08831
43 8.04
90 53.5
137 60
184 0.053
231 1.13144
44 5
91 62.5
138 53.46
185 0.472
45 5.2
92 75.95
139 52.56
186 0.071
46 7
93 78.95
140 66.52
187 0.25
47 5.36
94 79.46
141 75
188 0.127
;


param Scen0 :=
1 1 95.189600
2 1 75.123700
3 1 67.934500
4 1 59.210800
5 1 56.875200
6 1 57.584300
7 1 65.265600
8 1 77.635400
9 1 113.261000
10 1 126.304000
11 1 101.681000
12 1 71.410600
13 1 64.212600
14 1 58.720400
15 1 54.248700
16 1 51.508300
17 1 70.231600
18 1 72.251800
19 1 102.264000
20 1 103.778000
21 1 104.605000
22 1 95.309400
23 1 78.007600
24 1 63.045600
25 1 15.894900
26 1 0.704974
27 1 8.194720
28 1 7.859980
29 1 4.929460
30 1 0.699927
31 1 10.693800
32 1 0.000000
33 1 1.915020
34 1 12.427500
35 1 7.243840
36 1 32.488200
37 1 0.451314
38 1 22.888400
39 1 26.733200
40 1 20.975800
41 1 23.210800
42 1 49.793300
43 1 36.635600
44 1 31.375600
45 1 5.756600
46 1 0.000000
47 1 5.863470
48 1 15.051000
49 1 62.396100
50 1 55.527300
51 1 60.182300
52 1 53.763800
53 1 48.084800
54 1 70.421400
55 1 69.089900
56 1 78.390600
57 1 109.235000
58 1 119.885000
59 1 103.935000
60 1 84.297200
61 1 67.932500
62 1 69.486900
63 1 57.585000
64 1 43.233900
65 1 40.640900
66 1 47.867900
67 1 56.975200
68 1 72.529800
69 1 68.825500
70 1 67.690400
71 1 69.923500
72 1 70.920800
73 1 67.919400
74 1 65.376100
75 1 66.618600
76 1 55.770900
77 1 52.189300
78 1 75.290500
79 1 89.273600
80 1 105.947000
81 1 131.319000
82 1 131.380000
83 1 111.422000
84 1 91.658400
85 1 80.314300
86 1 85.733600
87 1 86.341700
88 1 75.280100
89 1 75.479900
90 1 82.970300
91 1 109.351000
92 1 127.698000
93 1 129.891000
94 1 125.092000
95 1 117.034000
96 1 115.202000
97 1 0.707042
98 1 0.000000
99 1 0.756894
100 1 0.000000
101 1 52.406700
102 1 54.878300
103 1 63.162700
104 1 50.214200
105 1 46.773400
106 1 68.842300
107 1 77.911600
108 1 87.549200
109 1 111.117000
110 1 112.348000
111 1 87.136200
112 1 76.431100
113 1 67.019900
114 1 66.179900
115 1 67.226500
116 1 58.680600
117 1 55.022400
118 1 67.200800
119 1 91.747200
120 1 104.021000
121 1 0.803912
122 1 0.000000
123 1 0.819011
124 1 0.000000
125 1 0.860661
126 1 0.000000
127 1 48.924700
128 1 50.144100
129 1 59.976100
130 1 76.353200
131 1 88.167000
132 1 91.259500
133 1 74.814400
134 1 55.940400
135 1 52.513500
136 1 53.722000
137 1 51.973700
138 1 55.054200
139 1 66.268700
140 1 86.975600
141 1 90.109900
142 1 102.851000
143 1 122.579000
144 1 0.495640
145 1 0.000000
146 1 0.443539
147 1 0.000000
148 1 0.408200
149 1 0.011300
150 1 0.232262
151 1 0.522800
152 1 90.723500
153 1 99.998700
154 1 95.358200
155 1 58.825500
156 1 18.304600
157 1 42.428500
158 1 63.949200
159 1 46.370500
160 1 36.876000
161 1 48.071200
162 1 111.219000
163 1 123.234000
164 1 127.568000
165 1 0.285559
166 1 0.173800
167 1 0.325642
168 1 1.446700
169 1 0.352445
170 1 0.073600
171 1 0.359982
172 1 0.389500
173 1 84.434200
174 1 66.614300
175 1 65.931500
176 1 66.527800
177 1 70.810100
178 1 86.831500
179 1 100.235000
180 1 96.301900
181 1 90.812100
182 1 0.351231
183 1 0.067600
184 1 0.325414
185 1 0.023300
186 1 0.277423
187 1 0.043800
188 1 0.260092
189 1 0.000200
190 1 0.558885
191 1 0.000000
192 1 0.570630
193 1 0.000000
194 1 68.944500
195 1 76.559700
196 1 64.813500
197 1 58.292800
198 1 0.529808
199 1 0.000000
200 1 0.488371
201 1 0.000000
202 1 0.497357
203 1 0.000000
204 1 0.480757
205 1 0.000000
206 1 0.413258
207 1 0.000000
208 1 1.448560
209 1 2.997330
210 1 25.960000
211 1 3.239820
212 1 1.588420
213 1 7.058050
214 1 1.285610
215 1 0.000000
216 1 0.947791
217 1 1.462780
218 1 2.753770
219 1 0.485916
220 1 2.441770
221 1 0.000000
222 1 0.000000
223 1 182.454000
224 1 4.328250
225 1 0.000000
226 1 2.793330
227 1 0.806289
228 1 0.592813
229 1 0.978529
230 1 0.861383
231 1 0.947176
1 2 91.478500
2 2 77.076300
3 2 63.432000
4 2 58.608300
5 2 55.519400
6 2 49.859000
7 2 73.854100
8 2 86.084500
9 2 111.790000
10 2 123.673000
11 2 103.647000
12 2 89.106900
13 2 84.042600
14 2 78.488500
15 2 66.289700
16 2 68.858800
17 2 70.072800
18 2 67.654200
19 2 98.696200
20 2 95.016600
21 2 98.695300
22 2 85.400400
23 2 86.629200
24 2 81.304500
25 2 7.309330
26 2 0.000000
27 2 0.000000
28 2 0.000000
29 2 0.000000
30 2 0.000000
31 2 7.717110
32 2 22.775000
33 2 19.231100
34 2 25.030600
35 2 31.613400
36 2 55.756300
37 2 48.736200
38 2 48.357200
39 2 49.586600
40 2 51.025100
41 2 39.684700
42 2 52.685900
43 2 43.911500
44 2 30.862300
45 2 10.396500
46 2 7.218920
47 2 10.050600
48 2 21.248900
49 2 86.205600
50 2 63.561100
51 2 66.317100
52 2 66.080700
53 2 64.569700
54 2 50.964600
55 2 70.142800
56 2 82.641900
57 2 101.152000
58 2 109.859000
59 2 93.290100
60 2 84.498600
61 2 74.504400
62 2 72.004700
63 2 69.407700
64 2 63.420900
65 2 58.841900
66 2 52.293400
67 2 90.092800
68 2 96.708500
69 2 107.629000
70 2 90.790100
71 2 97.541400
72 2 95.877000
73 2 86.591600
74 2 85.237500
75 2 80.362000
76 2 80.896800
77 2 77.730000
78 2 69.719900
79 2 94.856100
80 2 111.501000
81 2 125.694000
82 2 120.656000
83 2 97.335500
84 2 86.032800
85 2 85.007100
86 2 86.920700
87 2 75.196600
88 2 76.678800
89 2 70.174000
90 2 62.774600
91 2 103.808000
92 2 119.362000
93 2 135.017000
94 2 117.831000
95 2 108.770000
96 2 103.086000
97 2 0.681125
98 2 0.000000
99 2 0.666030
100 2 0.000000
101 2 87.011300
102 2 69.558500
103 2 70.369300
104 2 70.523100
105 2 61.182500
106 2 62.493000
107 2 79.359800
108 2 90.203800
109 2 85.130700
110 2 81.447400
111 2 74.731000
112 2 69.160900
113 2 64.557600
114 2 70.001200
115 2 71.939600
116 2 71.554500
117 2 67.485400
118 2 66.656600
119 2 96.123000
120 2 106.915000
121 2 0.630386
122 2 0.000000
123 2 0.590563
124 2 0.000000
125 2 0.549536
126 2 0.000000
127 2 81.181000
128 2 92.154100
129 2 86.660500
130 2 76.644600
131 2 110.377000
132 2 106.943000
133 2 72.448300
134 2 53.121100
135 2 49.670100
136 2 51.473800
137 2 53.529200
138 2 52.864800
139 2 60.863200
140 2 74.845100
141 2 100.323000
142 2 121.809000
143 2 129.857000
144 2 0.495640
145 2 0.000000
146 2 0.443539
147 2 0.000000
148 2 0.408200
149 2 0.063900
150 2 0.448492
151 2 0.040800
152 2 52.217700
153 2 72.811100
154 2 62.057100
155 2 58.627400
156 2 59.317600
157 2 61.885400
158 2 61.491300
159 2 59.703400
160 2 61.741000
161 2 61.891700
162 2 96.300600
163 2 93.647100
164 2 108.788000
165 2 0.535546
166 2 0.763500
167 2 0.565954
168 2 0.311400
169 2 0.555810
170 2 5.702900
171 2 0.534479
172 2 0.391100
173 2 52.385000
174 2 52.229500
175 2 46.268200
176 2 42.402500
177 2 36.844300
178 2 49.944600
179 2 88.202600
180 2 112.002000
181 2 119.711000
182 2 0.497137
183 2 0.270400
184 2 0.183619
185 2 1.257500
186 2 0.149334
187 2 0.041500
188 2 0.153356
189 2 0.002600
190 2 0.220137
191 2 0.000000
192 2 0.237394
193 2 0.000000
194 2 80.363100
195 2 68.510000
196 2 72.431700
197 2 61.621700
198 2 0.268878
199 2 0.000000
200 2 0.338474
201 2 0.000000
202 2 0.401143
203 2 0.000000
204 2 0.378360
205 2 0.000000
206 2 0.303663
207 2 0.000000
208 2 1.463250
209 2 3.303330
210 2 36.962000
211 2 3.433460
212 2 0.000000
213 2 6.410490
214 2 0.654048
215 2 0.000000
216 2 0.860803
217 2 2.217300
218 2 2.417570
219 2 1.672610
220 2 2.270630
221 2 1.586510
222 2 2.181180
223 2 211.548000
224 2 0.000000
225 2 4.966320
226 2 1.187200
227 2 0.995232
228 2 0.923457
229 2 1.194850
230 2 1.062730
231 2 1.002010
1 3 95.189600
2 3 75.123700
3 3 67.934500
4 3 59.210800
5 3 56.875200
6 3 57.584300
7 3 65.265600
8 3 77.635400
9 3 113.261000
10 3 126.304000
11 3 101.681000
12 3 71.410600
13 3 64.212600
14 3 58.720400
15 3 54.248700
16 3 51.508300
17 3 70.231600
18 3 72.251800
19 3 102.264000
20 3 103.778000
21 3 104.605000
22 3 95.309400
23 3 78.007600
24 3 63.045600
25 3 15.894900
26 3 0.704974
27 3 8.194720
28 3 7.859980
29 3 4.929460
30 3 0.699927
31 3 10.693800
32 3 0.000000
33 3 1.915020
34 3 12.427500
35 3 7.243840
36 3 32.488200
37 3 0.451314
38 3 22.888400
39 3 26.733200
40 3 20.975800
41 3 23.210800
42 3 49.793300
43 3 36.635600
44 3 31.375600
45 3 5.756600
46 3 0.000000
47 3 5.863470
48 3 15.051000
49 3 62.396100
50 3 55.527300
51 3 60.182300
52 3 53.763800
53 3 48.084800
54 3 70.421400
55 3 69.089900
56 3 78.390600
57 3 109.235000
58 3 119.885000
59 3 103.935000
60 3 84.297200
61 3 67.932500
62 3 69.486900
63 3 57.585000
64 3 43.233900
65 3 40.640900
66 3 47.867900
67 3 56.975200
68 3 72.529800
69 3 68.825500
70 3 67.690400
71 3 69.923500
72 3 70.920800
73 3 67.919400
74 3 65.376100
75 3 66.618600
76 3 55.770900
77 3 52.189300
78 3 75.290500
79 3 89.273600
80 3 105.947000
81 3 131.319000
82 3 131.380000
83 3 111.422000
84 3 91.658400
85 3 80.314300
86 3 85.733600
87 3 86.341700
88 3 75.280100
89 3 75.479900
90 3 82.970300
91 3 109.351000
92 3 127.698000
93 3 129.891000
94 3 125.092000
95 3 117.034000
96 3 115.202000
97 3 0.707042
98 3 0.000000
99 3 0.756894
100 3 0.000000
101 3 52.406700
102 3 54.878300
103 3 63.162700
104 3 50.214200
105 3 46.773400
106 3 68.842300
107 3 77.911600
108 3 87.549200
109 3 111.117000
110 3 112.348000
111 3 87.136200
112 3 76.431100
113 3 67.019900
114 3 66.179900
115 3 67.226500
116 3 58.680600
117 3 55.022400
118 3 67.200800
119 3 91.747200
120 3 104.021000
121 3 0.803912
122 3 0.000000
123 3 0.819011
124 3 0.000000
125 3 0.860661
126 3 0.000000
127 3 48.924700
128 3 50.144100
129 3 59.976100
130 3 76.353200
131 3 88.167000
132 3 91.259500
133 3 74.814400
134 3 55.940400
135 3 52.513500
136 3 53.722000
137 3 51.973700
138 3 55.054200
139 3 66.268700
140 3 86.975600
141 3 90.109900
142 3 102.851000
143 3 122.579000
144 3 0.495640
145 3 0.000000
146 3 0.443539
147 3 0.000000
148 3 0.408200
149 3 0.011300
150 3 0.448492
151 3 0.121900
152 3 89.769100
153 3 86.523200
154 3 31.642800
155 3 36.355500
156 3 40.498100
157 3 55.679500
158 3 61.060700
159 3 65.638600
160 3 61.205600
161 3 47.805500
162 3 71.612300
163 3 94.502200
164 3 95.049600
165 3 0.535546
166 3 0.330300
167 3 0.565954
168 3 0.675200
169 3 0.555810
170 3 1.860000
171 3 0.534479
172 3 1.537800
173 3 55.541600
174 3 49.370400
175 3 48.377000
176 3 55.452500
177 3 75.288600
178 3 101.793000
179 3 122.100000
180 3 101.417000
181 3 129.795000
182 3 0.497137
183 3 0.963600
184 3 0.447296
185 3 0.513200
186 3 0.389590
187 3 0.662300
188 3 0.394921
189 3 0.006100
190 3 0.431701
191 3 0.000000
192 3 0.454341
193 3 0.000000
194 3 104.195000
195 3 88.321400
196 3 92.029500
197 3 61.758100
198 3 0.426527
199 3 0.000000
200 3 0.387539
201 3 0.000000
202 3 0.376048
203 3 0.000000
204 3 0.364072
205 3 0.000000
206 3 0.313752
207 3 0.000000
208 3 0.723107
209 3 2.328950
210 3 11.083800
211 3 2.488230
212 3 0.000000
213 3 6.163250
214 3 1.001010
215 3 0.000000
216 3 0.828076
217 3 1.972090
218 3 1.923630
219 3 0.685549
220 3 0.896728
221 3 0.181223
222 3 0.564245
223 3 143.566000
224 3 13.003000
225 3 0.000000
226 3 0.019466
227 3 0.553776
228 3 0.542749
229 3 0.817168
230 3 0.660902
231 3 0.627901
1 4 87.249200
2 4 78.359500
3 4 61.701000
4 4 50.671400
5 4 45.484500
6 4 46.818700
7 4 66.938300
8 4 69.015400
9 4 110.603000
10 4 121.278000
11 4 91.192700
12 4 82.087800
13 4 72.524400
14 4 63.433700
15 4 58.429500
16 4 60.064200
17 4 64.114900
18 4 84.376900
19 4 112.067000
20 4 124.723000
21 4 109.568000
22 4 96.460300
23 4 84.851800
24 4 74.298100
25 4 3.148200
26 4 6.802120
27 4 9.084080
28 4 8.990480
29 4 8.017050
30 4 10.215600
31 4 14.672000
32 4 17.408600
33 4 14.393600
34 4 29.659700
35 4 30.909500
36 4 43.527600
37 4 49.993000
38 4 38.186700
39 4 44.657300
40 4 34.288000
41 4 47.010600
42 4 56.430300
43 4 47.033300
44 4 30.373100
45 4 15.637300
46 4 12.309300
47 4 11.119600
48 4 32.376800
49 4 84.728100
50 4 58.349700
51 4 56.724100
52 4 53.736600
53 4 46.010800
54 4 45.035600
55 4 57.537000
56 4 65.911900
57 4 90.723100
58 4 105.937000
59 4 96.645700
60 4 83.233400
61 4 68.616600
62 4 64.032400
63 4 57.483600
64 4 50.598900
65 4 44.694300
66 4 51.860600
67 4 64.766800
68 4 92.136100
69 4 122.471000
70 4 103.916000
71 4 99.825200
72 4 94.157900
73 4 77.655600
74 4 87.154300
75 4 79.278200
76 4 78.013900
77 4 71.471600
78 4 73.485000
79 4 82.708200
80 4 104.864000
81 4 135.190000
82 4 131.920000
83 4 101.188000
84 4 82.263400
85 4 79.435700
86 4 81.913400
87 4 83.510000
88 4 77.872800
89 4 80.530900
90 4 85.321200
91 4 108.728000
92 4 132.475000
93 4 119.811000
94 4 106.798000
95 4 107.526000
96 4 104.428000
97 4 0.676718
98 4 0.000000
99 4 0.663840
100 4 0.000000
101 4 76.581500
102 4 65.619000
103 4 56.188000
104 4 55.901000
105 4 47.241400
106 4 48.495400
107 4 63.495700
108 4 79.688500
109 4 83.413700
110 4 82.298900
111 4 75.920500
112 4 69.705000
113 4 66.023000
114 4 64.892900
115 4 73.156500
116 4 71.950600
117 4 70.668700
118 4 79.589400
119 4 98.511900
120 4 109.592000
121 4 0.638119
122 4 0.000000
123 4 0.610278
124 4 0.000000
125 4 0.563097
126 4 0.000000
127 4 63.464300
128 4 85.656500
129 4 82.439100
130 4 70.390100
131 4 80.592700
132 4 81.270800
133 4 75.977700
134 4 67.008400
135 4 67.671900
136 4 68.600300
137 4 69.557500
138 4 69.732100
139 4 73.312900
140 4 80.287000
141 4 105.202000
142 4 116.874000
143 4 117.676000
144 4 0.506839
145 4 0.000000
146 4 0.456298
147 4 0.000000
148 4 0.410001
149 4 0.005400
150 4 0.428648
151 4 0.086800
152 4 87.627000
153 4 92.708000
154 4 60.925000
155 4 55.830300
156 4 66.643800
157 4 42.054700
158 4 50.167400
159 4 50.032900
160 4 48.446900
161 4 65.588200
162 4 89.525600
163 4 95.851600
164 4 99.609800
165 4 0.474865
166 4 0.876100
167 4 0.534329
168 4 1.872300
169 4 0.414915
170 4 1.040000
171 4 0.427713
172 4 0.824900
173 4 61.136300
174 4 63.283600
175 4 60.304700
176 4 49.021500
177 4 78.677100
178 4 104.784000
179 4 111.056000
180 4 112.140000
181 4 82.751300
182 4 0.543976
183 4 0.265200
184 4 0.504452
185 4 0.511800
186 4 0.419051
187 4 0.153100
188 4 0.412840
189 4 0.001400
190 4 0.443521
191 4 0.000000
192 4 0.448937
193 4 0.000000
194 4 101.687000
195 4 55.276200
196 4 58.175700
197 4 47.194500
198 4 0.442826
199 4 0.000000
200 4 0.431819
201 4 0.000000
202 4 0.437531
203 4 0.000000
204 4 0.430425
205 4 0.000000
206 4 0.382111
207 4 0.000000
208 4 1.114120
209 4 4.177650
210 4 13.915700
211 4 4.518420
212 4 0.528371
213 4 6.766160
214 4 1.562330
215 4 1.283230
216 4 0.997857
217 4 1.495510
218 4 0.408705
219 4 0.000000
220 4 0.531079
221 4 0.551288
222 4 1.700130
223 4 203.333000
224 4 4.741820
225 4 0.000000
226 4 0.732698
227 4 0.655304
228 4 0.665359
229 4 0.951835
230 4 0.842228
231 4 0.877548
1 5 87.249200
2 5 78.359500
3 5 61.701000
4 5 50.671400
5 5 45.484500
6 5 46.818700
7 5 66.938300
8 5 69.015400
9 5 110.603000
10 5 121.278000
11 5 91.192700
12 5 82.087800
13 5 72.524400
14 5 63.433700
15 5 58.429500
16 5 60.064200
17 5 64.114900
18 5 84.376900
19 5 112.067000
20 5 124.723000
21 5 109.568000
22 5 96.460300
23 5 84.851800
24 5 74.298100
25 5 3.148200
26 5 6.802120
27 5 9.084080
28 5 8.990480
29 5 8.017050
30 5 10.215600
31 5 14.672000
32 5 17.408600
33 5 14.393600
34 5 29.659700
35 5 30.909500
36 5 43.527600
37 5 49.993000
38 5 38.186700
39 5 44.657300
40 5 34.288000
41 5 47.010600
42 5 56.430300
43 5 47.033300
44 5 30.373100
45 5 15.637300
46 5 12.309300
47 5 11.119600
48 5 32.376800
49 5 84.728100
50 5 58.349700
51 5 56.724100
52 5 53.736600
53 5 46.010800
54 5 45.035600
55 5 57.537000
56 5 65.911900
57 5 90.723100
58 5 105.937000
59 5 96.645700
60 5 83.233400
61 5 68.616600
62 5 64.032400
63 5 57.483600
64 5 50.598900
65 5 44.694300
66 5 51.860600
67 5 64.766800
68 5 92.136100
69 5 122.471000
70 5 103.916000
71 5 99.825200
72 5 94.157900
73 5 77.655600
74 5 87.154300
75 5 79.278200
76 5 78.013900
77 5 71.471600
78 5 73.485000
79 5 82.708200
80 5 104.864000
81 5 135.190000
82 5 131.920000
83 5 101.188000
84 5 82.263400
85 5 79.435700
86 5 81.913400
87 5 83.510000
88 5 77.872800
89 5 80.530900
90 5 85.321200
91 5 108.728000
92 5 132.475000
93 5 119.811000
94 5 106.798000
95 5 107.526000
96 5 104.428000
97 5 0.676718
98 5 0.000000
99 5 0.663840
100 5 0.000000
101 5 76.581500
102 5 65.619000
103 5 56.188000
104 5 55.901000
105 5 47.241400
106 5 48.495400
107 5 63.495700
108 5 79.688500
109 5 83.413700
110 5 82.298900
111 5 75.920500
112 5 69.705000
113 5 66.023000
114 5 64.892900
115 5 73.156500
116 5 71.950600
117 5 70.668700
118 5 79.589400
119 5 98.511900
120 5 109.592000
121 5 0.638119
122 5 0.000000
123 5 0.610278
124 5 0.000000
125 5 0.563097
126 5 0.000000
127 5 63.464300
128 5 85.656500
129 5 82.439100
130 5 70.390100
131 5 80.592700
132 5 81.270800
133 5 75.977700
134 5 67.008400
135 5 67.671900
136 5 68.600300
137 5 69.557500
138 5 69.732100
139 5 73.312900
140 5 80.287000
141 5 105.202000
142 5 116.874000
143 5 117.676000
144 5 0.506839
145 5 0.000000
146 5 0.456298
147 5 0.000000
148 5 0.410001
149 5 0.005400
150 5 0.428648
151 5 0.086800
152 5 87.627000
153 5 92.708000
154 5 60.925000
155 5 55.830300
156 5 66.643800
157 5 42.054700
158 5 50.167400
159 5 50.032900
160 5 48.446900
161 5 65.588200
162 5 89.525600
163 5 95.851600
164 5 99.609800
165 5 0.474865
166 5 0.876100
167 5 0.534329
168 5 1.872300
169 5 0.414915
170 5 1.040000
171 5 0.427713
172 5 0.824900
173 5 61.136300
174 5 63.283600
175 5 60.304700
176 5 49.021500
177 5 78.677100
178 5 104.784000
179 5 111.056000
180 5 112.140000
181 5 82.751300
182 5 0.543976
183 5 0.265200
184 5 0.504452
185 5 0.511800
186 5 0.419051
187 5 0.153100
188 5 0.412840
189 5 0.001400
190 5 0.443521
191 5 0.000000
192 5 0.448937
193 5 0.000000
194 5 101.687000
195 5 55.276200
196 5 58.175700
197 5 47.194500
198 5 0.442826
199 5 0.000000
200 5 0.431819
201 5 0.000000
202 5 0.437531
203 5 0.000000
204 5 0.430425
205 5 0.000000
206 5 0.382111
207 5 0.000000
208 5 1.114120
209 5 4.177650
210 5 13.915700
211 5 4.518420
212 5 0.528371
213 5 6.766160
214 5 1.562330
215 5 1.283230
216 5 0.997857
217 5 1.495510
218 5 0.408705
219 5 0.000000
220 5 0.531079
221 5 0.551288
222 5 1.700130
223 5 203.333000
224 5 4.741820
225 5 0.000000
226 5 0.732698
227 5 0.655304
228 5 0.665359
229 5 0.951835
230 5 0.842228
231 5 0.877548
1 6 95.189600
2 6 75.123700
3 6 67.934500
4 6 59.210800
5 6 56.875200
6 6 57.584300
7 6 65.265600
8 6 77.635400
9 6 113.261000
10 6 126.304000
11 6 101.681000
12 6 71.410600
13 6 64.212600
14 6 58.720400
15 6 54.248700
16 6 51.508300
17 6 70.231600
18 6 72.251800
19 6 102.264000
20 6 103.778000
21 6 104.605000
22 6 95.309400
23 6 78.007600
24 6 63.045600
25 6 15.894900
26 6 0.704974
27 6 8.194720
28 6 7.859980
29 6 4.929460
30 6 0.699927
31 6 10.693800
32 6 0.000000
33 6 1.915020
34 6 12.427500
35 6 7.243840
36 6 32.488200
37 6 0.451314
38 6 22.888400
39 6 26.733200
40 6 20.975800
41 6 23.210800
42 6 49.793300
43 6 36.635600
44 6 31.375600
45 6 5.756600
46 6 0.000000
47 6 5.863470
48 6 15.051000
49 6 96.688900
50 6 66.583500
51 6 68.157200
52 6 65.757300
53 6 66.356500
54 6 62.189800
55 6 67.552200
56 6 70.011300
57 6 92.541700
58 6 103.355000
59 6 93.610700
60 6 71.496800
61 6 60.456800
62 6 57.470600
63 6 52.243100
64 6 46.632600
65 6 44.741900
66 6 49.119400
67 6 85.398500
68 6 93.564400
69 6 101.621000
70 6 79.537200
71 6 73.995200
72 6 75.635000
73 6 93.947000
74 6 71.088000
75 6 67.886100
76 6 65.784500
77 6 64.528500
78 6 66.065400
79 6 74.074000
80 6 82.915800
81 6 100.393000
82 6 98.064900
83 6 79.110500
84 6 60.872900
85 6 55.946300
86 6 64.176300
87 6 64.763200
88 6 57.076200
89 6 61.459300
90 6 74.579300
91 6 111.781000
92 6 125.703000
93 6 133.646000
94 6 113.620000
95 6 104.384000
96 6 99.536500
97 6 0.653268
98 6 0.000000
99 6 0.602709
100 6 0.000000
101 6 92.366900
102 6 61.896700
103 6 56.627600
104 6 52.323400
105 6 51.225000
106 6 49.688500
107 6 58.651600
108 6 70.702100
109 6 78.172600
110 6 73.660400
111 6 64.122300
112 6 54.986800
113 6 49.082400
114 6 54.094300
115 6 61.249400
116 6 58.963900
117 6 82.702600
118 6 92.532600
119 6 117.864000
120 6 114.750000
121 6 0.561460
122 6 0.000000
123 6 0.535952
124 6 0.000000
125 6 0.525179
126 6 0.000000
127 6 56.442000
128 6 57.940000
129 6 77.899500
130 6 81.065500
131 6 99.110400
132 6 98.057100
133 6 85.623400
134 6 76.033600
135 6 65.961500
136 6 60.411800
137 6 61.566400
138 6 56.777900
139 6 53.693300
140 6 64.790000
141 6 76.810200
142 6 86.754600
143 6 94.428100
144 6 0.455230
145 6 0.000000
146 6 0.380473
147 6 0.000000
148 6 0.305389
149 6 0.004900
150 6 0.319822
151 6 0.145600
152 6 121.425000
153 6 74.718300
154 6 47.315100
155 6 35.324300
156 6 25.866200
157 6 23.091300
158 6 17.039200
159 6 17.218300
160 6 20.330100
161 6 32.755800
162 6 39.388700
163 6 51.284700
164 6 52.679300
165 6 0.382170
166 6 0.649700
167 6 0.429707
168 6 2.144900
169 6 0.451888
170 6 0.343700
171 6 0.462850
172 6 0.092700
173 6 39.945600
174 6 44.694100
175 6 33.227000
176 6 40.560400
177 6 50.802400
178 6 83.459600
179 6 89.153300
180 6 118.194000
181 6 134.052000
182 6 0.472620
183 6 0.138200
184 6 0.461202
185 6 0.416700
186 6 0.423010
187 6 0.099100
188 6 0.410278
189 6 0.002600
190 6 0.447675
191 6 0.000000
192 6 0.460995
193 6 0.000000
194 6 110.877000
195 6 101.981000
196 6 102.097000
197 6 46.098200
198 6 0.432225
199 6 0.000000
200 6 0.407579
201 6 0.000000
202 6 0.412210
203 6 0.000000
204 6 0.394813
205 6 0.000000
206 6 0.317929
207 6 0.000000
208 6 1.292320
209 6 3.252370
210 6 16.845200
211 6 3.160510
212 6 0.000000
213 6 6.721750
214 6 1.493390
215 6 0.620310
216 6 0.918531
217 6 1.995280
218 6 0.924235
219 6 0.000000
220 6 0.116144
221 6 0.964507
222 6 0.000000
223 6 133.677000
224 6 0.000000
225 6 0.000000
226 6 0.000000
227 6 0.371310
228 6 0.240510
229 6 1.132980
230 6 0.898451
231 6 0.788060
1 7 95.189600
2 7 75.123700
3 7 67.934500
4 7 59.210800
5 7 56.875200
6 7 57.584300
7 7 65.265600
8 7 77.635400
9 7 113.261000
10 7 126.304000
11 7 101.681000
12 7 71.410600
13 7 64.212600
14 7 58.720400
15 7 54.248700
16 7 51.508300
17 7 70.231600
18 7 72.251800
19 7 102.264000
20 7 103.778000
21 7 104.605000
22 7 95.309400
23 7 78.007600
24 7 63.045600
25 7 15.894900
26 7 0.704974
27 7 8.194720
28 7 7.859980
29 7 4.929460
30 7 0.699927
31 7 10.693800
32 7 0.000000
33 7 1.915020
34 7 12.427500
35 7 7.243840
36 7 32.488200
37 7 0.451314
38 7 22.888400
39 7 26.733200
40 7 20.975800
41 7 23.210800
42 7 49.793300
43 7 36.635600
44 7 31.375600
45 7 5.756600
46 7 0.000000
47 7 5.863470
48 7 15.051000
49 7 96.688900
50 7 66.583500
51 7 68.157200
52 7 65.757300
53 7 66.356500
54 7 62.189800
55 7 67.552200
56 7 70.011300
57 7 92.541700
58 7 103.355000
59 7 93.610700
60 7 71.496800
61 7 60.456800
62 7 57.470600
63 7 52.243100
64 7 46.632600
65 7 44.741900
66 7 49.119400
67 7 85.398500
68 7 93.564400
69 7 101.621000
70 7 79.537200
71 7 73.995200
72 7 75.635000
73 7 93.947000
74 7 71.088000
75 7 67.886100
76 7 65.784500
77 7 64.528500
78 7 66.065400
79 7 74.074000
80 7 82.915800
81 7 100.393000
82 7 98.064900
83 7 79.110500
84 7 60.872900
85 7 55.946300
86 7 64.176300
87 7 64.763200
88 7 57.076200
89 7 61.459300
90 7 74.579300
91 7 111.781000
92 7 125.703000
93 7 133.646000
94 7 113.620000
95 7 104.384000
96 7 99.536500
97 7 0.653268
98 7 0.000000
99 7 0.602709
100 7 0.000000
101 7 92.366900
102 7 61.896700
103 7 56.627600
104 7 52.323400
105 7 51.225000
106 7 49.688500
107 7 58.651600
108 7 70.702100
109 7 78.172600
110 7 73.660400
111 7 64.122300
112 7 54.986800
113 7 49.082400
114 7 54.094300
115 7 61.249400
116 7 58.963900
117 7 82.702600
118 7 92.532600
119 7 117.864000
120 7 114.750000
121 7 0.561460
122 7 0.000000
123 7 0.535952
124 7 0.000000
125 7 0.525179
126 7 0.000000
127 7 56.442000
128 7 57.940000
129 7 77.899500
130 7 81.065500
131 7 99.110400
132 7 98.057100
133 7 85.623400
134 7 76.033600
135 7 65.961500
136 7 60.411800
137 7 61.566400
138 7 56.777900
139 7 53.693300
140 7 64.790000
141 7 76.810200
142 7 86.754600
143 7 94.428100
144 7 0.521615
145 7 0.000000
146 7 0.516574
147 7 0.000000
148 7 0.487628
149 7 0.012300
150 7 0.520815
151 7 0.341900
152 7 85.814700
153 7 67.021100
154 7 64.645400
155 7 47.983800
156 7 47.499400
157 7 55.524200
158 7 46.347800
159 7 44.932200
160 7 44.793500
161 7 56.715800
162 7 91.016600
163 7 91.642700
164 7 94.925400
165 7 0.547515
166 7 0.254400
167 7 0.561819
168 7 0.138100
169 7 0.574342
170 7 3.159100
171 7 0.587252
172 7 0.445000
173 7 90.014300
174 7 51.141700
175 7 49.698100
176 7 54.736100
177 7 55.506000
178 7 114.113000
179 7 128.888000
180 7 127.354000
181 7 120.951000
182 7 0.580302
183 7 2.965700
184 7 0.543317
185 7 2.951400
186 7 0.517636
187 7 0.123400
188 7 0.640225
189 7 0.002000
190 7 0.654393
191 7 0.000000
192 7 0.660950
193 7 0.000000
194 7 66.197400
195 7 42.652900
196 7 106.151000
197 7 78.471600
198 7 0.638441
199 7 0.000000
200 7 0.633484
201 7 0.000000
202 7 0.638845
203 7 0.000000
204 7 0.622337
205 7 0.000000
206 7 0.586818
207 7 0.000000
208 7 1.023790
209 7 2.342890
210 7 32.139800
211 7 2.499300
212 7 0.000000
213 7 4.545700
214 7 0.332025
215 7 0.000000
216 7 0.784365
217 7 2.179190
218 7 1.172770
219 7 0.589212
220 7 1.168940
221 7 1.170730
222 7 0.393440
223 7 111.831000
224 7 82.570100
225 7 0.109477
226 7 0.246968
227 7 0.732780
228 7 1.028970
229 7 0.975195
230 7 0.878277
231 7 0.917887
1 8 91.478500
2 8 77.076300
3 8 63.432000
4 8 58.608300
5 8 55.519400
6 8 49.859000
7 8 73.854100
8 8 86.084500
9 8 111.790000
10 8 123.673000
11 8 103.647000
12 8 89.106900
13 8 84.042600
14 8 78.488500
15 8 66.289700
16 8 68.858800
17 8 70.072800
18 8 67.654200
19 8 98.696200
20 8 95.016600
21 8 98.695300
22 8 85.400400
23 8 86.629200
24 8 81.304500
25 8 7.309330
26 8 0.000000
27 8 0.000000
28 8 0.000000
29 8 0.000000
30 8 0.000000
31 8 7.717110
32 8 22.775000
33 8 19.231100
34 8 25.030600
35 8 31.613400
36 8 55.756300
37 8 48.736200
38 8 48.357200
39 8 49.586600
40 8 51.025100
41 8 39.684700
42 8 52.685900
43 8 43.911500
44 8 30.862300
45 8 10.396500
46 8 7.218920
47 8 10.050600
48 8 21.248900
49 8 86.205600
50 8 63.561100
51 8 66.317100
52 8 66.080700
53 8 64.569700
54 8 50.964600
55 8 70.142800
56 8 82.641900
57 8 101.152000
58 8 109.859000
59 8 93.290100
60 8 84.498600
61 8 74.504400
62 8 72.004700
63 8 69.407700
64 8 63.420900
65 8 58.841900
66 8 52.293400
67 8 90.092800
68 8 96.708500
69 8 107.629000
70 8 90.790100
71 8 97.541400
72 8 95.877000
73 8 82.996600
74 8 80.203400
75 8 71.875700
76 8 74.012700
77 8 68.726800
78 8 81.528000
79 8 98.340600
80 8 99.587100
81 8 121.318000
82 8 119.328000
83 8 93.505900
84 8 83.229200
85 8 77.689300
86 8 78.235200
87 8 79.388400
88 8 78.759800
89 8 81.017000
90 8 84.052200
91 8 116.930000
92 8 153.087000
93 8 149.237000
94 8 136.817000
95 8 121.098000
96 8 111.103000
97 8 0.652066
98 8 0.000000
99 8 0.606824
100 8 0.000000
101 8 64.520700
102 8 58.430600
103 8 62.263600
104 8 64.011300
105 8 52.594500
106 8 61.206300
107 8 84.366500
108 8 102.051000
109 8 124.784000
110 8 116.206000
111 8 104.404000
112 8 98.050300
113 8 96.411300
114 8 100.830000
115 8 104.026000
116 8 107.201000
117 8 103.315000
118 8 98.745600
119 8 127.364000
120 8 143.376000
121 8 0.551655
122 8 0.000000
123 8 0.501508
124 8 0.000000
125 8 0.460481
126 8 0.000000
127 8 75.634000
128 8 72.944300
129 8 91.740200
130 8 101.304000
131 8 117.321000
132 8 99.785800
133 8 73.280800
134 8 72.668300
135 8 68.195300
136 8 74.399600
137 8 73.141000
138 8 50.178400
139 8 54.476000
140 8 64.563400
141 8 66.404100
142 8 77.519800
143 8 74.274500
144 8 0.423656
145 8 0.000000
146 8 0.372498
147 8 0.000000
148 8 0.461673
149 8 0.008500
150 8 0.454418
151 8 0.139000
152 8 127.483000
153 8 126.067000
154 8 48.663700
155 8 56.728700
156 8 18.630400
157 8 25.175600
158 8 12.243000
159 8 7.626880
160 8 19.098100
161 8 25.441200
162 8 41.531900
163 8 62.025600
164 8 88.129100
165 8 0.509333
166 8 0.076000
167 8 0.551705
168 8 1.092700
169 8 0.558136
170 8 0.990500
171 8 0.551686
172 8 0.944800
173 8 75.284100
174 8 76.487400
175 8 80.585800
176 8 51.383900
177 8 54.489200
178 8 69.457000
179 8 89.333600
180 8 94.825000
181 8 94.924100
182 8 0.547185
183 8 0.448700
184 8 0.534227
185 8 1.956000
186 8 0.511826
187 8 0.549800
188 8 0.514755
189 8 0.047400
190 8 0.565970
191 8 0.000000
192 8 0.591148
193 8 0.000000
194 8 80.983700
195 8 77.670900
196 8 72.091300
197 8 45.552700
198 8 0.584616
199 8 0.000000
200 8 0.597419
201 8 0.000000
202 8 0.620259
203 8 0.000000
204 8 0.609694
205 8 0.000000
206 8 0.544528
207 8 0.000000
208 8 1.501410
209 8 3.996060
210 8 23.418700
211 8 4.544970
212 8 0.070993
213 8 8.088520
214 8 1.577970
215 8 3.878910
216 8 1.029240
217 8 1.681230
218 8 2.018010
219 8 0.672740
220 8 1.554850
221 8 0.000000
222 8 0.935879
223 8 252.519000
224 8 31.665100
225 8 0.000000
226 8 0.647915
227 8 0.703254
228 8 0.769510
229 8 0.951413
230 8 0.669950
231 8 0.656660
1 9 87.249200
2 9 78.359500
3 9 61.701000
4 9 50.671400
5 9 45.484500
6 9 46.818700
7 9 66.938300
8 9 69.015400
9 9 110.603000
10 9 121.278000
11 9 91.192700
12 9 82.087800
13 9 72.524400
14 9 63.433700
15 9 58.429500
16 9 60.064200
17 9 64.114900
18 9 84.376900
19 9 112.067000
20 9 124.723000
21 9 109.568000
22 9 96.460300
23 9 84.851800
24 9 74.298100
25 9 3.148200
26 9 6.802120
27 9 9.084080
28 9 8.990480
29 9 8.017050
30 9 10.215600
31 9 14.672000
32 9 17.408600
33 9 14.393600
34 9 29.659700
35 9 30.909500
36 9 43.527600
37 9 49.993000
38 9 38.186700
39 9 44.657300
40 9 34.288000
41 9 47.010600
42 9 56.430300
43 9 47.033300
44 9 30.373100
45 9 15.637300
46 9 12.309300
47 9 11.119600
48 9 32.376800
49 9 84.728100
50 9 58.349700
51 9 56.724100
52 9 53.736600
53 9 46.010800
54 9 45.035600
55 9 57.537000
56 9 65.911900
57 9 90.723100
58 9 105.937000
59 9 96.645700
60 9 83.233400
61 9 68.616600
62 9 64.032400
63 9 57.483600
64 9 50.598900
65 9 44.694300
66 9 51.860600
67 9 64.766800
68 9 92.136100
69 9 122.471000
70 9 103.916000
71 9 99.825200
72 9 94.157900
73 9 77.655600
74 9 87.154300
75 9 79.278200
76 9 78.013900
77 9 71.471600
78 9 73.485000
79 9 82.708200
80 9 104.864000
81 9 135.190000
82 9 131.920000
83 9 101.188000
84 9 82.263400
85 9 79.435700
86 9 81.913400
87 9 83.510000
88 9 77.872800
89 9 80.530900
90 9 85.321200
91 9 108.728000
92 9 132.475000
93 9 119.811000
94 9 106.798000
95 9 107.526000
96 9 104.428000
97 9 0.676718
98 9 0.000000
99 9 0.663840
100 9 0.000000
101 9 76.581500
102 9 65.619000
103 9 56.188000
104 9 55.901000
105 9 47.241400
106 9 48.495400
107 9 63.495700
108 9 79.688500
109 9 83.413700
110 9 82.298900
111 9 75.920500
112 9 69.705000
113 9 66.023000
114 9 64.892900
115 9 73.156500
116 9 71.950600
117 9 70.668700
118 9 79.589400
119 9 98.511900
120 9 109.592000
121 9 0.638119
122 9 0.000000
123 9 0.610278
124 9 0.000000
125 9 0.563097
126 9 0.000000
127 9 63.464300
128 9 85.656500
129 9 82.439100
130 9 70.390100
131 9 80.592700
132 9 81.270800
133 9 75.977700
134 9 67.008400
135 9 67.671900
136 9 68.600300
137 9 69.557500
138 9 69.732100
139 9 73.312900
140 9 80.287000
141 9 105.202000
142 9 116.874000
143 9 117.676000
144 9 0.506839
145 9 0.000000
146 9 0.456298
147 9 0.000000
148 9 0.410001
149 9 0.005400
150 9 0.428648
151 9 0.086800
152 9 87.627000
153 9 92.708000
154 9 60.925000
155 9 55.830300
156 9 66.643800
157 9 42.054700
158 9 50.167400
159 9 50.032900
160 9 48.446900
161 9 65.588200
162 9 89.525600
163 9 95.851600
164 9 99.609800
165 9 0.474865
166 9 0.876100
167 9 0.534329
168 9 1.872300
169 9 0.414915
170 9 1.040000
171 9 0.427713
172 9 0.824900
173 9 61.136300
174 9 63.283600
175 9 60.304700
176 9 49.021500
177 9 78.677100
178 9 104.784000
179 9 111.056000
180 9 112.140000
181 9 82.751300
182 9 0.543976
183 9 0.265200
184 9 0.504452
185 9 0.511800
186 9 0.419051
187 9 0.153100
188 9 0.412840
189 9 0.001400
190 9 0.443521
191 9 0.000000
192 9 0.448937
193 9 0.000000
194 9 101.687000
195 9 55.276200
196 9 58.175700
197 9 47.194500
198 9 0.442826
199 9 0.000000
200 9 0.431819
201 9 0.000000
202 9 0.437531
203 9 0.000000
204 9 0.430425
205 9 0.000000
206 9 0.382111
207 9 0.000000
208 9 1.114120
209 9 4.177650
210 9 13.915700
211 9 4.518420
212 9 0.528371
213 9 6.766160
214 9 1.562330
215 9 1.283230
216 9 0.997857
217 9 1.495510
218 9 0.408705
219 9 0.000000
220 9 0.531079
221 9 0.551288
222 9 1.700130
223 9 203.333000
224 9 4.741820
225 9 0.000000
226 9 0.732698
227 9 0.655304
228 9 0.665359
229 9 0.951835
230 9 0.842228
231 9 0.877548
1 10 91.478500
2 10 77.076300
3 10 63.432000
4 10 58.608300
5 10 55.519400
6 10 49.859000
7 10 73.854100
8 10 86.084500
9 10 111.790000
10 10 123.673000
11 10 103.647000
12 10 89.106900
13 10 84.042600
14 10 78.488500
15 10 66.289700
16 10 68.858800
17 10 70.072800
18 10 67.654200
19 10 98.696200
20 10 95.016600
21 10 98.695300
22 10 85.400400
23 10 86.629200
24 10 81.304500
25 10 7.309330
26 10 0.000000
27 10 0.000000
28 10 0.000000
29 10 0.000000
30 10 0.000000
31 10 7.717110
32 10 22.775000
33 10 19.231100
34 10 25.030600
35 10 31.613400
36 10 55.756300
37 10 48.736200
38 10 48.357200
39 10 49.586600
40 10 51.025100
41 10 39.684700
42 10 52.685900
43 10 43.911500
44 10 30.862300
45 10 10.396500
46 10 7.218920
47 10 10.050600
48 10 21.248900
49 10 86.205600
50 10 63.561100
51 10 66.317100
52 10 66.080700
53 10 64.569700
54 10 50.964600
55 10 70.142800
56 10 82.641900
57 10 101.152000
58 10 109.859000
59 10 93.290100
60 10 84.498600
61 10 74.504400
62 10 72.004700
63 10 69.407700
64 10 63.420900
65 10 58.841900
66 10 52.293400
67 10 90.092800
68 10 96.708500
69 10 107.629000
70 10 90.790100
71 10 97.541400
72 10 95.877000
73 10 92.047200
74 10 63.701400
75 10 57.590100
76 10 55.521500
77 10 51.626400
78 10 58.431000
79 10 73.701800
80 10 94.034800
81 10 118.047000
82 10 109.290000
83 10 89.238700
84 10 85.395200
85 10 84.015400
86 10 88.645100
87 10 90.987100
88 10 90.579000
89 10 85.858100
90 10 88.781900
91 10 107.728000
92 10 130.485000
93 10 132.121000
94 10 132.260000
95 10 128.247000
96 10 115.343000
97 10 0.670171
98 10 0.000000
99 10 0.635614
100 10 0.000000
101 10 95.566000
102 10 53.741300
103 10 53.165900
104 10 48.135900
105 10 43.949900
106 10 36.681900
107 10 46.220200
108 10 61.065600
109 10 91.490700
110 10 89.340700
111 10 67.667400
112 10 56.808000
113 10 48.487400
114 10 53.141400
115 10 53.885000
116 10 52.577600
117 10 55.512900
118 10 70.957700
119 10 85.112100
120 10 94.025100
121 10 0.598698
122 10 0.000000
123 10 0.551847
124 10 0.000000
125 10 0.511791
126 10 0.000000
127 10 73.213800
128 10 65.123300
129 10 77.080900
130 10 88.009200
131 10 97.911700
132 10 83.640400
133 10 71.305900
134 10 63.058300
135 10 56.936900
136 10 57.532900
137 10 52.462600
138 10 36.651000
139 10 54.720800
140 10 61.538300
141 10 84.268300
142 10 110.169000
143 10 107.121000
144 10 0.500880
145 10 0.000000
146 10 0.481529
147 10 0.000000
148 10 0.473291
149 10 0.091200
150 10 0.628873
151 10 0.223000
152 10 75.509600
153 10 66.586100
154 10 14.263100
155 10 0.000000
156 10 7.125310
157 10 12.906700
158 10 13.076000
159 10 80.523200
160 10 81.326600
161 10 89.747300
162 10 112.345000
163 10 129.430000
164 10 127.226000
165 10 0.764531
166 10 0.364300
167 10 0.855986
168 10 3.626600
169 10 0.914084
170 10 0.878200
171 10 0.931731
172 10 0.150500
173 10 93.749500
174 10 82.252900
175 10 75.426900
176 10 56.939900
177 10 93.291900
178 10 107.860000
179 10 110.582000
180 10 137.959000
181 10 112.487000
182 10 0.935759
183 10 0.396500
184 10 0.913780
185 10 0.982600
186 10 0.864869
187 10 6.488900
188 10 0.826356
189 10 0.002200
190 10 0.863203
191 10 0.000000
192 10 0.873756
193 10 0.000000
194 10 106.252000
195 10 85.729100
196 10 75.372300
197 10 103.854000
198 10 0.812159
199 10 0.000000
200 10 0.813753
201 10 0.000000
202 10 0.823914
203 10 0.000000
204 10 0.788753
205 10 0.000000
206 10 0.722558
207 10 0.000000
208 10 1.401430
209 10 3.597700
210 10 15.383400
211 10 3.179790
212 10 0.000000
213 10 6.742940
214 10 2.148040
215 10 0.000000
216 10 0.883733
217 10 1.698260
218 10 1.128020
219 10 0.150216
220 10 1.273110
221 10 3.777170
222 10 0.318410
223 10 0.000000
224 10 107.286000
225 10 2.938680
226 10 0.482910
227 10 0.494534
228 10 0.660605
229 10 0.977624
230 10 0.928189
231 10 0.887918
;

param Prob0 :=
1	0.100
2	0.100
3	0.100
4	0.300
5	0.000
6	0.100
7	0.100
8	0.100
9	0.000
10	0.100
;
set c[0,5] := 5 1 2 3 4 6 7 8 9 10;
set c[1,5] := 5 4 9;
set c[1,7] := 7 1 3 6;
set c[1,2] := 2 8 10;
set c[2,3] := 3 7 1 6;
set c[2,8] := 8 2 10;
set c[2,4] := 4 5 9;
set c[3,2] := 2 8 10;
set c[3,9] := 9 4 5;
set c[3,3] := 3 1;
set c[3,7] := 7 6;
set c[4,5] := 5 9 4;
set c[4,3] := 3 1;
set c[4,7] := 7 6;
set c[4,8] := 8;
set c[4,2] := 2;
set c[4,10] := 10;
set c[5,8] := 8;
set c[5,10] := 10;
set c[5,7] := 7 6;
set c[5,3] := 3 1;
set c[5,2] := 2;
set c[5,9] := 9 5 4;
set c[6,10] := 10;
set c[6,9] := 9 5 4;
set c[6,2] := 2;
set c[6,3] := 3 1;
set c[6,7] := 7 6;
set c[6,8] := 8;
set c[7,3] := 3 1;
set c[7,5] := 5 9 4;
set c[7,2] := 2;
set c[7,7] := 7 6;
set c[7,8] := 8;
set c[7,10] := 10;
set c[8,8] := 8;
set c[8,2] := 2;
set c[8,9] := 9 5 4;
set c[8,10] := 10;
set c[8,7] := 7 6;
set c[8,3] := 3 1;
set c[9,7] := 7 6;
set c[9,9] := 9 5 4;
set c[9,3] := 3 1;
set c[9,10] := 10;
set c[9,2] := 2;
set c[9,8] := 8;
set c[10,3] := 3 1;
set c[10,5] := 5 9 4;
set c[10,10] := 10;
set c[10,8] := 8;
set c[10,2] := 2;
set c[10,7] := 7 6;
set c[11,2] := 2;
set c[11,8] := 8;
set c[11,4] := 4 5 9;
set c[11,7] := 7 6;
set c[11,10] := 10;
set c[11,3] := 3 1;
set c[12,3] := 3 1;
set c[12,7] := 7;
set c[12,6] := 6;
set c[12,10] := 10;
set c[12,8] := 8;
set c[12,5] := 5 4 9;
set c[12,2] := 2;
set c[13,2] := 2;
set c[13,6] := 6;
set c[13,7] := 7;
set c[13,10] := 10;
set c[13,4] := 4 5 9;
set c[13,8] := 8;
set c[13,3] := 3 1;
set c[14,7] := 7;
set c[14,3] := 3 1;
set c[14,10] := 10;
set c[14,6] := 6;
set c[14,9] := 9 4 5;
set c[14,8] := 8;
set c[14,2] := 2;
set c[15,10] := 10;
set c[15,3] := 3;
set c[15,1] := 1;
set c[15,8] := 8;
set c[15,9] := 9 4 5;
set c[15,2] := 2;
set c[15,6] := 6;
set c[15,7] := 7;
set c[16,6] := 6;
set c[16,5] := 5 9 4;
set c[16,8] := 8;
set c[16,1] := 1;
set c[16,2] := 2;
set c[16,7] := 7;
set c[16,3] := 3;
set c[16,10] := 10;
set c[17,2] := 2;
set c[17,7] := 7;
set c[17,3] := 3;
set c[17,1] := 1;
set c[17,8] := 8;
set c[17,10] := 10;
set c[17,5] := 5 9 4;
set c[17,6] := 6;
set c[18,9] := 9 5 4;
set c[18,7] := 7;
set c[18,6] := 6;
set c[18,10] := 10;
set c[18,1] := 1;
set c[18,8] := 8;
set c[18,3] := 3;
set c[18,2] := 2;
set c[19,6] := 6;
set c[19,1] := 1;
set c[19,10] := 10;
set c[19,2] := 2;
set c[19,3] := 3;
set c[19,8] := 8;
set c[19,7] := 7;
set c[19,5] := 5 9 4;
set c[20,7] := 7;
set c[20,5] := 5 9 4;
set c[20,3] := 3;
set c[20,1] := 1;
set c[20,2] := 2;
set c[20,10] := 10;
set c[20,8] := 8;
set c[20,6] := 6;
set c[21,5] := 5 9 4;
set c[21,8] := 8;
set c[21,10] := 10;
set c[21,6] := 6;
set c[21,1] := 1;
set c[21,3] := 3;
set c[21,2] := 2;
set c[21,7] := 7;
set c[22,1] := 1;
set c[22,10] := 10;
set c[22,3] := 3;
set c[22,2] := 2;
set c[22,8] := 8;
set c[22,7] := 7;
set c[22,6] := 6;
set c[22,9] := 9 5 4;
set c[23,3] := 3;
set c[23,7] := 7;
set c[23,6] := 6;
set c[23,8] := 8;
set c[23,2] := 2;
set c[23,9] := 9 5 4;
set c[23,10] := 10;
set c[23,1] := 1;
set c[24,10] := 10;
set c[24,2] := 2;
set c[24,1] := 1;
set c[24,5] := 5 9 4;
set c[24,8] := 8;
set c[24,7] := 7;
set c[24,6] := 6;
set c[24,3] := 3;
set c[25,9] := 9 5 4;
set c[25,3] := 3;
set c[25,6] := 6;
set c[25,7] := 7;
set c[25,8] := 8;
set c[25,2] := 2;
set c[25,1] := 1;
set c[25,10] := 10;
set c[26,3] := 3;
set c[26,8] := 8;
set c[26,10] := 10;
set c[26,6] := 6;
set c[26,1] := 1;
set c[26,2] := 2;
set c[26,7] := 7;
set c[26,9] := 9 5 4;
set c[27,8] := 8;
set c[27,1] := 1;
set c[27,10] := 10;
set c[27,6] := 6;
set c[27,2] := 2;
set c[27,7] := 7;
set c[27,5] := 5 9 4;
set c[27,3] := 3;
set c[28,6] := 6;
set c[28,2] := 2;
set c[28,1] := 1;
set c[28,4] := 4 5 9;
set c[28,7] := 7;
set c[28,3] := 3;
set c[28,10] := 10;
set c[28,8] := 8;
set c[29,5] := 5 4 9;
set c[29,2] := 2;
set c[29,1] := 1;
set c[29,3] := 3;
set c[29,8] := 8;
set c[29,7] := 7;
set c[29,10] := 10;
set c[29,6] := 6;
set c[30,8] := 8;
set c[30,1] := 1;
set c[30,7] := 7;
set c[30,6] := 6;
set c[30,10] := 10;
set c[30,2] := 2;
set c[30,3] := 3;
set c[30,4] := 4 5 9;
set c[31,7] := 7;
set c[31,6] := 6;
set c[31,1] := 1;
set c[31,9] := 9 4 5;
set c[31,10] := 10;
set c[31,2] := 2;
set c[31,3] := 3;
set c[31,8] := 8;
set c[32,3] := 3;
set c[32,8] := 8;
set c[32,5] := 5 9 4;
set c[32,10] := 10;
set c[32,2] := 2;
set c[32,1] := 1;
set c[32,6] := 6;
set c[32,7] := 7;
set c[33,10] := 10;
set c[33,5] := 5 9 4;
set c[33,6] := 6;
set c[33,8] := 8;
set c[33,2] := 2;
set c[33,7] := 7;
set c[33,1] := 1;
set c[33,3] := 3;
set c[34,2] := 2;
set c[34,7] := 7;
set c[34,1] := 1;
set c[34,3] := 3;
set c[34,6] := 6;
set c[34,8] := 8;
set c[34,4] := 4 5 9;
set c[34,10] := 10;

