#erel:= 0.850;
#emax:= 2305.964;
#q:= 0.000;
#nesce:=     9;
#etime:= 0.066;
#snodes:=   265;
param nS:=    10;
param nSG:=    34;
param nRVSG :=
1 24
5 2
9 2
13 2
17 2
21 9
25 2
29 2
33 2
2 24
6 2
10 2
14 2
18 2
22 2
26 2
30 2
34 24
3 24
7 20
11 17
15 2
19 2
23 2
27 2
31 2
4 24
8 2
12 2
16 13
20 2
24 2
28 4
32 2
;


param ScenF :=
1 70.9715
59 70.7847
117 70.0152
175 95.7681
2 86.024
60 68.66
118 89.6114
176 84.2845
3 80.8237
61 68.4428
119 111.998
177 75.8155
4 73.5508
62 74.5562
120 108.616
178 105.045
5 68.8459
63 70.7689
121 0.225608
179 143.153
6 65.2904
64 63.0949
122 0
180 170.045
7 73.0691
65 64.3636
123 0.26655
181 123.912
8 78.2017
66 79.6204
124 0
182 0.5446
9 94.9368
67 74.1862
125 0.300597
183 0.5441
10 91.7117
68 66.9303
126 0
184 0.566143
11 74.5521
69 101.031
127 40.5585
185 0.4346
12 73.8452
70 107.287
128 70.2378
186 0.595291
13 73.9807
71 107.556
129 75.7762
187 0.2117
14 75.2694
72 84.2926
130 79.3808
188 0.607023
15 72.456
73 46.4821
131 117.05
189 0.0065
16 66.9993
74 72.9217
132 121.027
190 0.572815
17 62.317
75 59.739
133 95.1044
191 0
18 53.5408
76 52.4042
134 77.3571
192 0.5097
19 62.758
77 50.4882
135 76.8553
193 0
20 73.7299
78 57.8922
136 73.5058
194 121.844
21 76.3243
79 69.7609
137 69.9914
195 103.201
22 71.9773
80 84.1207
138 66.2193
196 79.5359
23 71.1282
81 114.701
139 66.9762
197 69.0174
24 57.0275
82 104.362
140 86.1866
198 0.432958
25 0.866161
83 90.6699
141 106.412
199 0
26 7.29482
84 90.9439
142 120.349
200 0.371065
27 11.1064
85 94.8925
143 89.5277
201 0
28 16.0071
86 101.966
144 0.325254
202 0.340954
29 16.9604
87 95.1038
145 0
203 0
30 13.4281
88 82.8774
146 0.322875
204 0.341652
31 4.4084
89 84.3265
147 0
205 0
32 0
90 89.8695
148 0.319818
206 0.336536
33 5.35828
91 110.287
149 0.0514
207 0
34 12.2558
92 142.514
150 0.324695
208 0.30173
35 67.5728
93 146.618
151 0.2678
209 0
36 91.482
94 128.643
152 100.772
210 0
37 105.752
95 118.043
153 136.338
211 0.606329
38 96.5842
96 102.402
154 123.365
212 2.82464
39 94.6995
97 0.0958453
155 112.096
213 1.35518
40 91.5726
98 0
156 99.8227
214 0.517626
41 88.6521
99 0.165012
157 90.4482
215 8.99718
42 59.7411
100 0
158 87.5374
216 0.816419
43 41.1516
101 57.7111
159 84.2178
217 0
44 0
102 84.2331
160 76.0095
218 0
45 0
103 85.5624
161 86.4821
219 0
46 15.4808
104 82.4314
162 106.89
220 0
47 23.8621
105 71.1968
163 124.615
221 0
48 18.8154
106 72.6059
164 109.128
222 0
49 65.4657
107 69.8036
165 0.369505
223 0
50 75.4952
108 71.081
166 0.4622
224 0
51 60.8655
109 98.1786
167 0.435234
225 3.70709
52 57.3606
110 107.033
168 0.5818
226 0.897405
53 58.0577
111 93.8185
169 0.486451
227 0.310456
54 60.4907
112 93.601
170 0.6385
228 0.382513
55 63.7514
113 100.266
171 0.51798
229 0.477673
56 67.3368
114 97.7228
172 0.6218
230 0.615148
57 82.7745
115 80.8172
173 86.8685
231 0.664027
58 81.6979
116 72.1554
174 93.7006
;


param ScenO :=
1 77.93
59 93.43
117 85.01
175 69.5
2 58.1
60 89.26
118 80.26
176 70.39
3 57.4
61 72
119 97.74
177 88.01
4 50
62 76.14
120 114.52
178 101.74
5 48.52
63 70.13
121 0.054
179 139.09
6 45.1
64 69.8
122 0
180 148
7 50
65 70.39
123 0.061
181 119.44
8 60.5
66 78
124 0
182 0.034
9 87.38
67 97.73
125 0.058
183 0.561
10 89.81
68 114.66
126 0
184 0.036
11 88.57
69 123.02
127 62.9
185 0.462
12 82.3
70 110.74
128 17
186 0.052
13 72
71 100.95
129 24.75
187 0.265
14 65.14
72 94
130 49.05
188 0.058
15 60.1
73 71.43
131 78.64
189 0.009
16 59.5
74 56.1
132 89.81
190 0.042
17 60.39
75 52.4
133 78.57
191 0
18 70
76 50.83
134 77.32
192 0.032
19 97.73
77 51.37
135 65.34
193 0
20 115.91
78 46.79
136 80.84
194 123
21 123.02
79 53
137 83
195 112
22 115
80 66.55
138 86.66
196 106
23 105.55
81 80.13
139 86.99
197 91.75
24 100
82 87.32
140 89.99
198 0.034
25 25.68
83 88.58
141 100
199 0
26 43.84
84 87.3
142 119.32
200 0.034
27 43.84
85 73.25
143 141.47
201 0
28 41.08
86 80.01
144 0.055
202 0.032
29 42.2
87 80.1
145 0
203 0
30 38.32
88 84.35
146 0.054
204 0.028
31 41
89 85.01
147 0
205 0
32 42.56
90 88.01
148 0.054
206 0.025
33 36.76
91 97.73
149 0.018
207 0
34 49.16
92 116.01
150 0.048
208 0.575901
35 49.16
93 129.52
151 0.218
209 0.539759
36 44.4
94 115
152 75
210 0.161324
37 46.84
95 103.26
153 79.8
211 0.5472
38 45.52
96 95
154 78.6
212 0.082852
39 49.56
97 0.038
155 65.42
213 0.003326
40 48.36
98 0
156 60
214 -0.1544
41 55.12
99 0.042
157 78.17
215 0.031901
42 52.88
100 0
158 80.1
216 0.157931
43 35.68
101 61.5
159 83.42
217 0.730765
44 5.28
102 45.98
160 86.89
218 0.821497
45 9.44
103 43
161 89.99
219 0.881045
46 10.12
104 40.2
162 101
220 0.875694
47 10
105 40.04
163 121.9
221 0.944274
48 12.8
106 40.1
164 150.84
222 1.71231
49 74.93
107 43
165 0.025
223 0.913782
50 63.91
108 55
166 0.447
224 0.92151
51 63.14
109 78.38
167 0.024
225 0.494429
52 55
110 85.49
168 0.593
226 0.438044
53 53
111 84.25
169 0.031
227 0.522388
54 45.1
112 88.01
170 0.669
228 0.642741
55 53
113 77
171 0.035
229 0.618348
56 71.5
114 85.01
172 0.65
230 0.57982
57 87.38
115 85.01
173 70
231 0.5753
58 89.81
116 84.35
174 70
;


param Scen0 :=
1 1 106.143000
2 1 86.543900
3 1 79.755100
4 1 75.590900
5 1 72.130200
6 1 61.707000
7 1 78.873400
8 1 80.957300
9 1 88.770600
10 1 85.248600
11 1 77.174000
12 1 74.649300
13 1 80.879200
14 1 83.718700
15 1 78.965200
16 1 73.579000
17 1 65.674200
18 1 46.111000
19 1 63.771100
20 1 52.726900
21 1 68.291500
22 1 60.650500
23 1 64.885200
24 1 60.088000
25 1 1.535070
26 1 3.375210
27 1 4.194130
28 1 6.630940
29 1 7.274960
30 1 8.559350
31 1 1.536320
32 1 13.343900
33 1 19.097500
34 1 32.282500
35 1 64.796100
36 1 106.605000
37 1 110.302000
38 1 107.995000
39 1 104.754000
40 1 102.920000
41 1 90.451300
42 1 79.134700
43 1 42.127600
44 1 0.000000
45 1 0.000000
46 1 14.026800
47 1 21.296500
48 1 17.154300
49 1 94.982300
50 1 69.264400
51 1 59.395700
52 1 57.245800
53 1 58.090300
54 1 46.983500
55 1 64.325700
56 1 77.927400
57 1 77.553900
58 1 65.503000
59 1 66.606700
60 1 65.803500
61 1 71.677000
62 1 79.372900
63 1 75.963600
64 1 63.120500
65 1 63.350200
66 1 65.971500
67 1 79.432100
68 1 60.419100
69 1 99.726200
70 1 98.507700
71 1 103.663000
72 1 92.542300
73 1 75.935300
74 1 70.988800
75 1 65.010700
76 1 55.813600
77 1 53.162700
78 1 58.235000
79 1 73.330800
80 1 98.384100
81 1 122.435000
82 1 111.472000
83 1 99.069700
84 1 76.693800
85 1 90.170400
86 1 89.333200
87 1 78.250700
88 1 76.813500
89 1 84.424500
90 1 76.720800
91 1 113.332000
92 1 155.373000
93 1 162.467000
94 1 148.598000
95 1 128.511000
96 1 115.953000
97 1 0.122050
98 1 0.000000
99 1 0.190017
100 1 0.000000
101 1 68.804600
102 1 74.789400
103 1 85.877000
104 1 82.349800
105 1 73.539900
106 1 79.794900
107 1 98.840100
108 1 106.066000
109 1 104.435000
110 1 103.127000
111 1 107.362000
112 1 88.775400
113 1 99.270900
114 1 84.293200
115 1 64.642800
116 1 65.038900
117 1 60.842200
118 1 68.319900
119 1 106.776000
120 1 126.411000
121 1 0.283753
122 1 0.000000
123 1 0.309580
124 1 0.000000
125 1 0.305963
126 1 0.000000
127 1 38.768000
128 1 53.407500
129 1 67.338900
130 1 92.449600
131 1 105.227000
132 1 91.965600
133 1 84.828300
134 1 78.208700
135 1 75.891600
136 1 84.005200
137 1 79.291900
138 1 56.555900
139 1 58.144500
140 1 80.596100
141 1 93.629600
142 1 109.800000
143 1 94.319900
144 1 0.302674
145 1 0.000000
146 1 0.264825
147 1 0.000000
148 1 0.224758
149 1 0.100400
150 1 0.236390
151 1 0.307200
152 1 128.119000
153 1 141.028000
154 1 134.739000
155 1 120.329000
156 1 115.111000
157 1 101.137000
158 1 101.872000
159 1 90.119700
160 1 84.825300
161 1 95.998500
162 1 106.041000
163 1 125.057000
164 1 109.416000
165 1 0.272535
166 1 0.164900
167 1 0.345173
168 1 0.836900
169 1 0.418055
170 1 2.798300
171 1 0.461974
172 1 2.444100
173 1 94.677900
174 1 102.621000
175 1 100.205000
176 1 95.361700
177 1 90.296800
178 1 116.343000
179 1 139.889000
180 1 158.591000
181 1 119.737000
182 1 0.500094
183 1 0.294900
184 1 0.558954
185 1 0.625300
186 1 0.640453
187 1 0.199400
188 1 0.696625
189 1 0.004200
190 1 0.702677
191 1 0.000000
192 1 0.659757
193 1 0.000000
194 1 128.883000
195 1 106.490000
196 1 80.795900
197 1 57.961600
198 1 0.551508
199 1 0.000000
200 1 0.448770
201 1 0.000000
202 1 0.419475
203 1 0.000000
204 1 0.404458
205 1 0.000000
206 1 0.317096
207 1 0.000000
208 1 0.000000
209 1 0.000000
210 1 0.000000
211 1 0.562870
212 1 2.793670
213 1 0.782556
214 1 1.602830
215 1 10.154800
216 1 1.043800
217 1 0.772233
218 1 1.263510
219 1 0.506308
220 1 1.635250
221 1 3.471600
222 1 0.094373
223 1 32.037600
224 1 0.000000
225 1 2.627430
226 1 0.930969
227 1 0.301446
228 1 0.254481
229 1 0.942348
230 1 0.612358
231 1 0.373148
1 2 106.143000
2 2 86.543900
3 2 79.755100
4 2 75.590900
5 2 72.130200
6 2 61.707000
7 2 78.873400
8 2 80.957300
9 2 88.770600
10 2 85.248600
11 2 77.174000
12 2 74.649300
13 2 80.879200
14 2 83.718700
15 2 78.965200
16 2 73.579000
17 2 65.674200
18 2 46.111000
19 2 63.771100
20 2 52.726900
21 2 68.291500
22 2 60.650500
23 2 64.885200
24 2 60.088000
25 2 1.535070
26 2 3.375210
27 2 4.194130
28 2 6.630940
29 2 7.274960
30 2 8.559350
31 2 1.536320
32 2 13.343900
33 2 19.097500
34 2 32.282500
35 2 64.796100
36 2 106.605000
37 2 110.302000
38 2 107.995000
39 2 104.754000
40 2 102.920000
41 2 90.451300
42 2 79.134700
43 2 42.127600
44 2 0.000000
45 2 0.000000
46 2 14.026800
47 2 21.296500
48 2 17.154300
49 2 94.982300
50 2 69.264400
51 2 59.395700
52 2 57.245800
53 2 58.090300
54 2 46.983500
55 2 64.325700
56 2 77.927400
57 2 77.553900
58 2 65.503000
59 2 66.606700
60 2 65.803500
61 2 71.677000
62 2 79.372900
63 2 75.963600
64 2 63.120500
65 2 63.350200
66 2 65.971500
67 2 79.432100
68 2 60.419100
69 2 99.726200
70 2 98.507700
71 2 103.663000
72 2 92.542300
73 2 83.792800
74 2 82.944600
75 2 69.749700
76 2 65.640900
77 2 64.640000
78 2 57.278300
79 2 79.571500
80 2 96.354000
81 2 115.305000
82 2 108.240000
83 2 96.585200
84 2 92.314300
85 2 97.625200
86 2 106.912000
87 2 103.201000
88 2 95.395800
89 2 94.398300
90 2 83.740900
91 2 122.190000
92 2 131.948000
93 2 144.634000
94 2 124.204000
95 2 114.589000
96 2 111.688000
97 2 0.107527
98 2 0.000000
99 2 0.191489
100 2 0.000000
101 2 93.573200
102 2 84.816900
103 2 86.291300
104 2 83.540400
105 2 66.474700
106 2 70.194100
107 2 82.437100
108 2 87.048400
109 2 86.071200
110 2 92.736500
111 2 95.192000
112 2 95.515400
113 2 100.370000
114 2 94.750200
115 2 81.903200
116 2 76.197800
117 2 72.256800
118 2 83.770400
119 2 116.326000
120 2 119.975000
121 2 0.260382
122 2 0.000000
123 2 0.302634
124 2 0.000000
125 2 0.327624
126 2 0.000000
127 2 34.952300
128 2 42.665800
129 2 58.136900
130 2 83.345200
131 2 110.971000
132 2 121.168000
133 2 90.533300
134 2 69.655400
135 2 64.804000
136 2 67.232800
137 2 59.007400
138 2 53.336400
139 2 37.326700
140 2 80.329100
141 2 99.008800
142 2 114.301000
143 2 118.793000
144 2 0.328962
145 2 0.000000
146 2 0.319715
147 2 0.000000
148 2 0.316488
149 2 0.129900
150 2 0.334563
151 2 0.216500
152 2 83.283200
153 2 122.956000
154 2 114.195000
155 2 116.193000
156 2 111.327000
157 2 99.145800
158 2 94.262200
159 2 85.461300
160 2 78.897400
161 2 84.307000
162 2 115.754000
163 2 118.229000
164 2 117.593000
165 2 0.403593
166 2 0.254600
167 2 0.460623
168 2 0.373600
169 2 0.486044
170 2 0.470300
171 2 0.493934
172 2 1.070900
173 2 82.480800
174 2 80.765000
175 2 80.422900
176 2 74.811100
177 2 65.921300
178 2 121.197000
179 2 142.367000
180 2 140.251000
181 2 161.452000
182 2 0.494105
183 2 0.544300
184 2 0.467685
185 2 0.511100
186 2 0.527569
187 2 0.286500
188 2 0.558502
189 2 0.004400
190 2 0.529085
191 2 0.000000
192 2 0.488359
193 2 0.000000
194 2 111.827000
195 2 94.793800
196 2 80.320900
197 2 72.374300
198 2 0.406185
199 2 0.000000
200 2 0.316425
201 2 0.000000
202 2 0.282089
203 2 0.000000
204 2 0.283130
205 2 0.000000
206 2 0.276571
207 2 0.000000
208 2 0.420397
209 2 0.696736
210 2 7.906500
211 2 1.106080
212 2 2.155770
213 2 0.889861
214 2 1.584960
215 2 8.832450
216 2 1.153040
217 2 0.147406
218 2 0.255037
219 2 0.452903
220 2 0.338746
221 2 2.322320
222 2 0.890830
223 2 17.707800
224 2 0.000000
225 2 0.000000
226 2 1.134130
227 2 0.772363
228 2 0.946635
229 2 0.825867
230 2 0.743611
231 2 0.528889
1 3 76.969100
2 3 75.805200
3 3 72.858900
4 3 65.479000
5 3 61.467300
6 3 73.964700
7 3 75.575000
8 3 82.397200
9 3 107.599000
10 3 103.544000
11 3 93.716700
12 3 83.241700
13 3 77.795900
14 3 85.995100
15 3 76.628800
16 3 63.065500
17 3 54.655000
18 3 55.322200
19 3 53.518000
20 3 62.349100
21 3 72.055600
22 3 79.184900
23 3 69.230700
24 3 56.187000
25 3 9.656960
26 3 0.000000
27 3 4.632430
28 3 12.551900
29 3 12.306600
30 3 0.484333
31 3 0.000000
32 3 0.000000
33 3 0.000000
34 3 0.000000
35 3 36.658100
36 3 92.915700
37 3 69.836100
38 3 87.581700
39 3 89.391500
40 3 72.999900
41 3 66.653200
42 3 69.451800
43 3 33.900000
44 3 9.612690
45 3 0.000000
46 3 3.071010
47 3 17.901100
48 3 15.859500
49 3 81.526400
50 3 66.411400
51 3 58.782300
52 3 53.278300
53 3 52.461800
54 3 63.832500
55 3 58.912900
56 3 66.517300
57 3 81.200500
58 3 81.100400
59 3 82.880500
60 3 69.292300
61 3 65.011600
62 3 74.759900
63 3 66.497800
64 3 53.285300
65 3 55.662100
66 3 74.824400
67 3 67.259000
68 3 62.562300
69 3 95.779200
70 3 107.459000
71 3 99.282500
72 3 80.089900
73 3 66.345900
74 3 66.978100
75 3 59.742100
76 3 44.630700
77 3 42.340500
78 3 53.574100
79 3 65.763000
80 3 85.879100
81 3 124.098000
82 3 122.029000
83 3 107.629000
84 3 95.876800
85 3 94.290700
86 3 104.829000
87 3 100.393000
88 3 81.573800
89 3 85.530900
90 3 93.223700
91 3 120.220000
92 3 141.297000
93 3 150.917000
94 3 141.772000
95 3 120.376000
96 3 110.404000
97 3 0.090606
98 3 0.000000
99 3 0.146031
100 3 0.000000
101 3 64.379400
102 3 74.455800
103 3 84.934900
104 3 69.597500
105 3 55.564900
106 3 75.333300
107 3 79.700400
108 3 84.288900
109 3 108.688000
110 3 117.118000
111 3 101.054000
112 3 97.842100
113 3 99.473800
114 3 88.294700
115 3 75.038300
116 3 62.716600
117 3 58.640700
118 3 83.114600
119 3 106.677000
120 3 111.749000
121 3 0.194604
122 3 0.000000
123 3 0.184299
124 3 0.000000
125 3 0.166067
126 3 0.000000
127 3 47.284000
128 3 69.437300
129 3 71.548000
130 3 73.312900
131 3 103.955000
132 3 111.787000
133 3 96.685000
134 3 83.797600
135 3 81.861300
136 3 81.228800
137 3 75.164400
138 3 67.491200
139 3 66.416600
140 3 83.569700
141 3 106.127000
142 3 120.655000
143 3 109.915000
144 3 0.466682
145 3 0.000000
146 3 0.400382
147 3 0.000000
148 3 0.278942
149 3 0.081500
150 3 0.262642
151 3 0.323800
152 3 126.757000
153 3 143.972000
154 3 90.739100
155 3 102.105000
156 3 99.625000
157 3 100.227000
158 3 101.880000
159 3 98.279600
160 3 83.626200
161 3 74.698600
162 3 95.730800
163 3 104.085000
164 3 100.533000
165 3 0.248666
166 3 0.214200
167 3 0.371381
168 3 1.505600
169 3 0.533432
170 3 1.545400
171 3 0.601453
172 3 5.073500
173 3 101.373000
174 3 108.899000
175 3 110.545000
176 3 109.682000
177 3 95.497700
178 3 140.460000
179 3 138.658000
180 3 155.555000
181 3 150.977000
182 3 0.583491
183 3 1.154100
184 3 0.458150
185 3 0.258000
186 3 0.376167
187 3 0.163400
188 3 0.344168
189 3 0.008600
190 3 0.372987
191 3 0.000000
192 3 0.388044
193 3 0.000000
194 3 132.673000
195 3 110.930000
196 3 100.178000
197 3 81.332100
198 3 0.368065
199 3 0.000000
200 3 0.373397
201 3 0.000000
202 3 0.382454
203 3 0.000000
204 3 0.361538
205 3 0.000000
206 3 0.346623
207 3 0.000000
208 3 0.168173
209 3 0.000000
210 3 3.472510
211 3 0.000000
212 3 1.066270
213 3 0.540821
214 3 1.343500
215 3 9.256080
216 3 0.983770
217 3 0.377635
218 3 0.803285
219 3 0.948688
220 3 2.185130
221 3 3.354610
222 3 0.279436
223 3 0.000000
224 3 0.000000
225 3 0.506761
226 3 0.788541
227 3 0.523350
228 3 0.658946
229 3 0.634972
230 3 0.539828
231 3 0.403940
1 4 106.143000
2 4 86.543900
3 4 79.755100
4 4 75.590900
5 4 72.130200
6 4 61.707000
7 4 78.873400
8 4 80.957300
9 4 88.770600
10 4 85.248600
11 4 77.174000
12 4 74.649300
13 4 80.879200
14 4 83.718700
15 4 78.965200
16 4 73.579000
17 4 65.674200
18 4 46.111000
19 4 63.771100
20 4 52.726900
21 4 68.291500
22 4 60.650500
23 4 64.885200
24 4 60.088000
25 4 1.535070
26 4 3.375210
27 4 4.194130
28 4 6.630940
29 4 7.274960
30 4 8.559350
31 4 1.536320
32 4 13.343900
33 4 19.097500
34 4 32.282500
35 4 64.796100
36 4 106.605000
37 4 110.302000
38 4 107.995000
39 4 104.754000
40 4 102.920000
41 4 90.451300
42 4 79.134700
43 4 42.127600
44 4 0.000000
45 4 0.000000
46 4 14.026800
47 4 21.296500
48 4 17.154300
49 4 94.982300
50 4 69.264400
51 4 59.395700
52 4 57.245800
53 4 58.090300
54 4 46.983500
55 4 64.325700
56 4 77.927400
57 4 77.553900
58 4 65.503000
59 4 66.606700
60 4 65.803500
61 4 71.677000
62 4 79.372900
63 4 75.963600
64 4 63.120500
65 4 63.350200
66 4 65.971500
67 4 79.432100
68 4 60.419100
69 4 99.726200
70 4 98.507700
71 4 103.663000
72 4 92.542300
73 4 75.935300
74 4 70.988800
75 4 65.010700
76 4 55.813600
77 4 53.162700
78 4 58.235000
79 4 73.330800
80 4 98.384100
81 4 122.435000
82 4 111.472000
83 4 99.069700
84 4 76.693800
85 4 90.170400
86 4 89.333200
87 4 78.250700
88 4 76.813500
89 4 84.424500
90 4 76.720800
91 4 113.332000
92 4 155.373000
93 4 162.467000
94 4 148.598000
95 4 128.511000
96 4 115.953000
97 4 0.122050
98 4 0.000000
99 4 0.190017
100 4 0.000000
101 4 68.804600
102 4 74.789400
103 4 85.877000
104 4 82.349800
105 4 73.539900
106 4 79.794900
107 4 98.840100
108 4 106.066000
109 4 104.435000
110 4 103.127000
111 4 107.362000
112 4 88.775400
113 4 99.270900
114 4 84.293200
115 4 64.642800
116 4 65.038900
117 4 60.842200
118 4 68.319900
119 4 106.776000
120 4 126.411000
121 4 0.283753
122 4 0.000000
123 4 0.309580
124 4 0.000000
125 4 0.305963
126 4 0.000000
127 4 38.768000
128 4 53.407500
129 4 67.338900
130 4 92.449600
131 4 105.227000
132 4 91.965600
133 4 84.828300
134 4 78.208700
135 4 75.891600
136 4 84.005200
137 4 79.291900
138 4 56.555900
139 4 58.144500
140 4 80.596100
141 4 93.629600
142 4 109.800000
143 4 94.319900
144 4 0.302674
145 4 0.000000
146 4 0.264825
147 4 0.000000
148 4 0.224758
149 4 0.100400
150 4 0.236390
151 4 0.307200
152 4 128.119000
153 4 141.028000
154 4 134.739000
155 4 120.329000
156 4 115.111000
157 4 101.137000
158 4 101.872000
159 4 90.119700
160 4 84.825300
161 4 95.998500
162 4 106.041000
163 4 125.057000
164 4 109.416000
165 4 0.272535
166 4 0.164900
167 4 0.345173
168 4 0.836900
169 4 0.418055
170 4 2.798300
171 4 0.461974
172 4 2.444100
173 4 94.677900
174 4 102.621000
175 4 100.205000
176 4 95.361700
177 4 90.296800
178 4 116.343000
179 4 139.889000
180 4 158.591000
181 4 119.737000
182 4 0.500094
183 4 0.294900
184 4 0.558954
185 4 0.625300
186 4 0.640453
187 4 0.199400
188 4 0.696625
189 4 0.004200
190 4 0.702677
191 4 0.000000
192 4 0.659757
193 4 0.000000
194 4 128.883000
195 4 106.490000
196 4 80.795900
197 4 57.961600
198 4 0.551508
199 4 0.000000
200 4 0.448770
201 4 0.000000
202 4 0.419475
203 4 0.000000
204 4 0.404458
205 4 0.000000
206 4 0.317096
207 4 0.000000
208 4 0.000000
209 4 0.000000
210 4 0.000000
211 4 0.562870
212 4 2.793670
213 4 0.782556
214 4 1.602830
215 4 10.154800
216 4 1.043800
217 4 0.772233
218 4 1.263510
219 4 0.506308
220 4 1.635250
221 4 3.471600
222 4 0.094373
223 4 32.037600
224 4 0.000000
225 4 2.627430
226 4 0.930969
227 4 0.301446
228 4 0.254481
229 4 0.942348
230 4 0.612358
231 4 0.373148
1 5 107.495000
2 5 96.047800
3 5 86.546800
4 5 75.869700
5 5 70.151700
6 5 68.401500
7 5 83.850300
8 5 78.117800
9 5 105.072000
10 5 100.278000
11 5 79.164400
12 5 74.310500
13 5 80.892000
14 5 71.376300
15 5 70.288700
16 5 66.819900
17 5 73.926700
18 5 54.089800
19 5 68.998200
20 5 65.403200
21 5 80.541200
22 5 73.418500
23 5 57.514700
24 5 44.561500
25 5 13.858000
26 5 9.339670
27 5 46.809200
28 5 50.602700
29 5 45.273200
30 5 47.118700
31 5 21.179300
32 5 8.060560
33 5 7.164270
34 5 25.915500
35 5 84.228000
36 5 100.874000
37 5 108.419000
38 5 101.616000
39 5 102.561000
40 5 96.566200
41 5 93.638100
42 5 61.427800
43 5 34.659700
44 5 0.399332
45 5 0.000000
46 5 8.960010
47 5 24.268000
48 5 24.783500
49 5 96.116400
50 5 86.393400
51 5 72.487800
52 5 67.733900
53 5 66.629200
54 5 61.738300
55 5 70.786000
56 5 77.125100
57 5 93.723200
58 5 79.870000
59 5 78.751200
60 5 78.628300
61 5 85.685500
62 5 82.599600
63 5 78.006800
64 5 70.362100
65 5 72.106000
66 5 91.849400
67 5 101.765000
68 5 74.077400
69 5 122.295000
70 5 117.943000
71 5 105.491000
72 5 81.830000
73 5 84.418400
74 5 86.289600
75 5 71.797700
76 5 66.614400
77 5 61.303500
78 5 65.695500
79 5 70.196900
80 5 90.109100
81 5 120.356000
82 5 112.040000
83 5 89.054600
84 5 103.543000
85 5 109.235000
86 5 109.652000
87 5 96.481000
88 5 95.547500
89 5 76.184800
90 5 90.894000
91 5 111.566000
92 5 121.212000
93 5 133.945000
94 5 111.530000
95 5 96.508400
96 5 84.211000
97 5 0.087296
98 5 0.000000
99 5 0.141864
100 5 0.000000
101 5 86.193000
102 5 82.428300
103 5 72.749900
104 5 71.208900
105 5 55.087100
106 5 57.068200
107 5 66.695200
108 5 77.119800
109 5 85.581000
110 5 92.681600
111 5 96.941500
112 5 112.613000
113 5 125.075000
114 5 116.790000
115 5 97.956200
116 5 97.993700
117 5 82.313000
118 5 102.136000
119 5 128.270000
120 5 119.385000
121 5 0.215693
122 5 0.000000
123 5 0.293418
124 5 0.000000
125 5 0.376035
126 5 0.000000
127 5 56.843500
128 5 50.952700
129 5 78.378600
130 5 98.842400
131 5 115.674000
132 5 115.442000
133 5 95.325600
134 5 83.943600
135 5 75.427300
136 5 74.993700
137 5 68.181600
138 5 61.341700
139 5 57.048900
140 5 71.727500
141 5 94.485500
142 5 106.707000
143 5 117.556000
144 5 0.439390
145 5 0.000000
146 5 0.425784
147 5 0.000000
148 5 0.386465
149 5 0.266900
150 5 0.345960
151 5 0.260700
152 5 121.017000
153 5 148.421000
154 5 116.528000
155 5 117.838000
156 5 121.413000
157 5 72.556400
158 5 76.097800
159 5 68.115800
160 5 57.071600
161 5 77.588200
162 5 97.419000
163 5 109.177000
164 5 108.421000
165 5 0.344401
166 5 0.509300
167 5 0.386186
168 5 1.606600
169 5 0.219743
170 5 1.477200
171 5 0.244054
172 5 2.061700
173 5 68.735600
174 5 79.619200
175 5 68.810200
176 5 63.241400
177 5 89.860000
178 5 91.245900
179 5 110.295000
180 5 157.759000
181 5 165.756000
182 5 0.275939
183 5 0.356000
184 5 0.312102
185 5 0.199700
186 5 0.348676
187 5 0.388800
188 5 0.376318
189 5 0.007800
190 5 0.361136
191 5 0.000000
192 5 0.287400
193 5 0.000000
194 5 99.207400
195 5 132.306000
196 5 112.357000
197 5 89.963500
198 5 0.200936
199 5 0.000000
200 5 0.137728
201 5 0.000000
202 5 0.121708
203 5 0.000000
204 5 0.135122
205 5 0.000000
206 5 0.148010
207 5 0.000000
208 5 0.167579
209 5 0.000000
210 5 0.000000
211 5 0.000000
212 5 5.179040
213 5 0.842698
214 5 1.400360
215 5 13.655300
216 5 1.108470
217 5 0.000000
218 5 0.000000
219 5 0.093963
220 5 0.451555
221 5 2.349290
222 5 0.264385
223 5 68.030000
224 5 0.366009
225 5 0.247422
226 5 0.793403
227 5 0.618180
228 5 0.942421
229 5 0.467972
230 5 0.591976
231 5 0.503735
1 6 108.940000
2 6 86.660100
3 6 87.039200
4 6 79.718800
5 6 76.420500
6 6 73.220500
7 6 75.067800
8 6 79.094400
9 6 92.896400
10 6 92.040700
11 6 81.568300
12 6 65.420100
13 6 68.371500
14 6 69.378200
15 6 67.701100
16 6 62.438700
17 6 83.285700
18 6 69.883500
19 6 73.985700
20 6 76.844000
21 6 83.568300
22 6 79.318700
23 6 76.071300
24 6 64.160300
25 6 2.620980
26 6 8.719260
27 6 16.650800
28 6 29.766000
29 6 35.170200
30 6 26.724900
31 6 6.131140
32 6 0.000000
33 6 7.215410
34 6 18.042800
35 6 71.347400
36 6 84.751400
37 6 98.386900
38 6 88.776100
39 6 95.349200
40 6 88.100700
41 6 85.637000
42 6 67.249200
43 6 48.725200
44 6 7.129660
45 6 6.969460
46 6 23.904200
47 6 30.434900
48 6 27.609900
49 6 99.663300
50 6 63.178900
51 6 57.410800
52 6 58.759100
53 6 58.625800
54 6 58.399900
55 6 61.164800
56 6 67.330800
57 6 75.980200
58 6 79.077200
59 6 81.246400
60 6 72.565600
61 6 70.153000
62 6 74.776100
63 6 68.620300
64 6 57.596000
65 6 60.592600
66 6 77.955800
67 6 73.828500
68 6 75.183700
69 6 133.468000
70 6 127.806000
71 6 126.169000
72 6 106.945000
73 6 84.719800
74 6 70.091400
75 6 63.793100
76 6 62.570600
77 6 62.586500
78 6 66.629800
79 6 78.096300
80 6 91.592200
81 6 115.895000
82 6 121.477000
83 6 112.535000
84 6 108.203000
85 6 114.011000
86 6 124.362000
87 6 114.095000
88 6 98.562900
89 6 94.655800
90 6 100.201000
91 6 120.478000
92 6 142.870000
93 6 167.691000
94 6 148.787000
95 6 133.454000
96 6 123.597000
97 6 0.074359
98 6 0.000000
99 6 0.105323
100 6 0.000000
101 6 92.640000
102 6 89.516600
103 6 91.939000
104 6 90.491900
105 6 77.979100
106 6 86.923000
107 6 92.657400
108 6 94.450800
109 6 119.365000
110 6 128.230000
111 6 116.817000
112 6 121.081000
113 6 129.968000
114 6 120.763000
115 6 104.422000
116 6 99.042400
117 6 94.591300
118 6 121.719000
119 6 136.317000
120 6 150.184000
121 6 0.289310
122 6 0.000000
123 6 0.341599
124 6 0.000000
125 6 0.380175
126 6 0.000000
127 6 44.742200
128 6 39.174000
129 6 44.470800
130 6 73.047400
131 6 107.987000
132 6 120.817000
133 6 100.152000
134 6 87.812600
135 6 76.599400
136 6 70.225100
137 6 66.152800
138 6 56.551900
139 6 55.598700
140 6 76.035600
141 6 88.641000
142 6 99.605200
143 6 98.563200
144 6 0.393509
145 6 0.000000
146 6 0.412777
147 6 0.000000
148 6 0.437122
149 6 0.051400
150 6 0.446603
151 6 0.102600
152 6 144.580000
153 6 118.566000
154 6 95.966900
155 6 112.071000
156 6 66.272900
157 6 57.353000
158 6 39.770700
159 6 26.633900
160 6 28.575300
161 6 39.984900
162 6 51.881000
163 6 76.838500
164 6 98.083500
165 6 0.447810
166 6 0.434400
167 6 0.431251
168 6 0.563500
169 6 0.411895
170 6 0.585200
171 6 0.396595
172 6 1.615300
173 6 123.948000
174 6 127.786000
175 6 128.165000
176 6 100.473000
177 6 117.259000
178 6 123.229000
179 6 148.320000
180 6 161.939000
181 6 150.364000
182 6 0.400927
183 6 0.597800
184 6 0.418043
185 6 0.703800
186 6 0.454907
187 6 0.174000
188 6 0.493300
189 6 0.004100
190 6 0.507571
191 6 0.000000
192 6 0.498501
193 6 0.000000
194 6 140.515000
195 6 127.848000
196 6 111.646000
197 6 68.063800
198 6 0.457644
199 6 0.000000
200 6 0.390401
201 6 0.000000
202 6 0.343771
203 6 0.000000
204 6 0.320557
205 6 0.000000
206 6 0.297915
207 6 0.000000
208 6 0.237051
209 6 0.000000
210 6 1.146460
211 6 0.061987
212 6 2.752060
213 6 0.044851
214 6 1.410460
215 6 9.179650
216 6 1.048190
217 6 0.423913
218 6 2.156980
219 6 2.453280
220 6 2.628250
221 6 1.410220
222 6 0.001023
223 6 40.583500
224 6 0.000000
225 6 0.000000
226 6 0.824269
227 6 0.535188
228 6 0.605681
229 6 0.644101
230 6 0.540760
231 6 0.463612
1 7 108.940000
2 7 86.660100
3 7 87.039200
4 7 79.718800
5 7 76.420500
6 7 73.220500
7 7 75.067800
8 7 79.094400
9 7 92.896400
10 7 92.040700
11 7 81.568300
12 7 65.420100
13 7 68.371500
14 7 69.378200
15 7 67.701100
16 7 62.438700
17 7 83.285700
18 7 69.883500
19 7 73.985700
20 7 76.844000
21 7 83.568300
22 7 79.318700
23 7 76.071300
24 7 64.160300
25 7 2.620980
26 7 8.719260
27 7 16.650800
28 7 29.766000
29 7 35.170200
30 7 26.724900
31 7 6.131140
32 7 0.000000
33 7 7.215410
34 7 18.042800
35 7 71.347400
36 7 84.751400
37 7 98.386900
38 7 88.776100
39 7 95.349200
40 7 88.100700
41 7 85.637000
42 7 67.249200
43 7 48.725200
44 7 7.129660
45 7 6.969460
46 7 23.904200
47 7 30.434900
48 7 27.609900
49 7 102.196000
50 7 71.776100
51 7 58.657600
52 7 57.166200
53 7 53.996500
54 7 54.128800
55 7 63.909900
56 7 77.940100
57 7 81.419800
58 7 61.195700
59 7 69.145400
60 7 72.099600
61 7 75.198800
62 7 76.428000
63 7 71.477300
64 7 67.684300
65 7 75.587800
66 7 94.041700
67 7 80.294800
68 7 75.049700
69 7 100.587000
70 7 122.063000
71 7 112.537000
72 7 86.916700
73 7 80.798400
74 7 75.044600
75 7 58.898900
76 7 50.347500
77 7 47.104600
78 7 53.148200
79 7 66.848500
80 7 93.740300
81 7 115.519000
82 7 106.376000
83 7 87.269100
84 7 83.845200
85 7 92.167200
86 7 99.995700
87 7 94.911400
88 7 85.063900
89 7 87.401000
90 7 102.058000
91 7 123.841000
92 7 139.516000
93 7 150.005000
94 7 152.871000
95 7 132.835000
96 7 115.307000
97 7 0.098947
98 7 0.000000
99 7 0.157244
100 7 0.000000
101 7 84.867000
102 7 84.551200
103 7 85.137600
104 7 82.918300
105 7 66.265300
106 7 70.108800
107 7 88.215800
108 7 102.250000
109 7 100.541000
110 7 88.320300
111 7 86.552600
112 7 94.585100
113 7 108.529000
114 7 101.281000
115 7 92.644200
116 7 89.155600
117 7 76.887200
118 7 86.731300
119 7 119.362000
120 7 121.280000
121 7 0.214829
122 7 0.000000
123 7 0.238192
124 7 0.000000
125 7 0.254637
126 7 0.000000
127 7 48.955800
128 7 48.604700
129 7 56.699300
130 7 85.389300
131 7 105.312000
132 7 98.363400
133 7 85.101300
134 7 67.304000
135 7 57.619500
136 7 49.685700
137 7 46.366700
138 7 90.487000
139 7 78.874400
140 7 108.987000
141 7 135.328000
142 7 147.930000
143 7 139.288000
144 7 0.293639
145 7 0.000000
146 7 0.309983
147 7 0.000000
148 7 0.226951
149 7 0.038400
150 7 0.254301
151 7 0.465500
152 7 107.573000
153 7 103.382000
154 7 106.956000
155 7 98.251600
156 7 90.356800
157 7 85.405600
158 7 72.395300
159 7 63.941400
160 7 55.915800
161 7 70.820500
162 7 102.509000
163 7 138.097000
164 7 131.912000
165 7 0.316351
166 7 1.578900
167 7 0.400040
168 7 1.532300
169 7 0.472706
170 7 0.467600
171 7 0.520820
172 7 1.163900
173 7 103.549000
174 7 70.108600
175 7 55.391900
176 7 60.240200
177 7 52.885700
178 7 64.861800
179 7 104.566000
180 7 144.854000
181 7 145.844000
182 7 0.550713
183 7 0.603300
184 7 0.577423
185 7 1.644100
186 7 0.596460
187 7 0.182400
188 7 0.783784
189 7 0.002800
190 7 0.776919
191 7 0.000000
192 7 0.546213
193 7 0.000000
194 7 104.612000
195 7 71.083100
196 7 130.896000
197 7 115.146000
198 7 0.379207
199 7 0.000000
200 7 0.342802
201 7 0.000000
202 7 0.331400
203 7 0.000000
204 7 0.315318
205 7 0.000000
206 7 0.294230
207 7 0.000000
208 7 0.281624
209 7 0.000000
210 7 2.809940
211 7 0.000000
212 7 2.935560
213 7 0.000000
214 7 0.756492
215 7 8.987560
216 7 1.530620
217 7 0.858380
218 7 0.040736
219 7 0.000000
220 7 0.000000
221 7 0.000000
222 7 0.000000
223 7 110.729000
224 7 0.000000
225 7 0.002181
226 7 1.358900
227 7 0.471294
228 7 0.836019
229 7 0.604698
230 7 0.590040
231 7 0.399837
1 8 108.940000
2 8 86.660100
3 8 87.039200
4 8 79.718800
5 8 76.420500
6 8 73.220500
7 8 75.067800
8 8 79.094400
9 8 92.896400
10 8 92.040700
11 8 81.568300
12 8 65.420100
13 8 68.371500
14 8 69.378200
15 8 67.701100
16 8 62.438700
17 8 83.285700
18 8 69.883500
19 8 73.985700
20 8 76.844000
21 8 83.568300
22 8 79.318700
23 8 76.071300
24 8 64.160300
25 8 2.620980
26 8 8.719260
27 8 16.650800
28 8 29.766000
29 8 35.170200
30 8 26.724900
31 8 6.131140
32 8 0.000000
33 8 7.215410
34 8 18.042800
35 8 71.347400
36 8 84.751400
37 8 98.386900
38 8 88.776100
39 8 95.349200
40 8 88.100700
41 8 85.637000
42 8 67.249200
43 8 48.725200
44 8 7.129660
45 8 6.969460
46 8 23.904200
47 8 30.434900
48 8 27.609900
49 8 102.196000
50 8 71.776100
51 8 58.657600
52 8 57.166200
53 8 53.996500
54 8 54.128800
55 8 63.909900
56 8 77.940100
57 8 81.419800
58 8 61.195700
59 8 69.145400
60 8 72.099600
61 8 75.198800
62 8 76.428000
63 8 71.477300
64 8 67.684300
65 8 75.587800
66 8 94.041700
67 8 80.294800
68 8 75.049700
69 8 100.587000
70 8 122.063000
71 8 112.537000
72 8 86.916700
73 8 80.798400
74 8 75.044600
75 8 58.898900
76 8 50.347500
77 8 47.104600
78 8 53.148200
79 8 66.848500
80 8 93.740300
81 8 115.519000
82 8 106.376000
83 8 87.269100
84 8 83.845200
85 8 92.167200
86 8 99.995700
87 8 94.911400
88 8 85.063900
89 8 87.401000
90 8 102.058000
91 8 123.841000
92 8 139.516000
93 8 150.005000
94 8 152.871000
95 8 132.835000
96 8 115.307000
97 8 0.098947
98 8 0.000000
99 8 0.157244
100 8 0.000000
101 8 84.867000
102 8 84.551200
103 8 85.137600
104 8 82.918300
105 8 66.265300
106 8 70.108800
107 8 88.215800
108 8 102.250000
109 8 100.541000
110 8 88.320300
111 8 86.552600
112 8 94.585100
113 8 108.529000
114 8 101.281000
115 8 92.644200
116 8 89.155600
117 8 76.887200
118 8 86.731300
119 8 119.362000
120 8 121.280000
121 8 0.214829
122 8 0.000000
123 8 0.238192
124 8 0.000000
125 8 0.254637
126 8 0.000000
127 8 48.955800
128 8 48.604700
129 8 56.699300
130 8 85.389300
131 8 105.312000
132 8 98.363400
133 8 85.101300
134 8 67.304000
135 8 57.619500
136 8 49.685700
137 8 46.366700
138 8 90.487000
139 8 78.874400
140 8 108.987000
141 8 135.328000
142 8 147.930000
143 8 139.288000
144 8 0.293639
145 8 0.000000
146 8 0.309983
147 8 0.000000
148 8 0.226951
149 8 0.038400
150 8 0.254301
151 8 0.465500
152 8 107.573000
153 8 103.382000
154 8 106.956000
155 8 98.251600
156 8 90.356800
157 8 85.405600
158 8 72.395300
159 8 63.941400
160 8 55.915800
161 8 70.820500
162 8 102.509000
163 8 138.097000
164 8 131.912000
165 8 0.519697
166 8 0.522000
167 8 0.580113
168 8 0.993500
169 8 0.631532
170 8 0.426300
171 8 0.666793
172 8 0.459800
173 8 86.714800
174 8 75.480600
175 8 69.779000
176 8 80.363900
177 8 77.396900
178 8 121.764000
179 8 152.125000
180 8 170.842000
181 8 147.338000
182 8 0.642281
183 8 0.948800
184 8 0.663853
185 8 0.609200
186 8 0.665735
187 8 0.073100
188 8 0.722417
189 8 0.005500
190 8 0.764927
191 8 0.000000
192 8 0.711607
193 8 0.000000
194 8 116.925000
195 8 104.045000
196 8 82.358200
197 8 69.360400
198 8 0.602823
199 8 0.000000
200 8 0.507670
201 8 0.000000
202 8 0.435253
203 8 0.000000
204 8 0.405998
205 8 0.000000
206 8 0.396569
207 8 0.000000
208 8 0.131046
209 8 0.000000
210 8 11.896200
211 8 0.000000
212 8 1.131490
213 8 0.000000
214 8 1.242240
215 8 9.926540
216 8 0.929851
217 8 0.000000
218 8 0.000000
219 8 0.000000
220 8 0.000000
221 8 2.823640
222 8 0.854773
223 8 89.607100
224 8 0.000000
225 8 1.106190
226 8 1.852330
227 8 0.045224
228 8 0.354068
229 8 0.575338
230 8 0.516388
231 8 0.553554
1 9 108.940000
2 9 86.660100
3 9 87.039200
4 9 79.718800
5 9 76.420500
6 9 73.220500
7 9 75.067800
8 9 79.094400
9 9 92.896400
10 9 92.040700
11 9 81.568300
12 9 65.420100
13 9 68.371500
14 9 69.378200
15 9 67.701100
16 9 62.438700
17 9 83.285700
18 9 69.883500
19 9 73.985700
20 9 76.844000
21 9 83.568300
22 9 79.318700
23 9 76.071300
24 9 64.160300
25 9 2.620980
26 9 8.719260
27 9 16.650800
28 9 29.766000
29 9 35.170200
30 9 26.724900
31 9 6.131140
32 9 0.000000
33 9 7.215410
34 9 18.042800
35 9 71.347400
36 9 84.751400
37 9 98.386900
38 9 88.776100
39 9 95.349200
40 9 88.100700
41 9 85.637000
42 9 67.249200
43 9 48.725200
44 9 7.129660
45 9 6.969460
46 9 23.904200
47 9 30.434900
48 9 27.609900
49 9 102.196000
50 9 71.776100
51 9 58.657600
52 9 57.166200
53 9 53.996500
54 9 54.128800
55 9 63.909900
56 9 77.940100
57 9 81.419800
58 9 61.195700
59 9 69.145400
60 9 72.099600
61 9 75.198800
62 9 76.428000
63 9 71.477300
64 9 67.684300
65 9 75.587800
66 9 94.041700
67 9 80.294800
68 9 75.049700
69 9 100.587000
70 9 122.063000
71 9 112.537000
72 9 86.916700
73 9 80.798400
74 9 75.044600
75 9 58.898900
76 9 50.347500
77 9 47.104600
78 9 53.148200
79 9 66.848500
80 9 93.740300
81 9 115.519000
82 9 106.376000
83 9 87.269100
84 9 83.845200
85 9 92.167200
86 9 99.995700
87 9 94.911400
88 9 85.063900
89 9 87.401000
90 9 102.058000
91 9 123.841000
92 9 139.516000
93 9 150.005000
94 9 152.871000
95 9 132.835000
96 9 115.307000
97 9 0.098947
98 9 0.000000
99 9 0.157244
100 9 0.000000
101 9 84.867000
102 9 84.551200
103 9 85.137600
104 9 82.918300
105 9 66.265300
106 9 70.108800
107 9 88.215800
108 9 102.250000
109 9 100.541000
110 9 88.320300
111 9 86.552600
112 9 94.585100
113 9 108.529000
114 9 101.281000
115 9 92.644200
116 9 89.155600
117 9 76.887200
118 9 86.731300
119 9 119.362000
120 9 121.280000
121 9 0.214829
122 9 0.000000
123 9 0.238192
124 9 0.000000
125 9 0.254637
126 9 0.000000
127 9 48.955800
128 9 48.604700
129 9 56.699300
130 9 85.389300
131 9 105.312000
132 9 98.363400
133 9 85.101300
134 9 67.304000
135 9 57.619500
136 9 49.685700
137 9 46.366700
138 9 90.487000
139 9 78.874400
140 9 108.987000
141 9 135.328000
142 9 147.930000
143 9 139.288000
144 9 0.293639
145 9 0.000000
146 9 0.309983
147 9 0.000000
148 9 0.226951
149 9 0.038400
150 9 0.227362
151 9 0.085800
152 9 106.175000
153 9 120.052000
154 9 106.867000
155 9 109.900000
156 9 93.823400
157 9 83.469500
158 9 83.563700
159 9 78.015800
160 9 69.567000
161 9 75.532700
162 9 86.114600
163 9 128.490000
164 9 129.711000
165 9 0.311213
166 9 0.587500
167 9 0.419383
168 9 0.742800
169 9 0.502351
170 9 1.013200
171 9 0.559174
172 9 0.305100
173 9 120.220000
174 9 113.879000
175 9 126.346000
176 9 119.474000
177 9 113.839000
178 9 130.832000
179 9 164.770000
180 9 230.251000
181 9 179.780000
182 9 0.605312
183 9 2.210400
184 9 0.637980
185 9 0.497600
186 9 0.651869
187 9 0.324200
188 9 0.652543
189 9 0.011300
190 9 0.621108
191 9 0.000000
192 9 0.543228
193 9 0.000000
194 9 137.643000
195 9 121.434000
196 9 107.862000
197 9 67.660800
198 9 0.451283
199 9 0.000000
200 9 0.398416
201 9 0.000000
202 9 0.375980
203 9 0.000000
204 9 0.385010
205 9 0.000000
206 9 0.394606
207 9 0.000000
208 9 0.304522
209 9 0.000000
210 9 0.490636
211 9 0.017186
212 9 3.246080
213 9 0.816600
214 9 1.165680
215 9 7.153010
216 9 0.992713
217 9 0.411310
218 9 0.000000
219 9 0.000000
220 9 0.000000
221 9 1.375740
222 9 0.581040
223 9 121.540000
224 9 0.000000
225 9 0.000000
226 9 1.034260
227 9 0.370588
228 9 0.696244
229 9 0.638779
230 9 0.568968
231 9 0.456949
1 10 108.940000
2 10 86.660100
3 10 87.039200
4 10 79.718800
5 10 76.420500
6 10 73.220500
7 10 75.067800
8 10 79.094400
9 10 92.896400
10 10 92.040700
11 10 81.568300
12 10 65.420100
13 10 68.371500
14 10 69.378200
15 10 67.701100
16 10 62.438700
17 10 83.285700
18 10 69.883500
19 10 73.985700
20 10 76.844000
21 10 83.568300
22 10 79.318700
23 10 76.071300
24 10 64.160300
25 10 2.620980
26 10 8.719260
27 10 16.650800
28 10 29.766000
29 10 35.170200
30 10 26.724900
31 10 6.131140
32 10 0.000000
33 10 7.215410
34 10 18.042800
35 10 71.347400
36 10 84.751400
37 10 98.386900
38 10 88.776100
39 10 95.349200
40 10 88.100700
41 10 85.637000
42 10 67.249200
43 10 48.725200
44 10 7.129660
45 10 6.969460
46 10 23.904200
47 10 30.434900
48 10 27.609900
49 10 99.663300
50 10 63.178900
51 10 57.410800
52 10 58.759100
53 10 58.625800
54 10 58.399900
55 10 61.164800
56 10 67.330800
57 10 75.980200
58 10 79.077200
59 10 81.246400
60 10 72.565600
61 10 70.153000
62 10 74.776100
63 10 68.620300
64 10 57.596000
65 10 60.592600
66 10 77.955800
67 10 73.828500
68 10 75.183700
69 10 133.468000
70 10 127.806000
71 10 126.169000
72 10 106.945000
73 10 84.719800
74 10 70.091400
75 10 63.793100
76 10 62.570600
77 10 62.586500
78 10 66.629800
79 10 78.096300
80 10 91.592200
81 10 115.895000
82 10 121.477000
83 10 112.535000
84 10 108.203000
85 10 114.011000
86 10 124.362000
87 10 114.095000
88 10 98.562900
89 10 94.655800
90 10 100.201000
91 10 120.478000
92 10 142.870000
93 10 167.691000
94 10 148.787000
95 10 133.454000
96 10 123.597000
97 10 0.074359
98 10 0.000000
99 10 0.105323
100 10 0.000000
101 10 109.404000
102 10 81.045300
103 10 77.361800
104 10 68.584300
105 10 62.628700
106 10 63.868700
107 10 87.031600
108 10 91.185300
109 10 93.652600
110 10 96.274100
111 10 66.888300
112 10 71.781500
113 10 74.548000
114 10 68.267500
115 10 58.962100
116 10 58.715200
117 10 46.188700
118 10 53.553500
119 10 113.787000
120 10 137.107000
121 10 0.183878
122 10 0.000000
123 10 0.221220
124 10 0.000000
125 10 0.237390
126 10 0.000000
127 10 88.886500
128 10 50.814500
129 10 58.128900
130 10 87.012100
131 10 110.439000
132 10 115.068000
133 10 100.460000
134 10 89.789900
135 10 85.745200
136 10 83.123300
137 10 77.397200
138 10 72.514700
139 10 73.745600
140 10 94.924900
141 10 99.538200
142 10 103.182000
143 10 96.713300
144 10 0.231853
145 10 0.000000
146 10 0.210696
147 10 0.000000
148 10 0.200906
149 10 0.086100
150 10 0.212000
151 10 0.121600
152 10 101.163000
153 10 110.616000
154 10 64.772100
155 10 52.994000
156 10 58.786500
157 10 48.343900
158 10 43.577100
159 10 100.262000
160 10 97.362500
161 10 111.265000
162 10 132.278000
163 10 136.755000
164 10 136.215000
165 10 0.266885
166 10 0.232100
167 10 0.328835
168 10 0.100700
169 10 0.381204
170 10 0.177700
171 10 0.407746
172 10 0.458100
173 10 100.498000
174 10 106.103000
175 10 105.872000
176 10 93.636000
177 10 86.143300
178 10 101.063000
179 10 128.970000
180 10 143.786000
181 10 127.020000
182 10 0.425477
183 10 0.804300
184 10 0.435686
185 10 0.263600
186 10 0.454818
187 10 0.368300
188 10 0.452685
189 10 0.006300
190 10 0.404477
191 10 0.000000
192 10 0.331673
193 10 0.000000
194 10 132.920000
195 10 108.126000
196 10 81.085700
197 10 64.103100
198 10 0.270209
199 10 0.000000
200 10 0.217778
201 10 0.000000
202 10 0.219939
203 10 0.000000
204 10 0.262184
205 10 0.000000
206 10 0.290435
207 10 0.000000
208 10 0.441994
209 10 0.000000
210 10 15.731000
211 10 0.369161
212 10 3.150570
213 10 0.000000
214 10 1.174150
215 10 6.973920
216 10 0.820575
217 10 0.000000
218 10 0.000000
219 10 0.000000
220 10 0.000000
221 10 0.728019
222 10 0.908533
223 10 0.000000
224 10 0.000000
225 10 0.000000
226 10 1.234570
227 10 0.410873
228 10 0.734333
229 10 0.407255
230 10 0.437780
231 10 0.390081
;

param Prob0 :=
1	0.000
2	0.100
3	0.100
4	0.200
5	0.100
6	0.100
7	0.100
8	0.100
9	0.100
10	0.100
;
set c[0,5] := 5 1 2 3 4 6 7 8 9 10;
set c[1,5] := 5;
set c[1,7] := 7 6 8 9 10;
set c[1,2] := 2 1 4;
set c[1,3] := 3;
set c[2,9] := 9 7 6 8 10;
set c[2,3] := 3;
set c[2,1] := 1 2 4;
set c[2,5] := 5;
set c[3,5] := 5;
set c[3,2] := 2 1 4;
set c[3,3] := 3;
set c[3,9] := 9 7 8;
set c[3,6] := 6 10;
set c[4,3] := 3;
set c[4,9] := 9 7 8;
set c[4,6] := 6 10;
set c[4,4] := 4 1;
set c[4,2] := 2;
set c[4,5] := 5;
set c[5,9] := 9 7 8;
set c[5,5] := 5;
set c[5,4] := 4 1;
set c[5,6] := 6 10;
set c[5,2] := 2;
set c[5,3] := 3;
set c[6,6] := 6 10;
set c[6,5] := 5;
set c[6,4] := 4 1;
set c[6,3] := 3;
set c[6,2] := 2;
set c[6,9] := 9 7 8;
set c[7,4] := 4 1;
set c[7,9] := 9 7 8;
set c[7,3] := 3;
set c[7,2] := 2;
set c[7,5] := 5;
set c[7,6] := 6;
set c[7,10] := 10;
set c[8,5] := 5;
set c[8,2] := 2;
set c[8,3] := 3;
set c[8,6] := 6;
set c[8,9] := 9 7 8;
set c[8,10] := 10;
set c[8,4] := 4 1;
set c[9,10] := 10;
set c[9,2] := 2;
set c[9,6] := 6;
set c[9,3] := 3;
set c[9,9] := 9 7 8;
set c[9,4] := 4 1;
set c[9,5] := 5;
set c[10,6] := 6;
set c[10,4] := 4 1;
set c[10,9] := 9 7 8;
set c[10,2] := 2;
set c[10,5] := 5;
set c[10,3] := 3;
set c[10,10] := 10;
set c[11,10] := 10;
set c[11,5] := 5;
set c[11,3] := 3;
set c[11,8] := 8 9 7;
set c[11,2] := 2;
set c[11,4] := 4 1;
set c[11,6] := 6;
set c[12,9] := 9 8 7;
set c[12,5] := 5;
set c[12,3] := 3;
set c[12,4] := 4 1;
set c[12,6] := 6;
set c[12,2] := 2;
set c[12,10] := 10;
set c[13,2] := 2;
set c[13,4] := 4 1;
set c[13,5] := 5;
set c[13,6] := 6;
set c[13,3] := 3;
set c[13,10] := 10;
set c[13,9] := 9 8 7;
set c[14,4] := 4 1;
set c[14,10] := 10;
set c[14,6] := 6;
set c[14,9] := 9 8 7;
set c[14,5] := 5;
set c[14,3] := 3;
set c[14,2] := 2;
set c[15,5] := 5;
set c[15,7] := 7 8;
set c[15,9] := 9;
set c[15,6] := 6;
set c[15,3] := 3;
set c[15,2] := 2;
set c[15,10] := 10;
set c[15,4] := 4 1;
set c[16,3] := 3;
set c[16,2] := 2;
set c[16,10] := 10;
set c[16,6] := 6;
set c[16,9] := 9;
set c[16,4] := 4 1;
set c[16,7] := 7 8;
set c[16,5] := 5;
set c[17,7] := 7;
set c[17,8] := 8;
set c[17,2] := 2;
set c[17,5] := 5;
set c[17,4] := 4 1;
set c[17,6] := 6;
set c[17,9] := 9;
set c[17,10] := 10;
set c[17,3] := 3;
set c[18,2] := 2;
set c[18,4] := 4 1;
set c[18,6] := 6;
set c[18,3] := 3;
set c[18,10] := 10;
set c[18,9] := 9;
set c[18,8] := 8;
set c[18,5] := 5;
set c[18,7] := 7;
set c[19,7] := 7;
set c[19,9] := 9;
set c[19,4] := 4 1;
set c[19,10] := 10;
set c[19,6] := 6;
set c[19,8] := 8;
set c[19,3] := 3;
set c[19,5] := 5;
set c[19,2] := 2;
set c[20,3] := 3;
set c[20,5] := 5;
set c[20,10] := 10;
set c[20,9] := 9;
set c[20,4] := 4 1;
set c[20,8] := 8;
set c[20,2] := 2;
set c[20,6] := 6;
set c[20,7] := 7;
set c[21,2] := 2;
set c[21,5] := 5;
set c[21,7] := 7;
set c[21,6] := 6;
set c[21,10] := 10;
set c[21,9] := 9;
set c[21,8] := 8;
set c[21,4] := 4 1;
set c[21,3] := 3;
set c[22,9] := 9;
set c[22,3] := 3;
set c[22,7] := 7;
set c[22,4] := 4 1;
set c[22,8] := 8;
set c[22,6] := 6;
set c[22,10] := 10;
set c[22,5] := 5;
set c[22,2] := 2;
set c[23,8] := 8;
set c[23,5] := 5;
set c[23,4] := 4 1;
set c[23,7] := 7;
set c[23,2] := 2;
set c[23,10] := 10;
set c[23,6] := 6;
set c[23,3] := 3;
set c[23,9] := 9;
set c[24,2] := 2;
set c[24,9] := 9;
set c[24,5] := 5;
set c[24,7] := 7;
set c[24,3] := 3;
set c[24,4] := 4 1;
set c[24,6] := 6;
set c[24,10] := 10;
set c[24,8] := 8;
set c[25,10] := 10;
set c[25,9] := 9;
set c[25,3] := 3;
set c[25,5] := 5;
set c[25,7] := 7;
set c[25,4] := 4 1;
set c[25,6] := 6;
set c[25,8] := 8;
set c[25,2] := 2;
set c[26,5] := 5;
set c[26,7] := 7;
set c[26,9] := 9;
set c[26,8] := 8;
set c[26,6] := 6;
set c[26,4] := 4 1;
set c[26,3] := 3;
set c[26,2] := 2;
set c[26,10] := 10;
set c[27,9] := 9;
set c[27,8] := 8;
set c[27,4] := 4 1;
set c[27,2] := 2;
set c[27,7] := 7;
set c[27,3] := 3;
set c[27,6] := 6;
set c[27,10] := 10;
set c[27,5] := 5;
set c[28,3] := 3;
set c[28,5] := 5;
set c[28,6] := 6;
set c[28,8] := 8;
set c[28,2] := 2;
set c[28,4] := 4 1;
set c[28,7] := 7;
set c[28,10] := 10;
set c[28,9] := 9;
set c[29,10] := 10;
set c[29,5] := 5;
set c[29,2] := 2;
set c[29,8] := 8;
set c[29,7] := 7;
set c[29,9] := 9;
set c[29,4] := 4 1;
set c[29,6] := 6;
set c[29,3] := 3;
set c[30,4] := 4 1;
set c[30,7] := 7;
set c[30,6] := 6;
set c[30,8] := 8;
set c[30,2] := 2;
set c[30,5] := 5;
set c[30,3] := 3;
set c[30,9] := 9;
set c[30,10] := 10;
set c[31,9] := 9;
set c[31,2] := 2;
set c[31,10] := 10;
set c[31,8] := 8;
set c[31,5] := 5;
set c[31,3] := 3;
set c[31,6] := 6;
set c[31,7] := 7;
set c[31,4] := 4 1;
set c[32,3] := 3;
set c[32,5] := 5;
set c[32,8] := 8;
set c[32,2] := 2;
set c[32,10] := 10;
set c[32,7] := 7;
set c[32,4] := 4 1;
set c[32,6] := 6;
set c[32,9] := 9;
set c[33,10] := 10;
set c[33,6] := 6;
set c[33,9] := 9;
set c[33,4] := 4 1;
set c[33,2] := 2;
set c[33,5] := 5;
set c[33,8] := 8;
set c[33,7] := 7;
set c[33,3] := 3;
set c[34,5] := 5;
set c[34,6] := 6;
set c[34,9] := 9;
set c[34,8] := 8;
set c[34,7] := 7;
set c[34,2] := 2;
set c[34,4] := 4 1;
set c[34,3] := 3;
set c[34,10] := 10;

