1 0.1 0.0 0.0 0.0 0.0 0.0 0.0 0.0 0.34 0.8999999999999999 4.431 7.8469999999999995 3.406 2.4210000000000003 2.979 0.7489999999999999 0.256 0.0 0.0 0.0 0.0 0.0 0.0 0.0 0.0 
2 0.1 0.0 0.0 0.0 0.0 0.0 0.0 0.0 0.061000000000000006 2.173 2.9909999999999997 2.175 2.68 2.885 1.4660000000000002 1.743 0.217 0.0 0.0 0.0 0.0 0.0 0.0 0.0 0.0 
3 0.1 0.0 0.0 0.0 0.0 0.0 0.0 0.0 0.061000000000000006 2.173 2.9909999999999997 2.175 2.68 2.885 1.06 1.159 0.6719999999999999 0.0 0.0 0.0 0.0 0.0 0.0 0.0 0.0 
4 0.1 0.0 0.0 0.0 0.0 0.0 0.0 0.0 0.20600000000000002 2.024 6.231 8.06 6.1419999999999995 1.672 1.141 1.701 0.249 0.0 0.0 0.0 0.0 0.0 0.0 0.0 0.0 
5 0.1 0.0 0.0 0.0 0.0 0.0 0.0 0.0 0.11499999999999999 0.466 2.6500000000000004 2.6889999999999996 3.3689999999999998 1.167 0.9909999999999999 0.574 0.5559999999999999 0.0 0.0 0.0 0.0 0.0 0.0 0.0 0.0 
6 0.1 0.0 0.0 0.0 0.0 0.0 0.0 0.0 0.072 1.053 1.479 5.755 9.407 1.52 0.531 1.041 0.47300000000000003 0.0 0.0 0.0 0.0 0.0 0.0 0.0 0.0 
7 0.1 0.0 0.0 0.0 0.0 0.0 0.0 0.0 0.09599999999999999 2.958 5.699999999999999 3.933 5.93 4.111000000000001 0.7290000000000001 1.031 0.558 0.0 0.0 0.0 0.0 0.0 0.0 0.0 0.0 
8 0.1 0.0 0.0 0.0 0.0 0.0 0.0 0.0 0.072 1.053 1.479 5.755 9.407 1.52 0.531 1.041 0.47300000000000003 0.0 0.0 0.0 0.0 0.0 0.0 0.0 0.0 
9 0.1 0.0 0.0 0.0 0.0 0.0 0.0 0.0 0.061000000000000006 2.173 2.9909999999999997 2.175 2.68 2.885 1.5490000000000002 0.201 0.062 0.0 0.0 0.0 0.0 0.0 0.0 0.0 0.0 
10 0.1 0.0 0.0 0.0 0.0 0.0 0.0 0.0 0.14200000000000002 0.368 1.7000000000000002 2.21 2.056 1.8609999999999998 1.6189999999999998 0.822 0.237 0.0 0.0 0.0 0.0 0.0 0.0 0.0 0.0 
