1 0.1 -3.0 -0.574286400000033 -2.056811599999969 -1.818901999999999 0.0 0.0 0.0 3.0 -2.4 0.0 0.0 3.0 -0.11851999999999796 0.0 3.0 0.6141999999999932 -1.922839999999999 3.0 -0.75 0.25 -0.45 0.0 -3.0 0.0 
2 0.1 -3.0 -3.0 -1.45 0.0 0.0 0.0 0.0 0.0 0.0 0.0 0.0 0.0 0.0 0.0 0.0 2.0002340000000043 2.2796719999999997 0.0 -0.3442759999999998 0.08606899999999973 0.0 0.0 -1.4985039999999996 0.0 
3 0.1 -3.0 -3.0 -1.45 0.0 0.0 0.0 0.0 0.0 0.0 0.0 0.0 0.0 0.0 0.0 0.0 3.0 2.2796719999999993 1.3771039999999999 -0.344276 0.08606899999999973 0.0 0.0 -3.0 -0.4 
4 0.1 -3.0 -3.0 -1.45 0.0 0.0 0.18289406249998336 -0.19508699999998225 3.0 0.0 -3.0 1.1795849999999906 0.6938796875000005 3.0 0.0 3.0 -0.75 -0.12969599999998938 0.4661599999999817 -0.11653999999999431 0.0 -1.9818319999999972 -1.394860000000004 0.0 0.0 
5 0.1 -3.0 -3.0 -0.2562999999999702 0.0 3.0 0.0 0.0 0.0 -2.2470000000000008 -1.3467000000000056 0.0 0.2318600000000206 0.0 0.08063999999997795 3.0 3.0 0.0 0.0 0.0 0.0 0.0 -2.8 -3.0 3.0 
6 0.1 -3.0 -3.0 -0.25629999999997155 0.0 3.0 0.0 0.0 0.0 -2.2470000000000008 -1.3467000000000056 0.0 0.2318600000000206 0.0 0.08063999999997806 3.0 3.0 0.0 0.0 0.0 0.0 0.0 -2.8 -3.0 3.0 
7 0.1 -3.0 -3.0 -0.2562999999999702 0.0 3.0 0.0 0.0 0.0 -2.2470000000000008 -1.3467000000000056 0.0 0.2318600000000206 0.0 0.08063999999997806 3.0 3.0 0.0 0.0 0.0 0.0 0.0 -2.8 -3.0 3.0 
8 0.1 -3.0 -3.0 -0.25629999999997155 0.0 3.0 0.0 0.0 0.0 -2.2470000000000008 -1.3467000000000056 0.0 0.2318600000000206 0.0 0.08063999999997806 3.0 3.0 0.0 0.0 0.0 0.0 0.0 -2.8 -3.0 3.0 
9 0.1 -3.0 -3.0 -1.45 0.0 0.0 0.0 0.0 0.0 0.0 0.0 0.0 0.0 0.0 0.0 0.0 2.0002340000000047 2.2796719999999993 0.0 -0.3442759999999996 0.08606899999999973 0.0 0.0 -1.4985039999999996 0.0 
10 0.1 -3.0 -3.0 -1.45 0.0 0.0 0.0 0.0 0.0 0.0 0.0 0.0 0.0 3.0 -2.15 0.0 3.0 3.0 0.0 0.0 0.0 0.0 0.0 -3.0 -0.4 
