1 0.1 0.0 0.0 0.0 0.0 0.0 0.0 0.0 3.0 0.0 0.0 0.0 3.0 0.0 0.0 3.0 0.6141999999999932 0.0 3.0 0.0 0.25 0.0 0.0 0.0 0.0 
2 0.1 0.0 0.0 0.0 0.0 0.0 0.0 0.0 0.0 0.0 0.0 0.0 0.0 0.0 0.0 0.0 2.0002340000000043 2.2796719999999997 0.0 0.0 0.08606899999999973 0.0 0.0 0.0 0.0 
3 0.1 0.0 0.0 0.0 0.0 0.0 0.0 0.0 0.0 0.0 0.0 0.0 0.0 0.0 0.0 0.0 3.0 2.2796719999999993 1.3771039999999999 0.0 0.08606899999999973 0.0 0.0 0.0 0.0 
4 0.1 0.0 0.0 0.0 0.0 0.0 0.18289406249998336 0.0 3.0 0.0 0.0 1.1795849999999906 0.6938796875000005 3.0 0.0 3.0 0.0 0.0 0.4661599999999817 0.0 0.0 0.0 0.0 0.0 0.0 
5 0.1 0.0 0.0 0.0 0.0 3.0 0.0 0.0 0.0 0.0 0.0 0.0 0.2318600000000206 0.0 0.08063999999997795 3.0 3.0 0.0 0.0 0.0 0.0 0.0 0.0 0.0 3.0 
6 0.1 0.0 0.0 0.0 0.0 3.0 0.0 0.0 0.0 0.0 0.0 0.0 0.2318600000000206 0.0 0.08063999999997806 3.0 3.0 0.0 0.0 0.0 0.0 0.0 0.0 0.0 3.0 
7 0.1 0.0 0.0 0.0 0.0 3.0 0.0 0.0 0.0 0.0 0.0 0.0 0.2318600000000206 0.0 0.08063999999997806 3.0 3.0 0.0 0.0 0.0 0.0 0.0 0.0 0.0 3.0 
8 0.1 0.0 0.0 0.0 0.0 3.0 0.0 0.0 0.0 0.0 0.0 0.0 0.2318600000000206 0.0 0.08063999999997806 3.0 3.0 0.0 0.0 0.0 0.0 0.0 0.0 0.0 3.0 
9 0.1 0.0 0.0 0.0 0.0 0.0 0.0 0.0 0.0 0.0 0.0 0.0 0.0 0.0 0.0 0.0 2.0002340000000047 2.2796719999999993 0.0 0.0 0.08606899999999973 0.0 0.0 0.0 0.0 
10 0.1 0.0 0.0 0.0 0.0 0.0 0.0 0.0 0.0 0.0 0.0 0.0 0.0 3.0 0.0 0.0 3.0 3.0 0.0 0.0 0.0 0.0 0.0 0.0 0.0 
