1 0.1 3.0 0.574286400000033 2.056811599999969 1.818901999999999 0.0 0.0 0.0 0.0 2.4 0.0 0.0 0.0 0.11851999999999796 0.0 0.0 0.0 1.922839999999999 0.0 0.75 0.0 0.45 0.0 3.0 0.0 
2 0.1 3.0 3.0 1.45 0.0 0.0 0.0 0.0 0.0 0.0 0.0 0.0 0.0 0.0 0.0 0.0 0.0 0.0 0.0 0.3442759999999998 0.0 0.0 0.0 1.4985039999999996 0.0 
3 0.1 3.0 3.0 1.45 0.0 0.0 0.0 0.0 0.0 0.0 0.0 0.0 0.0 0.0 0.0 0.0 0.0 0.0 0.0 0.344276 0.0 0.0 0.0 3.0 0.4 
4 0.1 3.0 3.0 1.45 0.0 0.0 0.0 0.19508699999998225 0.0 0.0 3.0 0.0 0.0 0.0 0.0 0.0 0.75 0.12969599999998938 0.0 0.11653999999999431 0.0 1.9818319999999972 1.394860000000004 0.0 0.0 
5 0.1 3.0 3.0 0.2562999999999702 0.0 0.0 0.0 0.0 0.0 2.2470000000000008 1.3467000000000056 0.0 0.0 0.0 0.0 0.0 0.0 0.0 0.0 0.0 0.0 0.0 2.8 3.0 0.0 
6 0.1 3.0 3.0 0.25629999999997155 0.0 0.0 0.0 0.0 0.0 2.2470000000000008 1.3467000000000056 0.0 0.0 0.0 0.0 0.0 0.0 0.0 0.0 0.0 0.0 0.0 2.8 3.0 0.0 
7 0.1 3.0 3.0 0.2562999999999702 0.0 0.0 0.0 0.0 0.0 2.2470000000000008 1.3467000000000056 0.0 0.0 0.0 0.0 0.0 0.0 0.0 0.0 0.0 0.0 0.0 2.8 3.0 0.0 
8 0.1 3.0 3.0 0.25629999999997155 0.0 0.0 0.0 0.0 0.0 2.2470000000000008 1.3467000000000056 0.0 0.0 0.0 0.0 0.0 0.0 0.0 0.0 0.0 0.0 0.0 2.8 3.0 0.0 
9 0.1 3.0 3.0 1.45 0.0 0.0 0.0 0.0 0.0 0.0 0.0 0.0 0.0 0.0 0.0 0.0 0.0 0.0 0.0 0.3442759999999996 0.0 0.0 0.0 1.4985039999999996 0.0 
10 0.1 3.0 3.0 1.45 0.0 0.0 0.0 0.0 0.0 0.0 0.0 0.0 0.0 0.0 2.15 0.0 0.0 0.0 0.0 0.0 0.0 0.0 0.0 3.0 0.4 
