1 0.1 0.4 0.75 0.6782141999999958 0.42111274999999987 0.19375 0.19375 0.19375 0.19375 0.49375000000000013 0.19375 0.19375 0.19375 0.49375000000000013 0.4789350000000004 0.4789350000000004 0.7789350000000005 0.8403549999999999 0.6 0.9 0.80625 0.83125 0.775 0.775 0.4 0.4 
2 0.1 0.4 0.75 0.374999999999999 0.19375 0.19375 0.19375 0.19375 0.19375 0.19375 0.19375 0.19375 0.19375 0.19375 0.19375 0.19375 0.19375 0.39377340000000044 0.6217406000000004 0.6217406000000004 0.5787061000000004 0.5873130000000004 0.5873130000000004 0.5873130000000004 0.4 0.4 
3 0.1 0.4 0.75 0.374999999999999 0.19375 0.19375 0.19375 0.19375 0.19375 0.19375 0.19375 0.19375 0.19375 0.19375 0.19375 0.19375 0.19375 0.49375 0.7217172 0.8594276 0.8163931 0.825 0.825 0.8250000000000001 0.45 0.4 
4 0.1 0.4 0.75 0.3749999999999999 0.19375 0.19375 0.19375 0.21203940624999834 0.18765353125000056 0.48765353125000066 0.48765353125000066 0.11265353125000065 0.2306120312499997 0.3 0.6 0.6 0.9 0.80625 0.7900380000000014 0.8366539999999996 0.8220865000000002 0.8220865000000002 0.5743575000000005 0.4 0.4 0.4 
5 0.1 0.4 0.75 0.37499999999999944 0.34296250000000317 0.34296250000000317 0.6429625000000032 0.6429625000000032 0.6429625000000032 0.6429625000000008 0.36208750000000073 0.19375000000000003 0.19375000000000003 0.21693600000000207 0.21693600000000207 0.22499999999999987 0.5249999999999999 0.825 0.825 0.825 0.825 0.825 0.825 0.4750000000000001 0.1 0.4 
6 0.1 0.4 0.75 0.3749999999999971 0.34296250000000067 0.34296250000000067 0.6429625000000008 0.6429625000000008 0.6429625000000008 0.6429625000000008 0.36208750000000073 0.19375 0.19375 0.21693600000000207 0.21693600000000207 0.22499999999999987 0.5249999999999999 0.825 0.825 0.825 0.825 0.825 0.825 0.4750000000000001 0.1 0.4 
7 0.1 0.4 0.75 0.37499999999999944 0.34296250000000317 0.34296250000000317 0.6429625000000032 0.6429625000000032 0.6429625000000032 0.6429625000000008 0.3620875000000007 0.19375 0.19375 0.21693600000000207 0.21693600000000207 0.22499999999999987 0.5249999999999999 0.825 0.825 0.825 0.825 0.825 0.825 0.4750000000000001 0.1 0.4 
8 0.1 0.4 0.75 0.3749999999999971 0.34296250000000067 0.34296250000000067 0.6429625000000008 0.6429625000000008 0.6429625000000008 0.6429625000000008 0.36208750000000073 0.19375 0.19375 0.21693600000000207 0.21693600000000207 0.22499999999999987 0.5249999999999999 0.825 0.825 0.825 0.825 0.825 0.825 0.4750000000000001 0.1 0.4 
9 0.1 0.4 0.75 0.374999999999999 0.19375 0.19375 0.19375 0.19375 0.19375 0.19375 0.19375 0.19375 0.19375 0.19375 0.19375 0.19375 0.19375 0.3937734000000005 0.6217406000000004 0.6217406000000004 0.5787061 0.587313 0.587313 0.587313 0.4 0.4 
10 0.1 0.4 0.75 0.3749999999999992 0.19375 0.19375 0.19375 0.19375 0.19375 0.19375 0.19375 0.19375 0.19375 0.19375 0.49375000000000013 0.22499999999999953 0.22499999999999953 0.5249999999999999 0.825 0.825 0.825 0.825 0.825 0.825 0.45 0.4 
