#erel:= 0.850;
#emax:= 2245.580;
#q:= 0.000;
#nesce:=    10;
#etime:= 0.083;
#snodes:=   254;
param nS:=    10;
param nSG:=    34;
param nRVSG [*] :=
 1 24    5  2    9  2   13  2   17  2   21  9   25  2   29  2   33  2
 2 24    6  2   10  2   14  2   18  2   22  2   26  2   30  2   34 24
 3 24    7 20   11 17   15  2   19  2   23  2   27  2   31  2
 4 24    8  2   12  2   16 13   20  2   24  2   28  4   32  2
;

param ScenF [*] :=
  1   0           59  21.9309     117  59.0976     175  29.2619
  2   0           60  23.4934     118  73.0217     176  26.6138
  3   0           61  32.5914     119  91.392      177  21.1761
  4   0           62  33.1382     120  88.6164     178  36.0872
  5   0           63  33.3339     121   0.641264   179  61.3036
  6   0           64  30.3539     122   0          180  83.7924
  7   0           65  41.2744     123   0.620315   181  63.4422
  8   0           66  60.5674     124   0          182   0.47958
  9  11.7264      67  56.4035     125   0.637572   183   0.5072
 10  16.6011      68  41.9563     126   0          184   0.478567
 11  13.7899      69  56.934      127  26.5479     185   0.4006
 12  12.1632      70  54.3341     128  44.5984     186   0.488424
 13  15.7695      71  48.6967     129  38.5776     187   0.1658
 14  14.135       72  41.1979     130  29.2883     188   0.503067
 15  10.9203      73  22.3923     131  37.4487     189   0.0002
 16   6.77744     74  35.0843     132  52.8687     190   0.50049
 17  11.3146      75  23.4887     133  59.0695     191   0
 18  23.1161      76  10.2226     134  54.8993     192   0.462266
 19  35.7864      77   5.7695     135  56.695      193   0
 20  38.6166      78  11.8918     136  53.6021     194  58.1782
 21  34.36        79  23.6868     137  46.9221     195  49.903
 22  27.9621      80  31.6341     138  41.2123     196  35.7461
 23  26.1323      81  34.5438     139  42.4138     197  32.5211
 24  19.2485      82  19.5835     140  58.0664     198   0.439621
 25   7.48193     83  23.6917     141  65.8411     199   0
 26   6.1926      84  20.3522     142  68.0882     200   0.442104
 27   3.78679     85  11.9521     143  45.8778     201   0
 28   2.80523     86  11.6414     144   0.646546   202   0.432968
 29   2.81059     87  12.1294     145   0          203   0
 30   3.78409     88   9.09429    146   0.618235   204   0.417139
 31   9.32222     89  40.4194     147   0          205   0
 32   2.57953     90  55.0066     148   0.571328   206   0.403844
 33   0           91  56.3649     149   0.0001     207   0
 34   0           92  72.9404     150   0.483114   208   0
 35   9.37199     93  80.5502     151   0.1091     209   0
 36  10.869       94  70.317      152   8.47619    210   0
 37   9.98037     95  64.9462     153  12.3417     211   0
 38   7.50763     96  58.8909     154  28.0754     212  19.1377
 39   6.13872     97   0.727828   155  35.4666     213   1.31181
 40  10.9755      98   0          156  27.7392     214   1.2293
 41  21.9203      99   0.692438   157  21.3673     215  15.5418
 42  11.4403     100   0          158  19.1157     216   1.28296
 43   0          101  20.5529     159  19.4905     217   0
 44   0          102  40.3807     160  19.7117     218   8.63981
 45   0          103  38.1746     161  19.6875     219   5.66817
 46   0          104  35.5517     162  22.8811     220   2.30675
 47   0          105  36.2601     163  33.4793     221   0
 48   0          106  41.6403     164  31.8119     222   0.296918
 49  18.0378     107  44.2326     165   0.424146   223 252.892
 50  32.6167     108  50.1096     166   0.3403     224   7.33198
 51  31.7338     109  67.5868     167   0.410864   225   5.00412
 52  25.2963     110  77.9788     168   0.5402     226   2.58495
 53  17.1045     111  69.8731     169   0.431536   227   0.889691
 54  20.4599     112  64.384      170   0.5768     228   0.298527
 55  26.0038     113  65.7513     171   0.45835    229   0.20878
 56  33.1284     114  66.8999     172   0.5948     230   0.236042
 57  38.548      115  61.6288     173  22.5654     231   0.017631
 58  32.825      116  58.0788     174  24.596
;

param ScenO [*] :=
  1 41.6         48 19.28        95 60          142 74          189  0.001
  2 41           49 45.5         96 55.21       143 71.39       190  0.813
  3 30.57        50 30.82        97  0.734      144  0.646      191  0
  4 20.87        51 23.14        98  0          145  0          192  0.71
  5 18.37        52 20.87        99  0.73       146  0.692      193  0
  6 16.66        53 18.37       100  0          147  0          194 63
  7 16.66        54 16.66       101 46.7        148  0.705      195 59
  8 18.3         55 16.66       102 44          149  0.016      196 55.54
  9 20           56 18.3        103 40.57       150  0.689      197 46.62
 10 30           57 20          104 30.87       151  0.209      198  0.614
 11 32.95        58 22.58       105 22.06       152 25          199  0
 12 21           59 32.95       106 20.5        153 28          200  0.528
 13 18.47        60 21          107 20.5        154 34.44       201  0
 14 18.37        61 18.47       108 21          155 25.2        202  0.486
 15 18.47        62 18.37       109 22.06       156 22.16       203  0
 16 18.47        63 18.47       110 32          157 21.37       204  0.488
 17 21.25        64 18.47       111 35.17       158 21.47       205  0
 18 40           65 21.25       112 25          159 22.16       206  0.494
 19 60           66 39.47       113 22.87       160 23.38       207  0
 20 76           67 54.33       114 22.06       161 41.5        208  0.46226
 21 76.27        68 71          115 22.06       162 53          209  0.327073
 22 68.43        69 71.26       116 22          163 70.8        210  0.075564
 23 63.26        70 61.57       117 23.38       164 71.3        211  3.47197
 24 57.87        71 58.25       118 42.22       165  0.699      212  0.102341
 25 33.92        72 52.67       119 54.01       166  0.425      213  4.10564
 26 38.24        73 49.5        120 71          167  0.808      214  4.07443
 27 36.16        74 36.9        121  0.695      168  0.558      215  4.01803
 28 39.64        75 32.47       122  0          169  0.864      216  4.134
 29 40.36        76 23.27       123  0.64       170  0.612      217  2.21467
 30 42.28        77 20.77       124  0          171  0.896      218  0.010015
 31 41.12        78 19.06       125  0.594      172  0.578      219  0.312857
 32 40.68        79 18.33       126  0          173 18.37       220  0.472117
 33 37.36        80 20.7        127 48.85       174 14.14       221  3.17365
 34 40           81 22.06       128 17.66       175 18.47       222  4.1386
 35 45.48        82 31.2        129 17.67       176 21.25       223  0.927991
 36 41.68        83 35.35       130 21.3        177 23.89       224  3.58353
 37 38.12        84 24          131 23          178 40.77       225  0.30575
 38 38.8         85 20.87       132 30.79       179 64.89       226  0.311833
 39 38.88        86 20.77       133 34.96       180 76.27       227  0.320921
 40 39.16        87 20.87       134 23.1        181 68.11       228  0.985971
 41 43.12        88 20.87       135 20.48       182  0.926      229  0.434751
 42 38.88        89 24.25       136 20.38       183  0.422      230  0.780746
 43 20.76        90 42.22       137 20.48       184  0.928      231  1.59254
 44  7.64        91 57.34       138 20.48       185  0.224
 45  7.76        92 70.8        139 23.38       186  0.91
 46 13.92        93 71.27       140 42.22       187  0.089
 47 14.4         94 63.43       141 56          188  0.88
;

param Scen0 (tr)
 :    1	    2	    3	    4	    5	    6	    7	    8	    9	   10	   11	   12	   13	   14	   15	   16	   17	   18	   19	   20	   21	   22	   23	   24	   25	   26	   27	   28	   29	   30	   31	   32	   33	   34	   35	   36	   37	   38	   39	   40	   41	   42	   43	   44	   45	   46	   47	   48	   49	   50	   51	   52	   53	   54	   55	   56	   57	   58	   59	   60	   61	   62	   63	   64	   65	   66	   67	   68	   69	   70	   71	   72	   73	   74	   75	   76	   77	   78	   79	   80	   81	   82	   83	   84	   85	   86	   87	   88	   89	   90	   91	   92	   93	   94	   95	   96	   97	   98	   99	  100	  101	  102	  103	  104	  105	  106	  107	  108	  109	  110	  111	  112	  113	  114	  115	  116	  117	  118	  119	  120	  121	  122	  123	  124	  125	  126	  127	  128	  129	  130	  131	  132	  133	  134	  135	  136	  137	  138	  139	  140	  141	  142	  143	  144	  145	  146	  147	  148	  149	  150	  151	  152	  153	  154	  155	  156	  157	  158	  159	  160	  161	  162	  163	  164	  165	  166	  167	  168	  169	  170	  171	  172	  173	  174	  175	  176	  177	  178	  179	  180	  181	  182	  183	  184	  185	  186	  187	  188	  189	  190	  191	  192	  193	  194	  195	  196	  197	  198	  199	  200	  201	  202	  203	  204	  205	  206	  207	  208	  209	  210	  211	  212	  213	  214	  215	  216	  217	  218	  219	  220	  221	  222	  223	  224	  225	  226	  227	  228	  229	  230	  231	:=
    1	38.478600	10.073100	5.533910	2.733990	1.231540	2.021110	10.225300	0.000000	21.099700	24.300800	15.578200	7.004700	17.581900	4.539880	2.623500	0.760025	17.339500	19.078300	38.706500	26.089500	35.050000	26.536200	9.643080	3.850380	11.497800	5.048000	0.000000	0.000000	0.000000	1.634550	9.074610	15.695400	11.909500	16.235300	5.200130	22.997400	14.646300	19.417900	15.847600	21.602800	22.141200	25.291700	0.000000	0.000000	0.000000	0.000000	0.000000	0.000000	47.263400	42.405000	41.711600	33.447200	23.620100	19.802500	30.956200	42.941500	47.650200	28.534600	27.273900	21.881200	36.106000	26.146600	24.561800	21.590200	34.371000	58.790900	70.755800	39.259000	66.500300	53.831300	36.938900	29.638900	39.678100	26.198700	27.936900	13.192200	7.397120	11.844200	27.791800	46.045100	37.397700	22.834900	28.946200	2.651730	0.000000	0.000000	0.000000	0.000000	32.444600	36.632200	55.579700	86.827000	91.380900	80.608800	69.974700	67.425300	0.735554	0.000000	0.669263	0.000000	69.778300	37.342200	31.230900	28.498500	30.044500	33.102500	40.011300	50.540200	52.374800	56.012600	61.217200	53.346400	51.413200	49.094900	51.056300	50.361600	55.283900	76.509100	86.531500	91.852900	0.631814	0.000000	0.613645	0.000000	0.658054	0.000000	45.726400	25.403400	40.501100	47.299500	33.942800	43.857500	55.503800	58.245500	52.491300	53.572500	45.055900	37.551800	29.748000	41.196400	52.118600	53.127600	77.006000	0.662261	0.000000	0.544288	0.000000	0.501207	0.000100	0.427224	0.144100	19.411400	0.000000	18.162500	28.118600	25.260500	21.726800	8.863040	3.624150	2.247140	7.188670	21.973600	52.161700	59.083300	0.390308	0.399200	0.249177	0.754000	0.296816	2.030400	0.341088	0.720400	49.264900	0.000000	0.000000	0.000000	0.000000	0.000000	35.149900	72.197300	96.295900	0.368171	0.332200	0.377270	0.246000	0.380171	0.408400	0.378903	0.000300	0.537647	0.000000	0.514639	0.000000	47.726000	41.829800	25.765200	25.602800	0.508701	0.000000	0.528606	0.000000	0.514572	0.000000	0.466523	0.000000	0.407952	0.000000	0.293804	0.000000	23.503700	0.265124	18.805800	0.000000	2.218930	12.518300	0.959673	0.000000	8.103810	6.659550	2.555900	0.106439	0.928833	367.721000	0.000000	0.000000	5.295260	1.338800	0.490046	0.271738	0.230551	0.000000	
    2	38.169700	3.151450	3.180560	7.408940	7.728280	0.023488	10.085700	8.323170	12.622900	16.525300	19.437600	18.184800	29.598900	28.580700	23.393900	21.030400	21.412100	21.258900	43.723700	24.523500	32.377800	23.518300	25.075600	27.048000	19.631600	0.340257	0.000000	1.577160	0.164122	0.000000	4.321880	0.000000	0.000000	0.000000	0.000000	9.967710	0.000000	0.000000	0.938954	0.000000	0.421867	22.092200	2.949440	10.661000	0.000000	0.000000	0.000000	0.000000	44.893000	28.238200	33.750600	28.893200	20.325200	10.023900	28.777700	48.315700	37.345300	20.236600	18.576200	23.388200	38.824600	41.303100	43.506800	36.070500	46.592900	52.924300	68.674200	41.527400	62.066900	48.735500	47.514700	53.438200	52.265500	40.381600	32.445300	24.269600	20.277300	12.435700	35.089800	46.436300	36.746800	26.347800	24.574800	17.638000	11.690700	14.378500	18.318500	16.459000	38.722900	39.320000	63.785200	65.728300	80.591300	59.346400	57.986700	62.362800	0.739042	0.000000	0.717697	0.000000	58.510600	43.024700	41.700800	41.554100	35.759000	42.607200	58.456600	68.192700	58.719100	65.813900	72.162600	68.761000	67.259700	67.640100	65.951300	66.457400	63.837300	68.193800	99.301100	106.017000	0.674047	0.000000	0.655156	0.000000	0.666163	0.000000	20.213500	11.621100	14.557600	27.142200	26.470600	49.503500	50.851800	44.053800	40.588500	42.746400	30.293900	24.054000	13.120700	53.592300	60.403700	63.085600	79.687200	0.653939	0.000000	0.619550	0.000000	0.572437	0.000200	0.498339	0.399300	0.000000	0.000000	16.145900	38.348800	38.023100	29.322800	26.119800	21.513400	24.449200	17.568500	30.665900	26.124600	47.008800	0.468655	0.103500	0.451944	0.248600	0.449822	4.772500	0.454920	6.390600	16.587600	9.574960	11.594000	15.561200	13.554000	55.880300	63.245500	53.841600	99.445200	0.451174	1.833100	0.543625	1.878900	0.548162	0.068000	0.525379	0.000300	0.495233	0.000000	0.443872	0.000000	45.589900	39.491700	37.230000	36.995900	0.416606	0.000000	0.428505	0.000000	0.465804	0.000000	0.478700	0.000000	0.439528	0.000000	0.174613	0.275307	14.028100	0.477739	17.706100	0.181692	2.201570	13.798900	0.905332	0.000000	9.148630	8.770860	2.928920	0.000000	1.376920	342.611000	0.795625	0.000000	3.182360	1.331170	0.860125	0.473695	0.410512	0.000000	
    3	38.169700	3.151450	3.180560	7.408940	7.728280	0.023488	10.085700	8.323170	12.622900	16.525300	19.437600	18.184800	29.598900	28.580700	23.393900	21.030400	21.412100	21.258900	43.723700	24.523500	32.377800	23.518300	25.075600	27.048000	19.631600	0.340257	0.000000	1.577160	0.164122	0.000000	4.321880	0.000000	0.000000	0.000000	0.000000	9.967710	0.000000	0.000000	0.938954	0.000000	0.421867	22.092200	2.949440	10.661000	0.000000	0.000000	0.000000	0.000000	33.915100	24.044300	29.304600	20.301100	11.081900	26.161000	24.017700	37.829000	41.818000	35.472100	35.012200	26.604500	31.728800	37.423400	32.328700	21.472400	33.111200	56.609300	49.007200	34.102000	52.175900	54.987100	41.722900	38.477400	38.176500	22.362000	18.599000	0.000000	0.000000	17.315400	28.692700	38.478800	44.781100	41.425300	41.261800	28.190900	13.817500	13.537600	14.819100	9.044180	31.642400	50.761200	59.591800	64.308200	79.015600	79.982500	67.164100	63.325000	0.722072	0.000000	0.673185	0.000000	28.448100	30.995500	36.668400	22.125500	20.543000	52.273000	60.352000	69.274100	87.799500	96.821300	83.348000	75.829600	72.541400	65.107100	61.871400	54.959200	52.518600	70.804700	91.519700	98.745200	0.608677	0.000000	0.536035	0.000000	0.503161	0.000000	36.339300	47.901500	38.043000	26.026700	26.058800	44.345900	62.207300	62.260500	63.209900	62.767900	54.691200	45.437000	44.215500	57.225800	70.646500	73.296600	73.137600	0.672615	0.000000	0.623514	0.000000	0.553331	0.000100	0.460607	0.022300	27.280400	9.902280	0.000000	17.591300	20.014600	24.366900	26.838100	28.327200	22.632400	3.124340	8.487940	19.105900	28.732500	0.387232	0.279200	0.360329	0.374400	0.354599	0.814900	0.361499	0.249000	37.379700	39.988900	44.490300	52.612700	40.212600	70.543300	58.801100	71.574600	91.541000	0.377714	0.091300	0.367398	0.257500	0.356944	0.090600	0.372937	0.000300	0.390392	0.000000	0.384803	0.000000	67.198200	54.691800	56.347500	42.692100	0.379155	0.000000	0.371161	0.000000	0.335632	0.000000	0.301876	0.000000	0.289950	0.000000	0.000000	0.000000	0.000000	0.000000	17.781800	0.000000	1.917870	13.809400	1.035590	0.069856	10.140000	8.570140	5.822830	3.672480	0.560397	210.234000	5.481930	0.251890	2.148980	1.099550	0.549319	0.330268	0.208140	0.000000	
    4	38.478600	10.073100	5.533910	2.733990	1.231540	2.021110	10.225300	0.000000	21.099700	24.300800	15.578200	7.004700	17.581900	4.539880	2.623500	0.760025	17.339500	19.078300	38.706500	26.089500	35.050000	26.536200	9.643080	3.850380	11.497800	5.048000	0.000000	0.000000	0.000000	1.634550	9.074610	15.695400	11.909500	16.235300	5.200130	22.997400	14.646300	19.417900	15.847600	21.602800	22.141200	25.291700	0.000000	0.000000	0.000000	0.000000	0.000000	0.000000	47.263400	42.405000	41.711600	33.447200	23.620100	19.802500	30.956200	42.941500	47.650200	28.534600	27.273900	21.881200	36.106000	26.146600	24.561800	21.590200	34.371000	58.790900	70.755800	39.259000	66.500300	53.831300	36.938900	29.638900	39.678100	26.198700	27.936900	13.192200	7.397120	11.844200	27.791800	46.045100	37.397700	22.834900	28.946200	2.651730	0.000000	0.000000	0.000000	0.000000	32.444600	36.632200	55.579700	86.827000	91.380900	80.608800	69.974700	67.425300	0.735554	0.000000	0.669263	0.000000	69.778300	37.342200	31.230900	28.498500	30.044500	33.102500	40.011300	50.540200	52.374800	56.012600	61.217200	53.346400	51.413200	49.094900	51.056300	50.361600	55.283900	76.509100	86.531500	91.852900	0.631814	0.000000	0.613645	0.000000	0.658054	0.000000	45.726400	25.403400	40.501100	47.299500	33.942800	43.857500	55.503800	58.245500	52.491300	53.572500	45.055900	37.551800	29.748000	41.196400	52.118600	53.127600	77.006000	0.662261	0.000000	0.544288	0.000000	0.501207	0.000100	0.427224	0.144100	19.411400	0.000000	18.162500	28.118600	25.260500	21.726800	8.863040	3.624150	2.247140	7.188670	21.973600	52.161700	59.083300	0.390308	0.399200	0.249177	0.754000	0.296816	2.030400	0.341088	0.720400	49.264900	0.000000	0.000000	0.000000	0.000000	0.000000	35.149900	72.197300	96.295900	0.368171	0.332200	0.377270	0.246000	0.691355	0.047600	0.656984	0.000200	0.650705	0.000000	0.628731	0.000000	67.306500	52.655800	34.970500	18.939800	0.602242	0.000000	0.585689	0.000000	0.558970	0.000000	0.544992	0.000000	0.548946	0.000000	0.000000	0.000000	6.088510	0.000000	19.218100	0.423304	2.397110	15.589700	1.360970	0.000000	9.851470	8.126110	4.418320	1.752560	0.772181	325.259000	0.000000	2.151110	2.841070	0.894435	0.156056	0.541561	0.274687	0.000000	
    5	38.478600	10.073100	5.533910	2.733990	1.231540	2.021110	10.225300	0.000000	21.099700	24.300800	15.578200	7.004700	17.581900	4.539880	2.623500	0.760025	17.339500	19.078300	38.706500	26.089500	35.050000	26.536200	9.643080	3.850380	11.497800	5.048000	0.000000	0.000000	0.000000	1.634550	9.074610	15.695400	11.909500	16.235300	5.200130	22.997400	14.646300	19.417900	15.847600	21.602800	22.141200	25.291700	0.000000	0.000000	0.000000	0.000000	0.000000	0.000000	47.263400	42.405000	41.711600	33.447200	23.620100	19.802500	30.956200	42.941500	47.650200	28.534600	27.273900	21.881200	36.106000	26.146600	24.561800	21.590200	34.371000	58.790900	70.755800	39.259000	66.500300	53.831300	36.938900	29.638900	39.678100	26.198700	27.936900	13.192200	7.397120	11.844200	27.791800	46.045100	37.397700	22.834900	28.946200	2.651730	0.000000	0.000000	0.000000	0.000000	32.444600	36.632200	55.579700	86.827000	91.380900	80.608800	69.974700	67.425300	0.735554	0.000000	0.669263	0.000000	69.778300	37.342200	31.230900	28.498500	30.044500	33.102500	40.011300	50.540200	52.374800	56.012600	61.217200	53.346400	51.413200	49.094900	51.056300	50.361600	55.283900	76.509100	86.531500	91.852900	0.631814	0.000000	0.613645	0.000000	0.658054	0.000000	45.726400	25.403400	40.501100	47.299500	33.942800	43.857500	55.503800	58.245500	52.491300	53.572500	45.055900	37.551800	29.748000	41.196400	52.118600	53.127600	77.006000	0.756713	0.000000	0.715668	0.000000	0.631008	0.000200	0.496015	0.039400	25.785600	21.240700	17.541300	38.405000	47.346500	5.125980	9.605920	5.298060	2.030720	11.850000	14.032900	20.245100	35.215100	0.388942	0.275800	0.349440	0.620900	0.292797	2.493300	0.316611	0.542000	4.152530	9.560780	0.500534	4.065650	34.064400	21.591300	28.395700	71.493700	104.571000	0.351926	0.312400	0.381744	0.576700	0.427073	0.229700	0.467363	0.000100	0.511873	0.000000	0.528353	0.000000	36.962100	77.421200	72.375900	58.990300	0.470804	0.000000	0.370222	0.000000	0.301476	0.000000	0.274025	0.000000	0.249096	0.000000	0.000000	0.000000	1.350630	0.000000	20.505900	0.556413	2.165170	16.433900	1.126650	0.000000	7.637830	7.165400	3.067900	1.225070	0.700477	346.613000	8.166490	0.000000	2.623820	1.210600	0.860780	0.119722	0.261884	0.000000	
    6	38.169700	3.151450	3.180560	7.408940	7.728280	0.023488	10.085700	8.323170	12.622900	16.525300	19.437600	18.184800	29.598900	28.580700	23.393900	21.030400	21.412100	21.258900	43.723700	24.523500	32.377800	23.518300	25.075600	27.048000	19.631600	0.340257	0.000000	1.577160	0.164122	0.000000	4.321880	0.000000	0.000000	0.000000	0.000000	9.967710	0.000000	0.000000	0.938954	0.000000	0.421867	22.092200	2.949440	10.661000	0.000000	0.000000	0.000000	0.000000	49.694900	19.270400	26.144600	23.412100	13.997000	15.008700	20.647600	32.085400	30.968000	29.139800	30.054100	25.639400	31.004600	30.100400	26.542100	18.411800	30.771700	52.365000	50.837800	46.407000	86.759300	71.833900	65.230400	62.260000	55.563200	31.580700	34.817100	26.231400	20.057400	25.756300	39.104000	46.132100	45.655100	47.000000	47.788100	40.593700	32.938000	31.644300	25.625200	20.641900	44.271400	65.361800	71.004200	81.987700	112.963000	97.983400	88.329800	83.115900	0.708538	0.000000	0.637940	0.000000	55.628400	43.864700	44.767900	44.133900	43.382400	56.847700	66.563100	72.783800	90.212800	100.324000	94.242300	93.187800	96.589000	90.329400	83.604700	83.451200	82.157500	103.803000	115.350000	131.937000	0.690013	0.000000	0.672808	0.000000	0.671985	0.000000	31.270500	12.159500	5.954020	22.672500	29.612200	57.957600	66.774400	67.369700	57.976800	50.630900	41.882200	30.813000	29.556600	46.875800	46.902100	45.737500	54.967000	0.676930	0.000000	0.660806	0.000000	0.624045	0.000100	0.584360	0.178500	52.016900	0.000000	2.627040	37.843700	0.000000	0.000000	0.000000	0.000000	0.000000	0.000000	0.000000	0.000000	25.769700	0.531225	0.128900	0.510235	0.180800	0.533299	1.883500	0.563539	5.289900	55.805200	54.354700	57.513400	38.948400	58.548200	58.325600	71.303900	81.277900	93.978500	0.589841	0.471600	0.620197	2.489600	0.657806	0.307100	0.677559	0.000500	0.653549	0.000000	0.619398	0.000000	76.918800	73.741100	69.519000	33.941400	0.600227	0.000000	0.616347	0.000000	0.619589	0.000000	0.597515	0.000000	0.600323	0.000000	0.044755	0.000000	13.456900	0.000000	19.820700	0.000000	2.363960	13.690400	1.167780	0.000000	10.347400	9.577020	5.047680	0.440820	0.559917	338.916000	0.000000	0.000000	2.416140	1.082580	0.468881	0.236532	0.184290	0.000000	
    7	38.478600	10.073100	5.533910	2.733990	1.231540	2.021110	10.225300	0.000000	21.099700	24.300800	15.578200	7.004700	17.581900	4.539880	2.623500	0.760025	17.339500	19.078300	38.706500	26.089500	35.050000	26.536200	9.643080	3.850380	11.497800	5.048000	0.000000	0.000000	0.000000	1.634550	9.074610	15.695400	11.909500	16.235300	5.200130	22.997400	14.646300	19.417900	15.847600	21.602800	22.141200	25.291700	0.000000	0.000000	0.000000	0.000000	0.000000	0.000000	47.263400	42.405000	41.711600	33.447200	23.620100	19.802500	30.956200	42.941500	47.650200	28.534600	27.273900	21.881200	36.106000	26.146600	24.561800	21.590200	34.371000	58.790900	70.755800	39.259000	66.500300	53.831300	36.938900	29.638900	39.678100	26.198700	27.936900	13.192200	7.397120	11.844200	27.791800	46.045100	37.397700	22.834900	28.946200	2.651730	0.000000	0.000000	0.000000	0.000000	32.444600	36.632200	55.579700	86.827000	91.380900	80.608800	69.974700	67.425300	0.735554	0.000000	0.669263	0.000000	69.778300	37.342200	31.230900	28.498500	30.044500	33.102500	40.011300	50.540200	52.374800	56.012600	61.217200	53.346400	51.413200	49.094900	51.056300	50.361600	55.283900	76.509100	86.531500	91.852900	0.631814	0.000000	0.613645	0.000000	0.658054	0.000000	45.726400	25.403400	40.501100	47.299500	33.942800	43.857500	55.503800	58.245500	52.491300	53.572500	45.055900	37.551800	29.748000	41.196400	52.118600	53.127600	77.006000	0.662261	0.000000	0.544288	0.000000	0.501207	0.000100	0.427224	0.144100	19.411400	0.000000	18.162500	28.118600	25.260500	21.726800	8.863040	3.624150	2.247140	7.188670	21.973600	52.161700	59.083300	0.390308	0.399200	0.400578	16.116000	0.445816	2.326000	0.491110	0.497200	39.027000	3.860430	0.000000	5.328730	0.255159	0.000000	24.811700	60.350300	86.327300	0.517306	0.916000	0.523094	0.182200	0.524317	0.264600	0.395933	0.000200	0.394336	0.000000	0.404292	0.000000	39.118100	16.378200	85.310000	76.811600	0.446226	0.000000	0.511368	0.000000	0.505226	0.000000	0.435772	0.000000	0.367900	0.000000	0.000000	0.000000	0.000000	0.000000	20.353300	0.000000	1.461970	17.155600	1.433360	0.000000	8.400380	6.886290	2.099890	0.000000	0.270520	391.128000	3.581330	0.735620	3.208760	1.082270	0.720753	0.279534	0.253189	0.000000	
    8	38.169700	3.151450	3.180560	7.408940	7.728280	0.023488	10.085700	8.323170	12.622900	16.525300	19.437600	18.184800	29.598900	28.580700	23.393900	21.030400	21.412100	21.258900	43.723700	24.523500	32.377800	23.518300	25.075600	27.048000	19.631600	0.340257	0.000000	1.577160	0.164122	0.000000	4.321880	0.000000	0.000000	0.000000	0.000000	9.967710	0.000000	0.000000	0.938954	0.000000	0.421867	22.092200	2.949440	10.661000	0.000000	0.000000	0.000000	0.000000	44.893000	28.238200	33.750600	28.893200	20.325200	10.023900	28.777700	48.315700	37.345300	20.236600	18.576200	23.388200	38.824600	41.303100	43.506800	36.070500	46.592900	52.924300	68.674200	41.527400	62.066900	48.735500	47.514700	53.438200	52.265500	40.381600	32.445300	24.269600	20.277300	12.435700	35.089800	46.436300	36.746800	26.347800	24.574800	17.638000	11.690700	14.378500	18.318500	16.459000	38.722900	39.320000	63.785200	65.728300	80.591300	59.346400	57.986700	62.362800	0.739042	0.000000	0.717697	0.000000	58.510600	43.024700	41.700800	41.554100	35.759000	42.607200	58.456600	68.192700	58.719100	65.813900	72.162600	68.761000	67.259700	67.640100	65.951300	66.457400	63.837300	68.193800	99.301100	106.017000	0.674047	0.000000	0.655156	0.000000	0.666163	0.000000	20.213500	11.621100	14.557600	27.142200	26.470600	49.503500	50.851800	44.053800	40.588500	42.746400	30.293900	24.054000	13.120700	53.592300	60.403700	63.085600	79.687200	0.653939	0.000000	0.619550	0.000000	0.572437	0.000200	0.498339	0.399300	0.000000	0.000000	16.145900	38.348800	38.023100	29.322800	26.119800	21.513400	24.449200	17.568500	30.665900	26.124600	47.008800	0.494234	1.997400	0.499073	0.156300	0.532558	0.219500	0.557152	0.109000	25.971200	10.002100	6.132240	24.451900	23.824700	55.158900	72.359900	86.832400	88.846000	0.564558	0.209200	0.549040	0.296500	0.555731	0.063200	0.570869	0.000800	0.583597	0.000000	0.524364	0.000000	56.106800	53.968400	38.691000	34.845000	0.429997	0.000000	0.378914	0.000000	0.355149	0.000000	0.330824	0.000000	0.300946	0.000000	0.000000	0.000000	12.673400	0.000000	18.028900	0.000000	2.531810	17.628300	1.463410	0.000000	7.749250	6.021430	2.358770	1.435230	1.320610	385.720000	0.746744	1.577020	3.848330	0.660640	0.292922	0.240251	0.228863	0.000000	
    9	38.169700	3.151450	3.180560	7.408940	7.728280	0.023488	10.085700	8.323170	12.622900	16.525300	19.437600	18.184800	29.598900	28.580700	23.393900	21.030400	21.412100	21.258900	43.723700	24.523500	32.377800	23.518300	25.075600	27.048000	19.631600	0.340257	0.000000	1.577160	0.164122	0.000000	4.321880	0.000000	0.000000	0.000000	0.000000	9.967710	0.000000	0.000000	0.938954	0.000000	0.421867	22.092200	2.949440	10.661000	0.000000	0.000000	0.000000	0.000000	52.174000	26.999900	26.872300	21.953100	10.495000	11.259400	22.218600	47.494000	37.786900	11.211700	16.436500	25.274200	37.028500	34.389300	33.449600	34.171700	52.645400	75.675300	61.702100	45.367400	57.800400	69.227200	54.922900	45.624800	47.546100	29.834300	18.797200	3.504150	0.000000	3.532960	17.592100	23.273900	14.476000	0.495428	0.000000	0.000000	0.000000	0.000000	0.000000	0.000000	17.529500	46.686300	54.602100	62.383800	69.025700	73.686300	63.292800	52.595400	0.725534	0.000000	0.675137	0.000000	52.799300	46.582600	44.628900	44.588700	38.237100	45.760700	66.964200	80.307700	73.009800	61.249000	64.639200	67.596000	75.184900	71.429600	72.937400	76.132300	66.508500	68.524900	98.756100	104.893000	0.616245	0.000000	0.575402	0.000000	0.576013	0.000000	44.174700	26.469700	62.193000	61.499000	76.369700	89.792800	97.173800	102.456000	101.048000	103.034000	93.002200	79.161300	77.269000	95.133400	98.371400	107.258000	135.939000	0.600971	0.000000	0.592513	0.000000	0.565740	0.000000	0.464785	0.395800	8.019560	0.000000	5.617180	29.102000	17.879100	8.769290	9.255200	7.830240	7.830330	2.339540	0.000000	29.118100	45.408200	0.380061	0.253200	0.345129	0.219500	0.349237	0.107800	0.361593	0.568700	56.656100	45.212400	59.994200	61.954700	57.427500	60.586700	82.771800	145.857000	121.202000	0.380240	0.317200	0.396817	0.077000	0.437832	0.047700	0.471620	0.000300	0.472183	0.000000	0.453923	0.000000	73.882600	68.460100	64.656600	38.582600	0.424846	0.000000	0.402066	0.000000	0.390091	0.000000	0.375190	0.000000	0.362681	0.000000	0.000000	0.000000	0.000000	0.000000	18.848600	0.311893	2.134730	14.142900	1.108430	0.000000	8.232440	7.285540	1.943100	0.000000	1.182390	425.971000	0.000000	0.000000	3.125700	1.012510	0.616723	0.257200	0.261758	0.000000	
   10	38.478600	10.073100	5.533910	2.733990	1.231540	2.021110	10.225300	0.000000	21.099700	24.300800	15.578200	7.004700	17.581900	4.539880	2.623500	0.760025	17.339500	19.078300	38.706500	26.089500	35.050000	26.536200	9.643080	3.850380	11.497800	5.048000	0.000000	0.000000	0.000000	1.634550	9.074610	15.695400	11.909500	16.235300	5.200130	22.997400	14.646300	19.417900	15.847600	21.602800	22.141200	25.291700	0.000000	0.000000	0.000000	0.000000	0.000000	0.000000	47.263400	42.405000	41.711600	33.447200	23.620100	19.802500	30.956200	42.941500	47.650200	28.534600	27.273900	21.881200	36.106000	26.146600	24.561800	21.590200	34.371000	58.790900	70.755800	39.259000	66.500300	53.831300	36.938900	29.638900	39.678100	26.198700	27.936900	13.192200	7.397120	11.844200	27.791800	46.045100	37.397700	22.834900	28.946200	2.651730	0.000000	0.000000	0.000000	0.000000	32.444600	36.632200	55.579700	86.827000	91.380900	80.608800	69.974700	67.425300	0.735554	0.000000	0.669263	0.000000	69.778300	37.342200	31.230900	28.498500	30.044500	33.102500	40.011300	50.540200	52.374800	56.012600	61.217200	53.346400	51.413200	49.094900	51.056300	50.361600	55.283900	76.509100	86.531500	91.852900	0.631814	0.000000	0.613645	0.000000	0.658054	0.000000	45.726400	25.403400	40.501100	47.299500	33.942800	43.857500	55.503800	58.245500	52.491300	53.572500	45.055900	37.551800	29.748000	41.196400	52.118600	53.127600	77.006000	0.756713	0.000000	0.715668	0.000000	0.515282	0.000000	0.402994	0.122400	8.761080	0.000000	0.000000	0.000000	0.000000	0.000000	0.000000	38.504000	44.095900	45.845400	49.469100	47.841800	62.220400	0.280940	0.634300	0.319379	0.230900	0.448575	1.324800	0.511562	0.888600	34.178900	34.313100	36.698200	34.283000	29.277100	29.911200	45.676000	56.367500	67.603100	0.488728	0.631000	0.341297	0.721400	0.239906	0.169900	0.209129	0.000200	0.269568	0.000000	0.311640	0.000000	68.014600	55.234400	37.505700	30.202100	0.346748	0.000000	0.414969	0.000000	0.446010	0.000000	0.409600	0.000000	0.385492	0.000000	0.100409	0.527780	14.857100	0.374637	17.845700	0.260783	2.007250	14.023400	1.424980	0.000000	0.000000	0.000000	0.000000	2.178360	1.478950	284.943000	2.158210	2.131910	2.807150	0.855252	0.618792	0.141054	0.120764	0.000000	
;
param Prob0 :=
    1	0.100
    2	0.100
    3	0.100
    4	0.100
    5	0.100
    6	0.100
    7	0.100
    8	0.100
    9	0.100
   10	0.100
;
set c[0,5] := 5 1 2 3 4 6 7 8 9 10;
set c[1,5] := 5 1 4 7 10;
set c[1,2] := 2 3 6 8 9;
set c[2,3] := 3 2 6 8 9;
set c[2,1] := 1 5 4 7 10;
set c[3,5] := 5 1 4 7 10;
set c[3,9] := 9;
set c[3,2] := 2 8;
set c[3,3] := 3;
set c[3,6] := 6;
set c[4,3] := 3;
set c[4,2] := 2 8;
set c[4,9] := 9;
set c[4,6] := 6;
set c[4,4] := 4 5 1 7 10;
set c[5,6] := 6;
set c[5,9] := 9;
set c[5,1] := 1 4 5 7 10;
set c[5,2] := 2 8;
set c[5,3] := 3;
set c[6,3] := 3;
set c[6,5] := 5 1 4 7 10;
set c[6,9] := 9;
set c[6,2] := 2 8;
set c[6,6] := 6;
set c[7,2] := 2 8;
set c[7,7] := 7 5 1 4 10;
set c[7,9] := 9;
set c[7,6] := 6;
set c[7,3] := 3;
set c[8,5] := 5 7 1 4 10;
set c[8,9] := 9;
set c[8,3] := 3;
set c[8,6] := 6;
set c[8,2] := 2 8;
set c[9,3] := 3;
set c[9,9] := 9;
set c[9,2] := 2 8;
set c[9,6] := 6;
set c[9,10] := 10 5 7 1 4;
set c[10,6] := 6;
set c[10,2] := 2 8;
set c[10,4] := 4 10 5 7 1;
set c[10,9] := 9;
set c[10,3] := 3;
set c[11,2] := 2 8;
set c[11,5] := 5 4 10 7 1;
set c[11,9] := 9;
set c[11,3] := 3;
set c[11,6] := 6;
set c[12,3] := 3;
set c[12,4] := 4 7 1;
set c[12,5] := 5 10;
set c[12,6] := 6;
set c[12,9] := 9;
set c[12,2] := 2 8;
set c[13,9] := 9;
set c[13,5] := 5 10;
set c[13,7] := 7 4 1;
set c[13,2] := 2 8;
set c[13,6] := 6;
set c[13,3] := 3;
set c[14,2] := 2 8;
set c[14,6] := 6;
set c[14,3] := 3;
set c[14,7] := 7 4 1;
set c[14,5] := 5;
set c[14,10] := 10;
set c[14,9] := 9;
set c[15,6] := 6;
set c[15,10] := 10;
set c[15,9] := 9;
set c[15,5] := 5;
set c[15,3] := 3;
set c[15,7] := 7 4 1;
set c[15,2] := 2 8;
set c[16,10] := 10;
set c[16,5] := 5;
set c[16,9] := 9;
set c[16,2] := 2 8;
set c[16,3] := 3;
set c[16,7] := 7 4 1;
set c[16,6] := 6;
set c[17,2] := 2;
set c[17,8] := 8;
set c[17,6] := 6;
set c[17,5] := 5;
set c[17,9] := 9;
set c[17,7] := 7 4 1;
set c[17,3] := 3;
set c[17,10] := 10;
set c[18,5] := 5;
set c[18,9] := 9;
set c[18,1] := 1 4;
set c[18,7] := 7;
set c[18,3] := 3;
set c[18,10] := 10;
set c[18,8] := 8;
set c[18,6] := 6;
set c[18,2] := 2;
set c[19,8] := 8;
set c[19,10] := 10;
set c[19,3] := 3;
set c[19,1] := 1 4;
set c[19,7] := 7;
set c[19,2] := 2;
set c[19,9] := 9;
set c[19,6] := 6;
set c[19,5] := 5;
set c[20,2] := 2;
set c[20,7] := 7;
set c[20,1] := 1 4;
set c[20,10] := 10;
set c[20,3] := 3;
set c[20,6] := 6;
set c[20,9] := 9;
set c[20,5] := 5;
set c[20,8] := 8;
set c[21,8] := 8;
set c[21,7] := 7;
set c[21,3] := 3;
set c[21,5] := 5;
set c[21,9] := 9;
set c[21,6] := 6;
set c[21,1] := 1 4;
set c[21,10] := 10;
set c[21,2] := 2;
set c[22,6] := 6;
set c[22,9] := 9;
set c[22,7] := 7;
set c[22,10] := 10;
set c[22,1] := 1 4;
set c[22,2] := 2;
set c[22,3] := 3;
set c[22,5] := 5;
set c[22,8] := 8;
set c[23,2] := 2;
set c[23,1] := 1 4;
set c[23,7] := 7;
set c[23,3] := 3;
set c[23,5] := 5;
set c[23,9] := 9;
set c[23,8] := 8;
set c[23,10] := 10;
set c[23,6] := 6;
set c[24,7] := 7;
set c[24,8] := 8;
set c[24,10] := 10;
set c[24,9] := 9;
set c[24,5] := 5;
set c[24,6] := 6;
set c[24,1] := 1;
set c[24,4] := 4;
set c[24,3] := 3;
set c[24,2] := 2;
set c[25,6] := 6;
set c[25,2] := 2;
set c[25,4] := 4;
set c[25,3] := 3;
set c[25,9] := 9;
set c[25,1] := 1;
set c[25,10] := 10;
set c[25,8] := 8;
set c[25,5] := 5;
set c[25,7] := 7;
set c[26,7] := 7;
set c[26,5] := 5;
set c[26,2] := 2;
set c[26,9] := 9;
set c[26,8] := 8;
set c[26,4] := 4;
set c[26,1] := 1;
set c[26,10] := 10;
set c[26,3] := 3;
set c[26,6] := 6;
set c[27,1] := 1;
set c[27,8] := 8;
set c[27,3] := 3;
set c[27,5] := 5;
set c[27,4] := 4;
set c[27,2] := 2;
set c[27,9] := 9;
set c[27,10] := 10;
set c[27,6] := 6;
set c[27,7] := 7;
set c[28,3] := 3;
set c[28,4] := 4;
set c[28,2] := 2;
set c[28,8] := 8;
set c[28,6] := 6;
set c[28,10] := 10;
set c[28,9] := 9;
set c[28,5] := 5;
set c[28,7] := 7;
set c[28,1] := 1;
set c[29,2] := 2;
set c[29,8] := 8;
set c[29,9] := 9;
set c[29,7] := 7;
set c[29,4] := 4;
set c[29,5] := 5;
set c[29,10] := 10;
set c[29,6] := 6;
set c[29,1] := 1;
set c[29,3] := 3;
set c[30,3] := 3;
set c[30,10] := 10;
set c[30,8] := 8;
set c[30,7] := 7;
set c[30,9] := 9;
set c[30,4] := 4;
set c[30,5] := 5;
set c[30,6] := 6;
set c[30,1] := 1;
set c[30,2] := 2;
set c[31,9] := 9;
set c[31,8] := 8;
set c[31,6] := 6;
set c[31,1] := 1;
set c[31,2] := 2;
set c[31,4] := 4;
set c[31,7] := 7;
set c[31,5] := 5;
set c[31,10] := 10;
set c[31,3] := 3;
set c[32,4] := 4;
set c[32,2] := 2;
set c[32,6] := 6;
set c[32,10] := 10;
set c[32,8] := 8;
set c[32,1] := 1;
set c[32,3] := 3;
set c[32,5] := 5;
set c[32,7] := 7;
set c[32,9] := 9;
set c[33,1] := 1;
set c[33,7] := 7;
set c[33,9] := 9;
set c[33,8] := 8;
set c[33,5] := 5;
set c[33,10] := 10;
set c[33,6] := 6;
set c[33,2] := 2;
set c[33,3] := 3;
set c[33,4] := 4;
set c[34,6] := 6;
set c[34,3] := 3;
set c[34,4] := 4;
set c[34,10] := 10;
set c[34,8] := 8;
set c[34,2] := 2;
set c[34,5] := 5;
set c[34,9] := 9;
set c[34,7] := 7;
set c[34,1] := 1;

