#erel:= 0.850;
#emax:= 2655.981;
#q:= 0.000;
#nesce:=     7;
#etime:= 0.055;
#snodes:=   207;
param nS:=    10;
param nSG:=    34;
param nRVSG [*] :=
 1 24    5  2    9  2   13  2   17  2   21  9   25  2   29  2   33  2
 2 24    6  2   10  2   14  2   18  2   22  2   26  2   30  2   34 24
 3 24    7 20   11 17   15  2   19  2   23  2   27  2   31  2
 4 24    8  2   12  2   16 13   20  2   24  2   28  4   32  2
;

param ScenF [*] :=
  1  51.5542      59 117.731      117 105.189      175  61.4576
  2  71.1252      60 111.373      118 119.241      176  63.1699
  3  64.104       61 102.163      119 152.065      177  65.4557
  4  57.8334      62 100.604      120 145.804      178  89.2704
  5  55.7489      63  94.3102     121   0.196149   179 108.763
  6  54.9921      64  94.4388     122   0          180 115.672
  7  68.0816      65  96.0458     123   0.206185   181  81.2568
  8  77.4742      66  98.5632     124   0          182   0.157195
  9 120.774       67 112.295      125   0.193672   183   0.4942
 10 136.638       68 122.68       126   0          184   0.171293
 11 119.976       69  97.9345     127  15.495      185   0.2625
 12 113.499       70  95.3531     128  39.282      186   0.195434
 13 106.73        71  92.004      129  49.636      187   0.0892
 14 103.258       72  79.8374     130  61.4905     188   0.222463
 15  97.4594      73  45.9566     131 100.331      189   0.0001
 16  97.3222      74  80.7766     132 108.627      190   0.237617
 17  98.3764      75  77.2732     133  93.7374     191   0
 18  96.0407      76  70.3349     134  79.8685     192   0.241718
 19 108.03        77  57.8422     135  80.1702     193   0
 20 112.06        78  66.9941     136  84.4059     194 110.326
 21  96.2116      79  84.3219     137  87.7328     195 113.793
 22  90.6127      80 105.08       138  83.746      196  88.2688
 23  90.0632      81 146.97       139  82.1537     197  72.3497
 24  72.4173      82 146.932      140  91.4105     198   0.232012
 25  22.8345      83 141.997      141 116.064      199   0
 26  27.8791      84 148.663      142 130.63       200   0.226244
 27  32.5357      85 153.373      143  97.9891     201   0
 28  33.5098      86 146.061      144   0.183014   202   0.244184
 29  33.3807      87 143.139      145   0          203   0
 30  31.8961      88 149.535      146   0.17608    204   0.270805
 31  31.8046      89 144.46       147   0          205   0
 32  23.3452      90 141.356      148   0.159844   206   0.277203
 33  24.2363      91 163.694      149   0.0332     207   0
 34  19.7344      92 181.732      150   0.108308   208   0
 35  25.8397      93 184.476      151   0.2553     209   0
 36  34.8063      94 159.56       152  88.6121     210  53.5525
 37  40.3263      95 136.28       153 109.925      211   0
 38  32.9604      96 122.378      154 114.386      212   0
 39  32.1636      97   0.126658   155 105.371      213   6.47758
 40  33.5286      98   0          156  97.7578     214   0
 41  37.3321      99   0.160449   157 106.54       215   0
 42  17.7367     100   0          158 107.896      216   0
 43   0          101  52.907      159 112.009      217   3.4436
 44   0          102  87.1706     160 116.315      218   6.14117
 45   2.35983    103  84.3423     161 121.467      219   4.65307
 46   7.91165    104  75.9122     162 147.515      220   8.24531
 47   9.74442    105  74.9019     163 153.593      221   4.67688
 48   5.11186    106  77.9207     164 131.968      222   0
 49  53.5356     107  84.3011     165   0.102015   223   0
 50  80.8727     108  93.9637     166   0.371      224 228.182
 51  72.5872     109 121.864      167   0.123761   225   0
 52  68.4894     110 134.319      168   0.4578     226   0
 53  65.957      111 114.256      169   0.141362   227   0.305556
 54  68.8188     112 106.956      170   0.566      228   0.426995
 55  75.687      113 104.838      171   0.147018   229   1.37514
 56  86.3318     114 116.53       172   0.6213     230   0.912814
 57 124.71       115 115.287      173  59.0103     231   0.930763
 58 132.247      116 107.87       174  60.31
;

param ScenO [*] :=
  1 86.82        48 40           95 80.1        142 81.01       189  0.003
  2 66.01        49 86.82        96 77          143 72.12       190  0.341
  3 66.01        50 77           97  0.142      144  0.071      191  0
  4 52.24        51 72.7         98  0          145  0          192  0.352
  5 50           52 80.66        99  0.139      146  0.05       193  0
  6 49           53 78.64       100  0          147  0          194 72.7
  7 51.73        54 76.42       101 82.82       148  0.042      195 72
  8 60           55 65.49       102 66.01       149  0.006      196 61.6
  9 73           56 60.1        103 60          150  0.038      197 48.47
 10 77           57 73          104 60          151  0.072      198  0.347
 11 75           58 81          105 60          152 57.97       199  0
 12 74.28        59 74.01       106 60          153 84.77       200  0.36
 13 70.21        60 73.58       107 59.65       154 78          201  0
 14 60           61 70.11       108 60          155 77.77       202  0.388
 15 52.76        62 59.99       109 66.07       156 65.21       203  0
 16 53.99        63 52.72       110 84.7        157 60.1        204  0.407
 17 70.2         64 53.99       111 76.99       158 52.76       205  0
 18 84.82        65 70.2        112 79.28       159 52.99       206  0.45
 19 82.1         66 79.84       113 72          160 59.45       207  0
 20 91.01        67 72.45       114 66          161 70.21       208  0.485718
 21 92.13        68 86.01       115 58.04       162 73.89       209  0.149371
 22 90.88        69 86.06       116 56.54       163 81.91       210  0.508862
 23 84.1         70 86.34       117 65.2        164 76.42       211  0.747703
 24 77           71 79.1        118 76.34       165  0.031      212  0.8752
 25 19.88        72 77          119 72.1        166  0.2        213  0.930408
 26 36.96        73 86.77       120 81.46       167  0.077      214  0.78987
 27 41.68        74 69.99       121  0.113      168  0.382      215  0.566833
 28 41.48        75 68.27       122  0          169  0.122      216  0.725753
 29 40.12        76 70.66       123  0.112      170  0.506      217  0.763117
 30 39.36        77 74.53       124  0          171  0.147      218  0.7628
 31 41.2         78 70.99       125  0.106      172  0.431      219  0.719978
 32 40.12        79 70.3        126  0          173 61          220  1.28771
 33 32.56        80 63          127 86.82       174 56.8        221  0.157
 34 48.56        81 73          128 53.9        175 53.99       222  1.64727
 35 53.44        82 87          129 51.72       176 57.12       223  1.60196
 36 73           83 75.99       130 52.96       177 57.12       224  0.23661
 37 78.2         84 77.78       131 58          178 65.68       225  0.523108
 38 59.08        85 71.54       132 82          179 80.32       226  0.681121
 39 58.4         86 62          133 75          180 82.57       227  0.673772
 40 44.12        87 53.77       134 74.28       181 87          228  0.60241
 41 60.04        88 54.55       135 70.21       182  0.156      229  0.690361
 42 64.96        89 70.64       136 60.5        183  0.337      230  0.63698
 43 50.8         90 84.82       137 53.26       184  0.176      231  0.612727
 44 20.76        91 81.09       138 54.09       185  0.159
 45 20.4         92 90          139 60.1        186  0.208
 46 19.48        93 87.13       140 70.2        187  0.108
 47 21.44        94 86.37       141 70.7        188  0.284
;

param Scen0 (tr)
 :    1	    2	    3	    4	    5	    6	    7	    8	    9	   10	   11	   12	   13	   14	   15	   16	   17	   18	   19	   20	   21	   22	   23	   24	   25	   26	   27	   28	   29	   30	   31	   32	   33	   34	   35	   36	   37	   38	   39	   40	   41	   42	   43	   44	   45	   46	   47	   48	   49	   50	   51	   52	   53	   54	   55	   56	   57	   58	   59	   60	   61	   62	   63	   64	   65	   66	   67	   68	   69	   70	   71	   72	   73	   74	   75	   76	   77	   78	   79	   80	   81	   82	   83	   84	   85	   86	   87	   88	   89	   90	   91	   92	   93	   94	   95	   96	   97	   98	   99	  100	  101	  102	  103	  104	  105	  106	  107	  108	  109	  110	  111	  112	  113	  114	  115	  116	  117	  118	  119	  120	  121	  122	  123	  124	  125	  126	  127	  128	  129	  130	  131	  132	  133	  134	  135	  136	  137	  138	  139	  140	  141	  142	  143	  144	  145	  146	  147	  148	  149	  150	  151	  152	  153	  154	  155	  156	  157	  158	  159	  160	  161	  162	  163	  164	  165	  166	  167	  168	  169	  170	  171	  172	  173	  174	  175	  176	  177	  178	  179	  180	  181	  182	  183	  184	  185	  186	  187	  188	  189	  190	  191	  192	  193	  194	  195	  196	  197	  198	  199	  200	  201	  202	  203	  204	  205	  206	  207	  208	  209	  210	  211	  212	  213	  214	  215	  216	  217	  218	  219	  220	  221	  222	  223	  224	  225	  226	  227	  228	  229	  230	  231	:=
    1	89.909300	80.062900	68.198600	58.258700	55.199600	55.498300	76.190900	74.262700	128.358000	141.937000	120.422000	109.684000	109.877000	94.902600	90.901000	93.222300	106.270000	95.551700	113.185000	102.472000	99.351900	91.566200	76.141300	58.575600	26.565100	27.743300	29.920500	28.383600	27.821600	30.721900	32.631100	37.806900	37.410000	37.721300	23.132700	46.861100	45.490200	45.358200	42.153300	44.667800	37.860000	30.419300	0.000000	0.000000	0.000000	5.144290	5.759560	1.573650	94.102600	79.880800	76.503600	72.759800	71.496700	59.104400	78.474300	99.474700	125.200000	125.052000	124.537000	121.727000	118.245000	116.105000	106.694000	102.248000	105.507000	99.862400	121.594000	107.406000	97.163100	84.547500	83.762700	83.378600	80.272200	88.320600	86.330100	83.906700	72.449700	66.635700	93.304900	117.351000	150.644000	153.178000	143.064000	144.995000	152.403000	147.874000	149.512000	157.037000	145.082000	126.230000	167.248000	174.863000	185.734000	148.746000	128.962000	125.029000	0.133716	0.000000	0.184856	0.000000	91.125700	90.154900	87.855000	82.799300	75.241300	79.661000	98.276900	111.675000	112.881000	121.535000	116.044000	110.693000	105.743000	116.444000	119.923000	116.691000	110.094000	114.791000	160.647000	164.129000	0.229417	0.000000	0.227327	0.000000	0.159101	0.000000	30.865400	24.813500	46.591100	63.058500	89.270100	78.648100	69.527100	72.148600	67.241600	73.640300	84.335700	73.914600	73.741900	88.908900	115.971000	139.750000	134.061000	0.190044	0.000000	0.178138	0.000000	0.082111	0.043500	0.040832	0.286900	98.967100	83.852200	104.031000	98.013400	95.550000	106.541000	97.067500	95.385300	97.774500	108.252000	145.099000	169.415000	155.772000	0.087593	0.363100	0.169951	0.427600	0.182754	1.366300	0.149125	1.072000	52.732500	45.169400	43.745300	51.808200	58.149800	109.563000	112.457000	87.274100	118.429000	0.048640	0.561400	0.127352	0.218400	0.124895	0.023200	0.190176	0.000300	0.230415	0.000000	0.245367	0.000000	97.728900	103.571000	88.894000	77.574800	0.241879	0.000000	0.245350	0.000000	0.284138	0.000000	0.332736	0.000000	0.338368	0.000000	0.556539	0.000000	66.000300	0.417104	0.000000	5.256900	0.569255	0.701672	0.000000	2.815860	5.667320	4.567230	7.701890	2.717290	0.653693	187.917000	91.245900	0.000000	0.826771	0.349144	0.480476	1.341440	1.075280	0.934070	
    2	89.909300	80.062900	68.198600	58.258700	55.199600	55.498300	76.190900	74.262700	128.358000	141.937000	120.422000	109.684000	109.877000	94.902600	90.901000	93.222300	106.270000	95.551700	113.185000	102.472000	99.351900	91.566200	76.141300	58.575600	26.565100	27.743300	29.920500	28.383600	27.821600	30.721900	32.631100	37.806900	37.410000	37.721300	23.132700	46.861100	45.490200	45.358200	42.153300	44.667800	37.860000	30.419300	0.000000	0.000000	0.000000	5.144290	5.759560	1.573650	94.102600	79.880800	76.503600	72.759800	71.496700	59.104400	78.474300	99.474700	125.200000	125.052000	124.537000	121.727000	118.245000	116.105000	106.694000	102.248000	105.507000	99.862400	121.594000	107.406000	97.163100	84.547500	83.762700	83.378600	80.272200	88.320600	86.330100	83.906700	72.449700	66.635700	93.304900	117.351000	150.644000	153.178000	143.064000	144.995000	152.403000	147.874000	149.512000	157.037000	145.082000	126.230000	167.248000	174.863000	185.734000	148.746000	128.962000	125.029000	0.133716	0.000000	0.184856	0.000000	91.125700	90.154900	87.855000	82.799300	75.241300	79.661000	98.276900	111.675000	112.881000	121.535000	116.044000	110.693000	105.743000	116.444000	119.923000	116.691000	110.094000	114.791000	160.647000	164.129000	0.229417	0.000000	0.227327	0.000000	0.159101	0.000000	30.865400	24.813500	46.591100	63.058500	89.270100	78.648100	69.527100	72.148600	67.241600	73.640300	84.335700	73.914600	73.741900	88.908900	115.971000	139.750000	134.061000	0.190044	0.000000	0.178138	0.000000	0.082111	0.043500	0.040832	0.286900	98.967100	83.852200	104.031000	98.013400	95.550000	106.541000	97.067500	95.385300	97.774500	108.252000	145.099000	169.415000	155.772000	0.087593	0.363100	0.169951	0.427600	0.182754	1.366300	0.149125	1.072000	52.732500	45.169400	43.745300	51.808200	58.149800	109.563000	112.457000	87.274100	118.429000	0.048640	0.561400	0.127352	0.218400	0.124895	0.023200	0.190176	0.000300	0.230415	0.000000	0.245367	0.000000	97.728900	103.571000	88.894000	77.574800	0.241879	0.000000	0.245350	0.000000	0.284138	0.000000	0.332736	0.000000	0.338368	0.000000	0.556539	0.000000	66.000300	0.417104	0.000000	5.256900	0.569255	0.701672	0.000000	2.815860	5.667320	4.567230	7.701890	2.717290	0.653693	187.917000	91.245900	0.000000	0.826771	0.349144	0.480476	1.341440	1.075280	0.934070	
    3	89.909300	80.062900	68.198600	58.258700	55.199600	55.498300	76.190900	74.262700	128.358000	141.937000	120.422000	109.684000	109.877000	94.902600	90.901000	93.222300	106.270000	95.551700	113.185000	102.472000	99.351900	91.566200	76.141300	58.575600	26.565100	27.743300	29.920500	28.383600	27.821600	30.721900	32.631100	37.806900	37.410000	37.721300	23.132700	46.861100	45.490200	45.358200	42.153300	44.667800	37.860000	30.419300	0.000000	0.000000	0.000000	5.144290	5.759560	1.573650	94.102600	79.880800	76.503600	72.759800	71.496700	59.104400	78.474300	99.474700	125.200000	125.052000	124.537000	121.727000	118.245000	116.105000	106.694000	102.248000	105.507000	99.862400	121.594000	107.406000	97.163100	84.547500	83.762700	83.378600	80.272200	88.320600	86.330100	83.906700	72.449700	66.635700	93.304900	117.351000	150.644000	153.178000	143.064000	144.995000	152.403000	147.874000	149.512000	157.037000	145.082000	126.230000	167.248000	174.863000	185.734000	148.746000	128.962000	125.029000	0.133716	0.000000	0.184856	0.000000	91.125700	90.154900	87.855000	82.799300	75.241300	79.661000	98.276900	111.675000	112.881000	121.535000	116.044000	110.693000	105.743000	116.444000	119.923000	116.691000	110.094000	114.791000	160.647000	164.129000	0.229417	0.000000	0.227327	0.000000	0.159101	0.000000	30.865400	24.813500	46.591100	63.058500	89.270100	78.648100	69.527100	72.148600	67.241600	73.640300	84.335700	73.914600	73.741900	88.908900	115.971000	139.750000	134.061000	0.190044	0.000000	0.178138	0.000000	0.082111	0.043500	0.040832	0.286900	98.967100	83.852200	104.031000	98.013400	95.550000	106.541000	97.067500	95.385300	97.774500	108.252000	145.099000	169.415000	155.772000	0.087593	0.363100	0.113587	2.863600	0.102486	1.545600	0.091266	1.516500	72.089200	74.286800	75.479100	86.532200	81.075000	119.791000	105.906000	103.670000	109.688000	0.074639	0.946500	0.067324	0.393200	0.081651	0.035900	0.078496	0.000300	0.061925	0.000000	0.054062	0.000000	120.112000	118.903000	106.664000	80.760100	0.056882	0.000000	0.065800	0.000000	0.096606	0.000000	0.149295	0.000000	0.182989	0.000000	0.000000	0.000000	47.892100	0.000000	0.000000	5.080750	0.451930	0.000000	0.000000	3.490050	7.206490	5.864640	9.429930	3.726710	1.022990	68.660300	103.379000	0.000000	0.213519	0.749894	0.702860	1.327590	0.947350	0.754297	
    4	89.909300	80.062900	68.198600	58.258700	55.199600	55.498300	76.190900	74.262700	128.358000	141.937000	120.422000	109.684000	109.877000	94.902600	90.901000	93.222300	106.270000	95.551700	113.185000	102.472000	99.351900	91.566200	76.141300	58.575600	28.798600	34.149400	42.365700	51.213000	55.790700	49.274500	39.064500	23.773700	27.771800	25.675100	27.999600	27.290300	34.831100	28.350000	34.095400	30.475900	31.523400	23.613400	14.301500	11.888800	11.875100	18.436400	18.993000	16.066000	101.598000	72.588200	65.896300	65.326900	63.496000	64.944900	73.473400	88.284400	120.389000	129.383000	123.762000	111.877000	101.536000	98.732100	89.840800	83.185200	87.652000	98.385400	105.957000	116.445000	117.167000	111.332000	109.760000	99.052700	71.636600	80.455200	79.159500	72.606300	60.312200	63.555100	91.474500	119.215000	154.349000	156.910000	113.217000	134.447000	142.218000	135.918000	130.349000	140.654000	134.400000	130.026000	182.207000	214.522000	201.383000	182.416000	146.072000	146.467000	0.137367	0.000000	0.117467	0.000000	65.615300	80.801200	86.646800	78.859600	80.391100	88.148300	113.387000	128.550000	128.837000	130.405000	128.045000	102.807000	103.387000	103.105000	98.353800	100.455000	95.259900	95.612100	145.252000	164.383000	0.128360	0.000000	0.115739	0.000000	0.090461	0.000000	14.968900	20.665300	36.891800	68.434300	79.799600	69.146400	75.224000	74.253200	72.916600	89.214800	92.964500	78.933500	77.232300	89.242300	107.518000	124.073000	105.348000	0.076408	0.000000	0.061408	0.000000	0.022767	0.106200	0.000000	0.203700	115.964000	113.792000	122.820000	109.998000	110.211000	113.401000	118.126000	114.627000	121.669000	128.545000	144.457000	151.626000	137.361000	0.000000	0.176500	0.000000	0.087400	0.000000	0.181000	0.000000	0.371000	65.617600	67.582100	64.305700	73.291200	80.921400	102.062000	105.433000	100.954000	73.930200	0.000000	1.053900	0.000000	2.309400	0.000000	0.395600	0.001502	0.000700	0.001874	0.000000	0.004117	0.000000	121.536000	116.828000	86.572000	57.997600	0.001921	0.000000	0.009186	0.000000	0.042330	0.000000	0.080340	0.000000	0.099323	0.000000	0.291149	0.000000	46.143800	0.000000	0.000000	4.335000	0.881419	2.115770	0.124618	3.249900	6.578320	4.653050	7.828880	1.707500	0.319093	160.328000	37.257800	0.000000	0.164260	0.565730	0.339108	1.482930	1.044470	0.653436	
    5	89.909300	80.062900	68.198600	58.258700	55.199600	55.498300	76.190900	74.262700	128.358000	141.937000	120.422000	109.684000	109.877000	94.902600	90.901000	93.222300	106.270000	95.551700	113.185000	102.472000	99.351900	91.566200	76.141300	58.575600	28.798600	34.149400	42.365700	51.213000	55.790700	49.274500	39.064500	23.773700	27.771800	25.675100	27.999600	27.290300	34.831100	28.350000	34.095400	30.475900	31.523400	23.613400	14.301500	11.888800	11.875100	18.436400	18.993000	16.066000	93.113400	91.773700	83.399500	77.827500	76.482700	71.479000	80.247100	92.022300	131.189000	125.006000	117.941000	105.954000	102.333000	91.728300	84.473400	82.866200	82.878900	88.869700	114.316000	106.385000	97.291500	87.462400	74.307000	61.452900	69.899400	89.596900	87.468900	80.757300	64.385900	69.493200	78.482100	107.585000	153.671000	155.704000	146.372000	151.312000	154.006000	141.006000	134.127000	148.296000	130.006000	136.896000	162.779000	162.138000	166.366000	135.681000	113.620000	103.079000	0.118534	0.000000	0.137584	0.000000	83.242800	85.967700	72.782600	68.171000	61.370600	64.858000	81.178400	99.990900	109.293000	118.711000	114.235000	124.985000	129.259000	134.715000	130.394000	131.818000	116.750000	132.068000	168.456000	158.938000	0.186910	0.000000	0.232238	0.000000	0.264214	0.000000	34.333300	20.901800	50.630600	77.789800	95.284900	97.170400	87.446500	81.342500	74.172300	82.653100	83.885200	77.589100	76.102000	80.498300	106.422000	119.329000	130.789000	0.288221	0.000000	0.267670	0.000000	0.213697	0.010000	0.115737	0.299000	104.146000	115.161000	101.829000	107.027000	116.234000	91.161700	99.208500	98.972300	99.585800	115.509000	140.539000	141.898000	135.690000	0.062665	0.805300	0.058205	2.001600	0.076889	0.439400	0.055701	0.181900	41.702400	46.306200	34.209500	42.138200	78.255600	74.297400	76.626700	104.165000	123.119000	0.033980	0.364500	0.021886	0.220300	0.036145	0.092000	0.073964	0.000000	0.114252	0.000000	0.140264	0.000000	88.221600	141.388000	125.826000	98.363300	0.168577	0.000000	0.210998	0.000000	0.243719	0.000000	0.265760	0.000000	0.299106	0.000000	0.232007	0.000000	60.916500	0.000000	0.322274	4.680010	0.139508	0.000000	0.000000	2.603500	6.369410	5.124670	8.346010	3.081530	0.177302	125.998000	178.592000	0.000000	0.295114	0.879264	1.120850	1.370770	1.051340	0.810313	
    6	89.909300	80.062900	68.198600	58.258700	55.199600	55.498300	76.190900	74.262700	128.358000	141.937000	120.422000	109.684000	109.877000	94.902600	90.901000	93.222300	106.270000	95.551700	113.185000	102.472000	99.351900	91.566200	76.141300	58.575600	28.798600	34.149400	42.365700	51.213000	55.790700	49.274500	39.064500	23.773700	27.771800	25.675100	27.999600	27.290300	34.831100	28.350000	34.095400	30.475900	31.523400	23.613400	14.301500	11.888800	11.875100	18.436400	18.993000	16.066000	101.598000	72.588200	65.896300	65.326900	63.496000	64.944900	73.473400	88.284400	120.389000	129.383000	123.762000	111.877000	101.536000	98.732100	89.840800	83.185200	87.652000	98.385400	105.957000	116.445000	117.167000	111.332000	109.760000	99.052700	71.636600	80.455200	79.159500	72.606300	60.312200	63.555100	91.474500	119.215000	154.349000	156.910000	113.217000	134.447000	142.218000	135.918000	130.349000	140.654000	134.400000	130.026000	182.207000	214.522000	201.383000	182.416000	146.072000	146.467000	0.105537	0.000000	0.102452	0.000000	88.192700	90.576900	91.033200	85.452200	82.956400	93.982400	106.526000	116.540000	145.054000	156.642000	138.566000	135.489000	135.432000	139.483000	136.581000	132.507000	127.560000	149.326000	175.023000	188.934000	0.293446	0.000000	0.305835	0.000000	0.299292	0.000000	21.439900	9.795660	17.918200	54.391100	91.991200	113.395000	101.644000	92.824300	82.046700	82.142100	83.601500	74.270500	69.731400	81.440800	97.440200	109.222000	106.956000	0.301258	0.000000	0.298758	0.000000	0.278268	0.092400	0.223480	0.488100	132.953000	95.986400	89.499200	107.677000	67.801800	77.098400	64.073300	59.480700	74.056100	79.272100	97.064400	110.597000	126.091000	0.255539	0.399000	0.310620	0.341100	0.345463	1.168000	0.369221	0.122300	91.850400	89.850200	90.024800	74.343400	100.931000	109.272000	118.950000	113.761000	111.670000	0.374045	0.410100	0.393632	0.365000	0.413642	0.023700	0.425769	0.000300	0.406770	0.000000	0.379893	0.000000	130.175000	137.905000	120.283000	74.252400	0.329469	0.000000	0.276476	0.000000	0.260252	0.000000	0.238447	0.000000	0.249444	0.000000	0.400909	0.000000	60.941100	0.209362	0.000000	5.594110	0.321580	0.000000	0.119335	3.725100	8.560740	7.378750	10.969400	2.090210	0.000000	137.891000	94.611500	0.000000	0.000000	0.800868	0.722047	1.432570	1.094000	0.855147	
    7	89.909300	80.062900	68.198600	58.258700	55.199600	55.498300	76.190900	74.262700	128.358000	141.937000	120.422000	109.684000	109.877000	94.902600	90.901000	93.222300	106.270000	95.551700	113.185000	102.472000	99.351900	91.566200	76.141300	58.575600	26.565100	27.743300	29.920500	28.383600	27.821600	30.721900	32.631100	37.806900	37.410000	37.721300	23.132700	46.861100	45.490200	45.358200	42.153300	44.667800	37.860000	30.419300	0.000000	0.000000	0.000000	5.144290	5.759560	1.573650	94.102600	79.880800	76.503600	72.759800	71.496700	59.104400	78.474300	99.474700	125.200000	125.052000	124.537000	121.727000	118.245000	116.105000	106.694000	102.248000	105.507000	99.862400	121.594000	107.406000	97.163100	84.547500	83.762700	83.378600	80.272200	88.320600	86.330100	83.906700	72.449700	66.635700	93.304900	117.351000	150.644000	153.178000	143.064000	144.995000	152.403000	147.874000	149.512000	157.037000	145.082000	126.230000	167.248000	174.863000	185.734000	148.746000	128.962000	125.029000	0.133716	0.000000	0.184856	0.000000	91.125700	90.154900	87.855000	82.799300	75.241300	79.661000	98.276900	111.675000	112.881000	121.535000	116.044000	110.693000	105.743000	116.444000	119.923000	116.691000	110.094000	114.791000	160.647000	164.129000	0.229417	0.000000	0.227327	0.000000	0.159101	0.000000	30.865400	24.813500	46.591100	63.058500	89.270100	78.648100	69.527100	72.148600	67.241600	73.640300	84.335700	73.914600	73.741900	88.908900	115.971000	139.750000	134.061000	0.190044	0.000000	0.178138	0.000000	0.082111	0.043500	0.040832	0.286900	98.967100	83.852200	104.031000	98.013400	95.550000	106.541000	97.067500	95.385300	97.774500	108.252000	145.099000	169.415000	155.772000	0.087593	0.363100	0.113587	2.863600	0.102486	1.545600	0.091266	1.516500	72.089200	74.286800	75.479100	86.532200	81.075000	119.791000	105.906000	103.670000	109.688000	0.074639	0.946500	0.067324	0.393200	0.081651	0.035900	0.078496	0.000300	0.061925	0.000000	0.054062	0.000000	120.112000	118.903000	106.664000	80.760100	0.056882	0.000000	0.065800	0.000000	0.096606	0.000000	0.149295	0.000000	0.182989	0.000000	0.000000	0.000000	47.892100	0.000000	0.000000	5.080750	0.451930	0.000000	0.000000	3.490050	7.206490	5.864640	9.429930	3.726710	1.022990	68.660300	103.379000	0.000000	0.213519	0.749894	0.702860	1.327590	0.947350	0.754297	
    8	89.909300	80.062900	68.198600	58.258700	55.199600	55.498300	76.190900	74.262700	128.358000	141.937000	120.422000	109.684000	109.877000	94.902600	90.901000	93.222300	106.270000	95.551700	113.185000	102.472000	99.351900	91.566200	76.141300	58.575600	26.565100	27.743300	29.920500	28.383600	27.821600	30.721900	32.631100	37.806900	37.410000	37.721300	23.132700	46.861100	45.490200	45.358200	42.153300	44.667800	37.860000	30.419300	0.000000	0.000000	0.000000	5.144290	5.759560	1.573650	94.102600	79.880800	76.503600	72.759800	71.496700	59.104400	78.474300	99.474700	125.200000	125.052000	124.537000	121.727000	118.245000	116.105000	106.694000	102.248000	105.507000	99.862400	121.594000	107.406000	97.163100	84.547500	83.762700	83.378600	80.272200	88.320600	86.330100	83.906700	72.449700	66.635700	93.304900	117.351000	150.644000	153.178000	143.064000	144.995000	152.403000	147.874000	149.512000	157.037000	145.082000	126.230000	167.248000	174.863000	185.734000	148.746000	128.962000	125.029000	0.133716	0.000000	0.184856	0.000000	91.125700	90.154900	87.855000	82.799300	75.241300	79.661000	98.276900	111.675000	112.881000	121.535000	116.044000	110.693000	105.743000	116.444000	119.923000	116.691000	110.094000	114.791000	160.647000	164.129000	0.229417	0.000000	0.227327	0.000000	0.159101	0.000000	30.865400	24.813500	46.591100	63.058500	89.270100	78.648100	69.527100	72.148600	67.241600	73.640300	84.335700	73.914600	73.741900	88.908900	115.971000	139.750000	134.061000	0.190044	0.000000	0.178138	0.000000	0.082111	0.043500	0.040832	0.286900	98.967100	83.852200	104.031000	98.013400	95.550000	106.541000	97.067500	95.385300	97.774500	108.252000	145.099000	169.415000	155.772000	0.087593	0.363100	0.169951	0.427600	0.182754	1.366300	0.149125	1.072000	52.732500	45.169400	43.745300	51.808200	58.149800	109.563000	112.457000	87.274100	118.429000	0.048640	0.561400	0.127352	0.218400	0.124895	0.023200	0.190176	0.000300	0.230415	0.000000	0.245367	0.000000	97.728900	103.571000	88.894000	77.574800	0.241879	0.000000	0.245350	0.000000	0.284138	0.000000	0.332736	0.000000	0.338368	0.000000	0.556539	0.000000	66.000300	0.417104	0.000000	5.256900	0.569255	0.701672	0.000000	2.815860	5.667320	4.567230	7.701890	2.717290	0.653693	187.917000	91.245900	0.000000	0.826771	0.349144	0.480476	1.341440	1.075280	0.934070	
    9	89.909300	80.062900	68.198600	58.258700	55.199600	55.498300	76.190900	74.262700	128.358000	141.937000	120.422000	109.684000	109.877000	94.902600	90.901000	93.222300	106.270000	95.551700	113.185000	102.472000	99.351900	91.566200	76.141300	58.575600	28.798600	34.149400	42.365700	51.213000	55.790700	49.274500	39.064500	23.773700	27.771800	25.675100	27.999600	27.290300	34.831100	28.350000	34.095400	30.475900	31.523400	23.613400	14.301500	11.888800	11.875100	18.436400	18.993000	16.066000	91.875600	74.789900	67.132900	62.961700	57.298200	57.364300	68.885800	102.369000	125.658000	109.326000	107.846000	108.653000	107.104000	103.882000	98.571300	101.623000	112.068000	124.508000	117.426000	110.115000	106.231000	119.609000	106.106000	87.547600	71.260400	72.193700	66.848500	57.655800	44.114100	52.000500	70.659400	93.158600	126.286000	122.556000	111.279000	115.371000	121.852000	115.545000	114.860000	122.715000	125.286000	134.635000	154.696000	169.100000	174.971000	164.365000	135.803000	116.790000	0.123078	0.000000	0.139777	0.000000	82.625300	91.582700	88.293000	81.974500	74.040000	79.115000	104.353000	125.627000	128.898000	118.474000	109.085000	110.181000	114.638000	120.994000	126.157000	125.457000	111.586000	114.230000	157.277000	160.705000	0.167951	0.000000	0.162027	0.000000	0.136534	0.000000	33.367600	22.442300	73.141800	93.072600	139.256000	144.964000	131.009000	127.326000	124.370000	133.346000	132.696000	119.781000	114.433000	126.668000	145.907000	167.753000	185.601000	0.141919	0.000000	0.152106	0.000000	0.135256	0.053200	0.077978	0.481300	85.825500	83.818000	89.393600	97.220300	86.291300	91.165400	94.873500	96.775200	99.981000	100.402000	113.755000	146.220000	142.708000	0.055041	0.408500	0.060209	0.291200	0.050278	0.630500	0.036318	0.130200	93.562000	81.338400	93.398700	99.524300	102.760000	114.423000	132.578000	179.325000	139.469000	0.041836	0.106900	0.047141	0.082000	0.052124	0.042300	0.082971	0.000100	0.121364	0.000000	0.160512	0.000000	128.142000	134.410000	116.990000	78.200000	0.170196	0.000000	0.156262	0.000000	0.148332	0.000000	0.155695	0.000000	0.162280	0.000000	0.331668	0.000000	54.814600	0.000000	0.000000	4.937200	0.493176	0.000000	0.000000	3.022550	6.361880	5.093970	8.666360	1.921150	0.326708	225.085000	94.185800	0.000000	0.352224	0.726332	0.894982	1.402390	1.050470	0.684386	
   10	89.909300	80.062900	68.198600	58.258700	55.199600	55.498300	76.190900	74.262700	128.358000	141.937000	120.422000	109.684000	109.877000	94.902600	90.901000	93.222300	106.270000	95.551700	113.185000	102.472000	99.351900	91.566200	76.141300	58.575600	28.798600	34.149400	42.365700	51.213000	55.790700	49.274500	39.064500	23.773700	27.771800	25.675100	27.999600	27.290300	34.831100	28.350000	34.095400	30.475900	31.523400	23.613400	14.301500	11.888800	11.875100	18.436400	18.993000	16.066000	101.598000	72.588200	65.896300	65.326900	63.496000	64.944900	73.473400	88.284400	120.389000	129.383000	123.762000	111.877000	101.536000	98.732100	89.840800	83.185200	87.652000	98.385400	105.957000	116.445000	117.167000	111.332000	109.760000	99.052700	71.636600	80.455200	79.159500	72.606300	60.312200	63.555100	91.474500	119.215000	154.349000	156.910000	113.217000	134.447000	142.218000	135.918000	130.349000	140.654000	134.400000	130.026000	182.207000	214.522000	201.383000	182.416000	146.072000	146.467000	0.137367	0.000000	0.184573	0.000000	100.038000	87.863500	79.369900	66.428800	70.393600	73.258200	102.590000	114.920000	120.598000	126.138000	88.868700	87.656800	80.728800	89.728300	95.216800	96.623800	82.650200	83.490700	155.510000	179.430000	0.215553	0.000000	0.223894	0.000000	0.214144	0.000000	68.042900	23.015500	33.638700	70.641400	97.902200	105.265000	98.519300	92.369900	88.674200	92.551900	92.392200	87.738400	85.402300	97.495800	104.140000	108.151000	104.721000	0.198040	0.000000	0.201018	0.000000	0.183036	0.011600	0.176150	0.617100	90.823100	85.795600	56.398800	45.854500	57.619900	66.072300	65.978200	131.074000	141.838000	149.084000	176.474000	170.244000	164.246000	0.220369	3.030700	0.295649	0.072800	0.358290	1.974300	0.387815	0.207100	69.282100	68.624800	67.901800	69.340600	71.942100	81.565900	93.466800	89.397800	85.026800	0.401564	0.280600	0.416320	0.312000	0.417135	0.106100	0.393033	0.000400	0.402658	0.000000	0.420792	0.000000	120.075000	118.913000	89.933300	71.809600	0.404750	0.000000	0.376920	0.000000	0.376061	0.000000	0.404596	0.000000	0.426620	0.000000	0.567829	0.000000	55.531500	0.330369	0.959646	5.704360	0.000000	0.219207	0.000000	2.892290	1.835090	0.000000	3.300740	3.394480	1.096420	135.332000	191.378000	0.239882	0.922580	0.616409	0.813873	1.257790	0.968994	0.711114	
;
param Prob0 :=
    1	0.000
    2	0.000
    3	0.200
    4	0.100
    5	0.100
    6	0.100
    7	0.000
    8	0.300
    9	0.100
   10	0.100
;
set c[0,5] := 5 1 2 3 4 6 7 8 9 10;
set c[1,5] := 5 1 2 3 4 6 7 8 9 10;
set c[2,9] := 9 5 4 6 10;
set c[2,1] := 1 2 3 7 8;
set c[3,2] := 2 1 3 7 8;
set c[3,6] := 6 4 10;
set c[3,5] := 5;
set c[3,9] := 9;
set c[4,10] := 10 6 4;
set c[4,9] := 9;
set c[4,5] := 5;
set c[4,2] := 2 1 3 7 8;
set c[5,5] := 5;
set c[5,9] := 9;
set c[5,1] := 1 2 3 7 8;
set c[5,10] := 10 4;
set c[5,6] := 6;
set c[6,6] := 6;
set c[6,1] := 1 2 3 7 8;
set c[6,9] := 9;
set c[6,10] := 10;
set c[6,4] := 4;
set c[6,5] := 5;
set c[7,2] := 2 1 3 7 8;
set c[7,5] := 5;
set c[7,4] := 4;
set c[7,10] := 10;
set c[7,9] := 9;
set c[7,6] := 6;
set c[8,10] := 10;
set c[8,5] := 5;
set c[8,4] := 4;
set c[8,9] := 9;
set c[8,6] := 6;
set c[8,2] := 2 1 3 7 8;
set c[9,6] := 6;
set c[9,4] := 4;
set c[9,5] := 5;
set c[9,1] := 1 2 3 7 8;
set c[9,9] := 9;
set c[9,10] := 10;
set c[10,9] := 9;
set c[10,5] := 5;
set c[10,10] := 10;
set c[10,1] := 1 2 3 7 8;
set c[10,4] := 4;
set c[10,6] := 6;
set c[11,10] := 10;
set c[11,5] := 5;
set c[11,1] := 1 2 3 7 8;
set c[11,6] := 6;
set c[11,4] := 4;
set c[11,9] := 9;
set c[12,4] := 4;
set c[12,6] := 6;
set c[12,5] := 5;
set c[12,9] := 9;
set c[12,2] := 2 1 3 7 8;
set c[12,10] := 10;
set c[13,10] := 10;
set c[13,9] := 9;
set c[13,2] := 2 1 3 7 8;
set c[13,6] := 6;
set c[13,5] := 5;
set c[13,4] := 4;
set c[14,4] := 4;
set c[14,7] := 7 2 1 3 8;
set c[14,9] := 9;
set c[14,6] := 6;
set c[14,5] := 5;
set c[14,10] := 10;
set c[15,10] := 10;
set c[15,9] := 9;
set c[15,5] := 5;
set c[15,8] := 8 7 2 1 3;
set c[15,6] := 6;
set c[15,4] := 4;
set c[16,9] := 9;
set c[16,4] := 4;
set c[16,5] := 5;
set c[16,7] := 7 8 2 1 3;
set c[16,6] := 6;
set c[16,10] := 10;
set c[17,10] := 10;
set c[17,4] := 4;
set c[17,5] := 5;
set c[17,6] := 6;
set c[17,8] := 8 7 2 1 3;
set c[17,9] := 9;
set c[18,5] := 5;
set c[18,6] := 6;
set c[18,3] := 3 7;
set c[18,2] := 2 8 1;
set c[18,9] := 9;
set c[18,4] := 4;
set c[18,10] := 10;
set c[19,9] := 9;
set c[19,4] := 4;
set c[19,8] := 8 2 1;
set c[19,3] := 3 7;
set c[19,10] := 10;
set c[19,6] := 6;
set c[19,5] := 5;
set c[20,6] := 6;
set c[20,4] := 4;
set c[20,5] := 5;
set c[20,10] := 10;
set c[20,3] := 3 7;
set c[20,2] := 2 8 1;
set c[20,9] := 9;
set c[21,4] := 4;
set c[21,5] := 5;
set c[21,3] := 3 7;
set c[21,2] := 2 8 1;
set c[21,9] := 9;
set c[21,10] := 10;
set c[21,6] := 6;
set c[22,5] := 5;
set c[22,9] := 9;
set c[22,6] := 6;
set c[22,10] := 10;
set c[22,1] := 1 2 8;
set c[22,3] := 3 7;
set c[22,4] := 4;
set c[23,9] := 9;
set c[23,2] := 2 1 8;
set c[23,10] := 10;
set c[23,6] := 6;
set c[23,4] := 4;
set c[23,3] := 3 7;
set c[23,5] := 5;
set c[24,6] := 6;
set c[24,2] := 2 1 8;
set c[24,10] := 10;
set c[24,3] := 3 7;
set c[24,5] := 5;
set c[24,4] := 4;
set c[24,9] := 9;
set c[25,4] := 4;
set c[25,2] := 2 1 8;
set c[25,9] := 9;
set c[25,5] := 5;
set c[25,10] := 10;
set c[25,3] := 3 7;
set c[25,6] := 6;
set c[26,3] := 3 7;
set c[26,10] := 10;
set c[26,5] := 5;
set c[26,6] := 6;
set c[26,2] := 2 1 8;
set c[26,9] := 9;
set c[26,4] := 4;
set c[27,1] := 1 2 8;
set c[27,4] := 4;
set c[27,9] := 9;
set c[27,6] := 6;
set c[27,10] := 10;
set c[27,5] := 5;
set c[27,3] := 3 7;
set c[28,9] := 9;
set c[28,3] := 3 7;
set c[28,5] := 5;
set c[28,10] := 10;
set c[28,6] := 6;
set c[28,4] := 4;
set c[28,2] := 2 1 8;
set c[29,1] := 1 2 8;
set c[29,3] := 3 7;
set c[29,10] := 10;
set c[29,4] := 4;
set c[29,5] := 5;
set c[29,6] := 6;
set c[29,9] := 9;
set c[30,4] := 4;
set c[30,9] := 9;
set c[30,3] := 3 7;
set c[30,5] := 5;
set c[30,10] := 10;
set c[30,6] := 6;
set c[30,1] := 1 2 8;
set c[31,5] := 5;
set c[31,3] := 3 7;
set c[31,9] := 9;
set c[31,10] := 10;
set c[31,6] := 6;
set c[31,2] := 2 1 8;
set c[31,4] := 4;
set c[32,6] := 6;
set c[32,10] := 10;
set c[32,9] := 9;
set c[32,8] := 8 2 1;
set c[32,3] := 3 7;
set c[32,4] := 4;
set c[32,5] := 5;
set c[33,2] := 2 8 1;
set c[33,4] := 4;
set c[33,10] := 10;
set c[33,3] := 3 7;
set c[33,9] := 9;
set c[33,5] := 5;
set c[33,6] := 6;
set c[34,9] := 9;
set c[34,6] := 6;
set c[34,3] := 3 7;
set c[34,4] := 4;
set c[34,10] := 10;
set c[34,5] := 5;
set c[34,8] := 8 2 1;

