#erel:= 0.850;
#emax:= 2495.845;
#q:= 0.000;
#nesce:=     9;
#etime:= 0.038;
#snodes:=   192;
param nS:=    10;
param nSG:=    34;
param nRVSG [*] :=
 1 24    5  2    9  2   13  2   17  2   21  9   25  2   29  2   33  2
 2 24    6  2   10  2   14  2   18  2   22  2   26  2   30  2   34 24
 3 24    7 20   11 17   15  2   19  2   23  2   27  2   31  2
 4 24    8  2   12  2   16 13   20  2   24  2   28  4   32  2
;

param ScenF [*] :=
  1  26.362        59  41.9437      117  68.4022      175  32.6161
  2  32.2622       60  43.166       118  72.6169      176  28.1679
  3  21.3083       61  35.507       119  85.7072      177  32.4149
  4  14.2912       62  36.3639      120  83.2083      178  53.1261
  5  13.6106       63  32.2624      121   0.391956    179  70.4532
  6  13.3751       64  30.0032      122   0           180  81.8592
  7  16.5635       65  21.8522      123   0.330355    181  56.469
  8  13.691        66  14.043       124   0           182   0.280864
  9  33.3565       67  15.9594      125   0.294834    183   0.3987
 10  46.1685       68  27.645       126   0           184   0.273404
 11  49.9986       69  29.8457      127  32.0302      185   0.3676
 12  43.4149       70  26.4664      128  50.4843      186   0.280332
 13  37.4576       71  25.5318      129  52.8413      187   0.2102
 14  31.8823       72  26.6012      130  52.3033      188   0.262334
 15  24.2701       73  18.9046      131  73.3789      189   0.003
 16  23.7919       74  28.9752      132  77.6321      190   0.18086
 17  25.13         75  26.7109      133  70.9632      191   0
 18  29.2114       76  24.9818      134  60.4094      192   0.0668327
 19  36.5886       77  25.3431      135  61.0528      193   0
 20  40.0071       78  31.3202      136  56.4166      194  94.6415
 21  34.1958       79  41.7821      137  54.9677      195  75.1294
 22  26.7225       80  44.5997      138  55.745       196  56.314
 23  22.0229       81  43.5515      139  56.2358      197  48.7223
 24  12.5706       82  39.2566      140  61.5723      198   0.0341889
 25  30.7524       83  50.3918      141  75.9881      199   0
 26  52.402        84  61.8983      142  85.6338      200   0.11269
 27  60.9231       85  61.9325      143  65.0949      201   0
 28  66.6313       86  64.598       144   0.258129    202   0.136668
 29  68.0599       87  60.425       145   0           203   0
 30  56.1082       88  53.1311      146   0.167485    204   0.112488
 31  39.8465       89  55.6447      147   0           205   0
 32  19.2833       90  59.4547      148   0.0858425   206   0.126019
 33   0            91  52.9603      149   0.03        207   0
 34   3.90847      92  49.1434      150   0.0880331   208   0
 35  38.2115       93  56.6748      151   0.2407      209   0.112923
 36  52.7565       94  58.124       152  43.8858      210   0
 37  61.7569       95  53.5437      153  55.3348      211   0
 38  57.8535       96  52.1393      154  51.5702      212   0.370423
 39  54.6787       97   0.496572    155  44.6037      213   0
 40  55.1383       98   0           156  38.0013      214   0
 41  64.8975       99   0.463319    157  37.6742      215   1.58196
 42  59.0177      100   0           158  36.8089      216   0.645991
 43  54.6328      101  44.8418      159  37.7263      217   0.943904
 44   0           102  65.1322      160  37.0756      218   0
 45   6.50872     103  62.5416      161  42.3804      219   0
 46  13.6927      104  59.8823      162  56.9946      220   0
 47  18.0765      105  57.8898      163  62.9142      221   3.20136
 48  22.1755      106  58.2019      164  55.3383      222   1.16517
 49   6.39358     107  60.3198      165   0.122518    223   0
 50   7.67324     108  64.7165      166   0.3878      224 134.422
 51   1.91707     109  87.7136      167   0.187254    225  10.8851
 52   2.69755     110  93.7176      168   0.3176      226   0.912085
 53   7.02407     111  88.5651      169   0.248893    227   0.336913
 54   8.0882      112  75.303       170   0.2537      228   0.402649
 55  11.9356      113  69.2722      171   0.281854    229   0.885593
 56  12.7068      114  70.6609      172   0.2698      230   0.774935
 57  26.3528      115  64.78        173  31.8586      231   1.11235
 58  36.5508      116  62.9056      174  33.1578
;

param ScenO [*] :=
  1 49.1         48 19.56        95 66.76       142 63.11       189  0.003
  2 44           49 60.21        96 62          143 64.44       190  0.781
  3 42.6         50 55.11        97  0.457      144  0.502      191  0
  4 40.28        51 46.59        98  0          145  0          192  0.809
  5 40           52 43.25        99  0.414      146  0.567      193  0
  6 37.48        53 43.55       100  0          147  0          194 82.7
  7 40.28        54 40.13       101 69.1        148  0.625      195 79.94
  8 43.5         55 44.31       102 56          149  0.045      196 67.2
  9 55.55        56 51.5        103 43.5        150  0.618      197 68.3
 10 69.95        57 65.49       104 41.18       151  0.317      198  0.833
 11 65           58 69.95       105 46.85       152 68.1        199  0
 12 51.83        59 65          106 40          153 59.94       200  0.821
 13 44.8         60 63.19       107 47.13       154 53.5        201  0
 14 42.18        61 54.8        108 59.1        155 45.32       202  0.731
 15 40           62 53.29       109 65          156 44.76       203  0
 16 40           63 51.36       110 69.95       157 62.17       204  0.6
 17 40.28        64 54.9        111 62          158 55.1        205  0
 18 45.1         65 46.78       112 53.63       159 45          206  0.491
 19 68           66 56.21       113 65.9        160 44.68       207  0
 20 71.83        67 68          114 65.9        161 49.5        208  1.60855
 21 74.34        68 71.83       115 61          162 61.99       209  1.84568
 22 74.61        69 74.34       116 59.95       163 63.11       210  1.9885
 23 71.71        70 74.61       117 65.9        164 69.34       211  1.9064
 24 68           71 71.71       118 57.1        165  0.653      212  1.80025
 25 38.32        72 68          119 61.8        166  0.51       213  2.17369
 26 50.8         73 68.49       120 66.4        167  0.651      214  1.91956
 27 37.92        74 59.1        121  0.4        168  0.62       215  2.00414
 28 45.12        75 46.39       122  0          169  0.613      216  0.477768
 29 46.92        76 41.97       123  0.407      170  0.668      217  0.714796
 30 48.12        77 43          124  0          171  0.606      218  0.392462
 31 46           78 37.48       125  0.442      172  0.654      219  0.181748
 32 32.76        79 43.32       126  0          173 68.77       220  0.934821
 33 26.32        80 56.5        127 70.1        174 68.77       221  1.61309
 34 29.2         81 58.92       128 43.81       175 66.66       222  1.69075
 35 29.76        82 65.1        129 55          176 62.45       223  1.66575
 36 42.4         83 54          130 63.51       177 49.1        224  0.880586
 37 52.84        84 51.83       131 61.55       178 65          225  0.533259
 38 48.32        85 61          132 61.72       179 65          226  0.227206
 39 50           86 62.17       133 56          180 67.4        227  0.706808
 40 45.76        87 61          134 51.81       181 74.71       228  0.707022
 41 68.64        88 59.1        135 49.8        182  0.621      229  0.670151
 42 63.36        89 61          136 62.17       183  0.581      230  0.61428
 43 31.8         90 65.9        137 55          184  0.645      231  0.665
 44 15.64        91 63.01       138 55.57       185  0.442
 45 12.4         92 63.5        139 50          186  0.672
 46 18.4         93 67.89       140 45.1        187  0.223
 47 11.4         94 68.49       141 57.7        188  0.725
;

param Scen0 (tr)
 :    1	    2	    3	    4	    5	    6	    7	    8	    9	   10	   11	   12	   13	   14	   15	   16	   17	   18	   19	   20	   21	   22	   23	   24	   25	   26	   27	   28	   29	   30	   31	   32	   33	   34	   35	   36	   37	   38	   39	   40	   41	   42	   43	   44	   45	   46	   47	   48	   49	   50	   51	   52	   53	   54	   55	   56	   57	   58	   59	   60	   61	   62	   63	   64	   65	   66	   67	   68	   69	   70	   71	   72	   73	   74	   75	   76	   77	   78	   79	   80	   81	   82	   83	   84	   85	   86	   87	   88	   89	   90	   91	   92	   93	   94	   95	   96	   97	   98	   99	  100	  101	  102	  103	  104	  105	  106	  107	  108	  109	  110	  111	  112	  113	  114	  115	  116	  117	  118	  119	  120	  121	  122	  123	  124	  125	  126	  127	  128	  129	  130	  131	  132	  133	  134	  135	  136	  137	  138	  139	  140	  141	  142	  143	  144	  145	  146	  147	  148	  149	  150	  151	  152	  153	  154	  155	  156	  157	  158	  159	  160	  161	  162	  163	  164	  165	  166	  167	  168	  169	  170	  171	  172	  173	  174	  175	  176	  177	  178	  179	  180	  181	  182	  183	  184	  185	  186	  187	  188	  189	  190	  191	  192	  193	  194	  195	  196	  197	  198	  199	  200	  201	  202	  203	  204	  205	  206	  207	  208	  209	  210	  211	  212	  213	  214	  215	  216	  217	  218	  219	  220	  221	  222	  223	  224	  225	  226	  227	  228	  229	  230	  231	:=
    1	67.497100	38.856500	26.702600	22.999900	21.109000	12.575200	26.312300	23.580500	38.790100	53.154800	57.446000	49.236900	48.432100	41.388300	27.418400	30.949700	29.733900	25.289400	41.434800	27.560500	40.345500	31.923500	36.194800	20.903400	35.775700	52.304600	62.498000	65.391900	64.934300	56.218200	39.061400	34.389900	12.086100	21.098000	28.770100	60.528300	61.643200	65.978600	59.892400	61.312700	62.948200	80.470300	61.864600	0.000000	0.000000	9.895700	16.056900	23.086200	26.344000	0.000000	0.000000	0.000000	6.854830	3.787540	14.615800	20.584400	33.582700	19.247900	39.013400	44.824500	40.244000	45.234000	42.490500	33.346700	20.226200	0.000000	0.938467	1.838380	8.687550	9.718540	10.504800	7.669090	37.138400	24.274900	21.863600	16.304900	16.754100	23.072300	40.834100	48.494000	47.300100	16.316700	43.387900	53.545900	55.428100	56.036700	54.150500	49.389000	55.269400	39.504100	39.090900	31.570800	34.562200	37.871600	38.965600	33.270800	0.507041	0.000000	0.516909	0.000000	76.440600	68.770600	66.426500	65.180400	54.901700	57.108100	79.897500	59.377000	89.859900	91.510600	86.676500	70.187000	58.816100	58.551300	54.896000	55.432500	64.465900	76.004300	85.206200	91.451400	0.486665	0.000000	0.428099	0.000000	0.363315	0.000000	40.744800	28.241600	47.776000	73.027900	68.300400	76.451600	69.931300	72.604200	69.223300	62.730100	61.350400	62.743300	59.757100	68.900000	81.662200	93.286800	90.739200	0.185404	0.000000	0.000213	0.000000	0.000000	0.007400	0.000000	0.981500	61.080200	63.273600	72.461900	47.745600	6.625580	23.740000	42.547200	21.252400	9.897000	20.698500	74.228700	79.768000	86.340500	0.000000	1.765800	0.000000	0.208200	0.051752	8.269900	0.096510	0.267500	58.340500	38.588700	36.868800	31.415300	35.251200	45.247700	56.223200	53.036200	60.147700	0.100339	0.068500	0.106418	0.444500	0.114058	0.273200	0.086266	0.016800	0.308473	0.000000	0.141841	0.000000	70.838500	71.716700	48.150000	47.548700	0.056463	0.000000	0.073625	0.000000	0.066052	0.000000	0.031757	0.000000	0.044482	0.000000	0.462603	0.000000	11.918100	0.000000	1.944430	0.000000	0.365839	0.309752	0.709205	0.462523	1.599830	0.346780	1.330430	0.000000	1.070600	161.297000	27.048900	0.000000	3.791040	0.998283	0.650255	0.887478	0.852833	0.934091	
    2	67.497100	38.856500	26.702600	22.999900	21.109000	12.575200	26.312300	23.580500	38.790100	53.154800	57.446000	49.236900	48.432100	41.388300	27.418400	30.949700	29.733900	25.289400	41.434800	27.560500	40.345500	31.923500	36.194800	20.903400	34.035400	42.135200	54.163700	58.540200	61.041800	48.800800	35.606000	21.478000	3.187350	4.146250	34.314600	32.584100	76.455800	76.767700	73.234300	41.559700	58.082300	51.930900	47.704600	9.396890	11.768100	14.214400	19.420500	35.796300	51.233300	4.876540	4.546540	7.170700	13.974600	0.000000	16.953800	23.785700	22.394700	31.709600	46.085500	48.011000	41.641300	42.511600	42.105400	36.087200	25.838200	10.504900	31.700100	24.430900	39.129100	29.080200	41.572400	38.397400	58.927100	26.874000	30.703500	27.662700	25.931800	28.739600	44.122000	57.911600	52.251600	48.921400	59.797500	47.197800	56.617100	47.064100	35.330800	41.322600	46.295800	41.199200	53.049800	64.014400	69.976200	73.564600	66.295800	57.255300	0.490021	0.000000	0.448898	0.000000	87.876200	68.823200	66.911900	67.538100	58.107000	59.145500	74.436800	83.585500	78.354600	77.859500	88.941000	77.381200	69.543500	69.641500	68.746900	70.033200	71.834700	67.060300	91.923900	100.817000	0.416806	0.000000	0.352548	0.000000	0.311284	0.000000	50.713200	31.418700	53.924000	71.129500	69.158500	66.771000	53.974300	54.399000	48.741700	54.276100	47.887300	46.786800	49.745500	49.661300	65.284000	72.514500	98.732900	0.255391	0.000000	0.172837	0.000000	0.093878	0.055900	0.106955	0.124100	56.116400	30.650900	41.673900	36.489300	35.722700	36.968200	25.285300	20.063800	17.937000	29.391600	53.851100	51.346000	57.129900	0.125359	0.196000	0.209696	0.475700	0.216400	1.399400	0.259814	0.906000	12.448600	17.657600	5.157110	5.995870	15.135700	41.443400	44.593300	74.417500	103.141000	0.229506	0.347100	0.001196	0.483200	0.299111	0.168500	0.257247	0.000300	0.164368	0.000000	0.040685	0.000000	111.938000	97.046900	85.811000	37.258100	0.012360	0.000000	0.104296	0.000000	0.152858	0.000000	0.143373	0.000000	0.155093	0.000000	0.489036	0.000000	0.000000	0.000000	0.139114	0.000000	0.624131	3.105350	0.691290	0.821187	0.000000	0.000000	0.000000	0.506515	1.043360	141.786000	0.000000	6.767860	0.848776	0.534309	0.287806	1.036620	0.840123	0.752238	
    3	67.497100	38.856500	26.702600	22.999900	21.109000	12.575200	26.312300	23.580500	38.790100	53.154800	57.446000	49.236900	48.432100	41.388300	27.418400	30.949700	29.733900	25.289400	41.434800	27.560500	40.345500	31.923500	36.194800	20.903400	35.775700	52.304600	62.498000	65.391900	64.934300	56.218200	39.061400	34.389900	12.086100	21.098000	28.770100	60.528300	61.643200	65.978600	59.892400	61.312700	62.948200	80.470300	61.864600	0.000000	0.000000	9.895700	16.056900	23.086200	26.344000	0.000000	0.000000	0.000000	6.854830	3.787540	14.615800	20.584400	33.582700	19.247900	39.013400	44.824500	40.244000	45.234000	42.490500	33.346700	20.226200	0.000000	0.938467	1.838380	8.687550	9.718540	10.504800	7.669090	37.138400	24.274900	21.863600	16.304900	16.754100	23.072300	40.834100	48.494000	47.300100	16.316700	43.387900	53.545900	55.428100	56.036700	54.150500	49.389000	55.269400	39.504100	39.090900	31.570800	34.562200	37.871600	38.965600	33.270800	0.507041	0.000000	0.516909	0.000000	76.440600	68.770600	66.426500	65.180400	54.901700	57.108100	79.897500	59.377000	89.859900	91.510600	86.676500	70.187000	58.816100	58.551300	54.896000	55.432500	64.465900	76.004300	85.206200	91.451400	0.486665	0.000000	0.428099	0.000000	0.363315	0.000000	40.744800	28.241600	47.776000	73.027900	68.300400	76.451600	69.931300	72.604200	69.223300	62.730100	61.350400	62.743300	59.757100	68.900000	81.662200	93.286800	90.739200	0.280776	0.000000	0.200223	0.000000	0.218980	0.062500	0.271565	0.350700	59.929500	50.063900	8.645140	25.063800	28.792100	36.923300	39.806900	40.708800	34.136700	20.402500	34.441500	49.655400	52.233700	0.345789	0.461800	0.477963	0.121200	0.532688	0.019400	0.579297	2.904700	26.318300	20.380400	18.363200	19.607200	38.870000	59.507800	77.736000	58.179900	99.227800	0.584340	21.369000	0.545590	9.848400	0.490424	1.046800	0.450977	0.000800	0.325933	0.000000	0.155030	0.000000	102.648000	81.087900	73.645600	53.330100	0.086709	0.000000	0.153408	0.000000	0.174716	0.000000	0.117825	0.000000	0.123096	0.000000	0.000000	0.000000	0.000000	0.000000	0.000000	0.000000	0.328441	1.638820	0.516547	0.660522	0.561961	0.558003	0.000000	0.000000	1.580330	147.130000	15.971600	5.369900	0.968320	0.687242	0.574926	0.700277	0.619306	0.622328	
    4	67.497100	38.856500	26.702600	22.999900	21.109000	12.575200	26.312300	23.580500	38.790100	53.154800	57.446000	49.236900	48.432100	41.388300	27.418400	30.949700	29.733900	25.289400	41.434800	27.560500	40.345500	31.923500	36.194800	20.903400	35.775700	52.304600	62.498000	65.391900	64.934300	56.218200	39.061400	34.389900	12.086100	21.098000	28.770100	60.528300	61.643200	65.978600	59.892400	61.312700	62.948200	80.470300	61.864600	0.000000	0.000000	9.895700	16.056900	23.086200	26.344000	0.000000	0.000000	0.000000	6.854830	3.787540	14.615800	20.584400	33.582700	19.247900	39.013400	44.824500	40.244000	45.234000	42.490500	33.346700	20.226200	0.000000	0.938467	1.838380	8.687550	9.718540	10.504800	7.669090	37.138400	24.274900	21.863600	16.304900	16.754100	23.072300	40.834100	48.494000	47.300100	16.316700	43.387900	53.545900	55.428100	56.036700	54.150500	49.389000	55.269400	39.504100	39.090900	31.570800	34.562200	37.871600	38.965600	33.270800	0.507041	0.000000	0.516909	0.000000	76.440600	68.770600	66.426500	65.180400	54.901700	57.108100	79.897500	59.377000	89.859900	91.510600	86.676500	70.187000	58.816100	58.551300	54.896000	55.432500	64.465900	76.004300	85.206200	91.451400	0.486665	0.000000	0.428099	0.000000	0.363315	0.000000	40.744800	28.241600	47.776000	73.027900	68.300400	76.451600	69.931300	72.604200	69.223300	62.730100	61.350400	62.743300	59.757100	68.900000	81.662200	93.286800	90.739200	0.185404	0.000000	0.000213	0.000000	0.000000	0.007400	0.000000	0.056300	69.317200	56.198400	56.289500	44.567900	46.562500	39.795000	41.726100	34.712500	37.512700	45.103300	47.426800	54.130500	57.884000	0.000000	0.174800	0.000000	1.134900	0.085325	0.811900	0.187271	0.458500	42.911300	45.143300	45.306100	36.047200	41.216400	47.458500	72.542500	73.553700	89.133500	0.202219	0.887800	0.151162	0.158400	0.129462	0.052400	0.115453	0.009200	0.024524	0.000000	0.000000	0.000000	100.629000	47.272800	38.891100	35.693600	0.000000	0.000000	0.000000	0.000000	0.000000	0.000000	0.000000	0.000000	0.000000	0.000000	0.254715	0.107449	0.364978	0.913035	1.039100	0.000000	0.777226	2.493630	0.769837	0.474503	0.000000	0.000000	0.000000	0.486797	2.888610	200.331000	19.628100	6.583040	1.755790	0.792340	0.699451	0.854889	0.794125	0.883613	
    5	67.497100	38.856500	26.702600	22.999900	21.109000	12.575200	26.312300	23.580500	38.790100	53.154800	57.446000	49.236900	48.432100	41.388300	27.418400	30.949700	29.733900	25.289400	41.434800	27.560500	40.345500	31.923500	36.194800	20.903400	35.775700	52.304600	62.498000	65.391900	64.934300	56.218200	39.061400	34.389900	12.086100	21.098000	28.770100	60.528300	61.643200	65.978600	59.892400	61.312700	62.948200	80.470300	61.864600	0.000000	0.000000	9.895700	16.056900	23.086200	26.344000	0.000000	0.000000	0.000000	6.854830	3.787540	14.615800	20.584400	33.582700	19.247900	39.013400	44.824500	40.244000	45.234000	42.490500	33.346700	20.226200	0.000000	0.938467	1.838380	8.687550	9.718540	10.504800	7.669090	37.138400	24.274900	21.863600	16.304900	16.754100	23.072300	40.834100	48.494000	47.300100	16.316700	43.387900	53.545900	55.428100	56.036700	54.150500	49.389000	55.269400	39.504100	39.090900	31.570800	34.562200	37.871600	38.965600	33.270800	0.507041	0.000000	0.516909	0.000000	76.440600	68.770600	66.426500	65.180400	54.901700	57.108100	79.897500	59.377000	89.859900	91.510600	86.676500	70.187000	58.816100	58.551300	54.896000	55.432500	64.465900	76.004300	85.206200	91.451400	0.486665	0.000000	0.428099	0.000000	0.363315	0.000000	40.744800	28.241600	47.776000	73.027900	68.300400	76.451600	69.931300	72.604200	69.223300	62.730100	61.350400	62.743300	59.757100	68.900000	81.662200	93.286800	90.739200	0.275960	0.000000	0.163835	0.000000	0.082462	0.029000	0.087613	0.183100	57.669700	55.691100	37.500200	44.204800	54.297800	22.841000	28.426900	24.805900	21.296800	38.241100	52.031400	51.261400	56.871500	0.117870	2.471100	0.184648	0.235700	0.233030	0.256600	0.242053	0.072300	35.423000	38.018900	33.922700	16.697300	43.646300	62.918500	65.866900	67.501500	51.051500	0.240676	0.108900	0.249838	3.254600	0.272362	1.162800	0.247817	0.005000	0.151524	0.000000	0.041673	0.000000	74.376400	57.331600	40.714800	40.757500	0.024113	0.000000	0.114950	0.000000	0.162922	0.000000	0.165481	0.000000	0.197347	0.000000	0.300728	0.000000	4.205280	0.000000	1.749370	0.000000	0.354526	1.134270	0.033285	0.019338	0.000000	0.000000	0.000000	0.123939	2.710950	242.597000	67.872500	4.908250	1.835460	0.837643	1.033800	1.007350	0.973317	0.920549	
    6	67.497100	38.856500	26.702600	22.999900	21.109000	12.575200	26.312300	23.580500	38.790100	53.154800	57.446000	49.236900	48.432100	41.388300	27.418400	30.949700	29.733900	25.289400	41.434800	27.560500	40.345500	31.923500	36.194800	20.903400	34.035400	42.135200	54.163700	58.540200	61.041800	48.800800	35.606000	21.478000	3.187350	4.146250	34.314600	32.584100	76.455800	76.767700	73.234300	41.559700	58.082300	51.930900	47.704600	9.396890	11.768100	14.214400	19.420500	35.796300	51.233300	4.876540	4.546540	7.170700	13.974600	0.000000	16.953800	23.785700	22.394700	31.709600	46.085500	48.011000	41.641300	42.511600	42.105400	36.087200	25.838200	10.504900	31.700100	24.430900	39.129100	29.080200	41.572400	38.397400	58.927100	26.874000	30.703500	27.662700	25.931800	28.739600	44.122000	57.911600	52.251600	48.921400	59.797500	47.197800	56.617100	47.064100	35.330800	41.322600	46.295800	41.199200	53.049800	64.014400	69.976200	73.564600	66.295800	57.255300	0.490021	0.000000	0.448898	0.000000	87.876200	68.823200	66.911900	67.538100	58.107000	59.145500	74.436800	83.585500	78.354600	77.859500	88.941000	77.381200	69.543500	69.641500	68.746900	70.033200	71.834700	67.060300	91.923900	100.817000	0.416806	0.000000	0.352548	0.000000	0.311284	0.000000	50.713200	31.418700	53.924000	71.129500	69.158500	66.771000	53.974300	54.399000	48.741700	54.276100	47.887300	46.786800	49.745500	49.661300	65.284000	72.514500	98.732900	0.255391	0.000000	0.172837	0.000000	0.093878	0.055900	0.106955	0.124100	56.116400	30.650900	41.673900	36.489300	35.722700	36.968200	25.285300	20.063800	17.937000	29.391600	53.851100	51.346000	57.129900	0.125359	0.196000	0.209696	0.475700	0.216400	1.399400	0.259814	0.906000	12.448600	17.657600	5.157110	5.995870	15.135700	41.443400	44.593300	74.417500	103.141000	0.229506	0.347100	0.001196	0.483200	0.299111	0.168500	0.257247	0.000300	0.164368	0.000000	0.040685	0.000000	111.938000	97.046900	85.811000	37.258100	0.012360	0.000000	0.104296	0.000000	0.152858	0.000000	0.143373	0.000000	0.155093	0.000000	0.489036	0.000000	0.000000	0.000000	0.139114	0.000000	0.624131	3.105350	0.691290	0.821187	0.000000	0.000000	0.000000	0.506515	1.043360	141.786000	0.000000	6.767860	0.848776	0.534309	0.287806	1.036620	0.840123	0.752238	
    7	67.497100	38.856500	26.702600	22.999900	21.109000	12.575200	26.312300	23.580500	38.790100	53.154800	57.446000	49.236900	48.432100	41.388300	27.418400	30.949700	29.733900	25.289400	41.434800	27.560500	40.345500	31.923500	36.194800	20.903400	34.035400	42.135200	54.163700	58.540200	61.041800	48.800800	35.606000	21.478000	3.187350	4.146250	34.314600	32.584100	76.455800	76.767700	73.234300	41.559700	58.082300	51.930900	47.704600	9.396890	11.768100	14.214400	19.420500	35.796300	51.233300	4.876540	4.546540	7.170700	13.974600	0.000000	16.953800	23.785700	22.394700	31.709600	46.085500	48.011000	41.641300	42.511600	42.105400	36.087200	25.838200	10.504900	31.700100	24.430900	39.129100	29.080200	41.572400	38.397400	58.927100	26.874000	30.703500	27.662700	25.931800	28.739600	44.122000	57.911600	52.251600	48.921400	59.797500	47.197800	56.617100	47.064100	35.330800	41.322600	46.295800	41.199200	53.049800	64.014400	69.976200	73.564600	66.295800	57.255300	0.490021	0.000000	0.448898	0.000000	87.876200	68.823200	66.911900	67.538100	58.107000	59.145500	74.436800	83.585500	78.354600	77.859500	88.941000	77.381200	69.543500	69.641500	68.746900	70.033200	71.834700	67.060300	91.923900	100.817000	0.416806	0.000000	0.352548	0.000000	0.311284	0.000000	50.713200	31.418700	53.924000	71.129500	69.158500	66.771000	53.974300	54.399000	48.741700	54.276100	47.887300	46.786800	49.745500	49.661300	65.284000	72.514500	98.732900	0.255391	0.000000	0.172837	0.000000	0.093878	0.055900	0.106955	0.124100	56.116400	30.650900	41.673900	36.489300	35.722700	36.968200	25.285300	20.063800	17.937000	29.391600	53.851100	51.346000	57.129900	0.125359	0.196000	0.209696	0.475700	0.216400	1.399400	0.259814	0.906000	12.448600	17.657600	5.157110	5.995870	15.135700	41.443400	44.593300	74.417500	103.141000	0.229506	0.347100	0.001196	0.483200	0.299111	0.168500	0.257247	0.000300	0.164368	0.000000	0.268955	0.000000	68.564100	38.140800	89.628100	69.217700	0.230452	0.000000	0.278830	0.000000	0.268392	0.000000	0.221925	0.000000	0.221748	0.000000	0.143511	0.000000	12.673800	0.000000	0.000000	0.000000	0.000000	0.000000	0.511655	0.939917	0.000000	0.470138	0.000000	0.913073	1.464080	116.061000	95.362600	7.457040	1.200210	0.869123	1.069150	0.882876	0.850066	0.934879	
    8	67.497100	38.856500	26.702600	22.999900	21.109000	12.575200	26.312300	23.580500	38.790100	53.154800	57.446000	49.236900	48.432100	41.388300	27.418400	30.949700	29.733900	25.289400	41.434800	27.560500	40.345500	31.923500	36.194800	20.903400	34.035400	42.135200	54.163700	58.540200	61.041800	48.800800	35.606000	21.478000	3.187350	4.146250	34.314600	32.584100	76.455800	76.767700	73.234300	41.559700	58.082300	51.930900	47.704600	9.396890	11.768100	14.214400	19.420500	35.796300	51.233300	4.876540	4.546540	7.170700	13.974600	0.000000	16.953800	23.785700	22.394700	31.709600	46.085500	48.011000	41.641300	42.511600	42.105400	36.087200	25.838200	10.504900	31.700100	24.430900	39.129100	29.080200	41.572400	38.397400	62.217300	26.429100	33.190100	33.326600	31.485200	29.556100	48.565300	56.964300	58.001400	50.951800	67.916700	76.294400	84.400700	84.874400	79.119700	80.016800	80.039900	83.207300	69.562500	52.717800	63.466200	66.076000	58.042500	57.095400	0.497871	0.000000	0.598005	0.000000	96.507900	68.512000	68.497000	62.837800	65.020500	67.257600	89.251700	98.149600	106.962000	94.701700	111.880000	95.622700	89.673000	87.051100	87.824800	97.330400	95.605400	88.658300	95.081900	101.274000	0.592773	0.000000	0.524886	0.000000	0.415496	0.000000	51.973400	35.203200	47.349100	65.050700	73.978000	66.353200	63.535600	58.343100	50.762100	48.201000	38.115600	22.980200	42.397000	46.404700	61.080300	82.718700	81.079900	0.295238	0.000000	0.178600	0.000000	0.070401	0.233300	0.049085	0.294000	97.849300	89.834800	25.945300	46.032100	7.332140	6.862060	0.000000	0.000000	0.000000	0.000000	4.872420	18.551300	46.650500	0.062880	0.250000	0.127398	0.131900	0.212280	0.218000	0.274896	0.324400	47.717400	49.203200	52.231400	21.292200	22.988200	29.540400	45.558800	51.094400	64.087900	0.292425	0.131100	0.304709	0.261000	0.317978	0.225700	0.297034	0.000200	0.210915	0.000000	0.092469	0.000000	84.571200	72.754900	54.723800	44.467200	0.025825	0.000000	0.074381	0.000000	0.091055	0.000000	0.061836	0.000000	0.074273	0.000000	0.607713	0.000000	11.333700	1.019600	0.760890	0.000000	0.821558	0.757759	0.752158	1.259020	2.653960	2.668920	2.863430	0.545076	0.793487	124.672000	6.131660	3.089200	0.542580	0.780849	0.655242	0.916883	0.878385	0.966077	
    9	67.497100	38.856500	26.702600	22.999900	21.109000	12.575200	26.312300	23.580500	38.790100	53.154800	57.446000	49.236900	48.432100	41.388300	27.418400	30.949700	29.733900	25.289400	41.434800	27.560500	40.345500	31.923500	36.194800	20.903400	35.775700	52.304600	62.498000	65.391900	64.934300	56.218200	39.061400	34.389900	12.086100	21.098000	28.770100	60.528300	61.643200	65.978600	59.892400	61.312700	62.948200	80.470300	61.864600	0.000000	0.000000	9.895700	16.056900	23.086200	26.344000	0.000000	0.000000	0.000000	6.854830	3.787540	14.615800	20.584400	33.582700	19.247900	39.013400	44.824500	40.244000	45.234000	42.490500	33.346700	20.226200	0.000000	0.938467	1.838380	8.687550	9.718540	10.504800	7.669090	37.138400	24.274900	21.863600	16.304900	16.754100	23.072300	40.834100	48.494000	47.300100	16.316700	43.387900	53.545900	55.428100	56.036700	54.150500	49.389000	55.269400	39.504100	39.090900	31.570800	34.562200	37.871600	38.965600	33.270800	0.507041	0.000000	0.516909	0.000000	76.440600	68.770600	66.426500	65.180400	54.901700	57.108100	79.897500	59.377000	89.859900	91.510600	86.676500	70.187000	58.816100	58.551300	54.896000	55.432500	64.465900	76.004300	85.206200	91.451400	0.486665	0.000000	0.428099	0.000000	0.363315	0.000000	40.744800	28.241600	47.776000	73.027900	68.300400	76.451600	69.931300	72.604200	69.223300	62.730100	61.350400	62.743300	59.757100	68.900000	81.662200	93.286800	90.739200	0.280776	0.000000	0.200223	0.000000	0.218980	0.062500	0.271565	0.350700	59.929500	50.063900	8.645140	25.063800	28.792100	36.923300	39.806900	40.708800	34.136700	20.402500	34.441500	49.655400	52.233700	0.345789	0.461800	0.477963	0.121200	0.532688	0.019400	0.579297	2.904700	26.318300	20.380400	18.363200	19.607200	38.870000	59.507800	77.736000	58.179900	99.227800	0.584340	21.369000	0.545590	9.848400	0.490424	1.046800	0.450977	0.000800	0.325933	0.000000	0.155030	0.000000	102.648000	81.087900	73.645600	53.330100	0.086709	0.000000	0.153408	0.000000	0.174716	0.000000	0.117825	0.000000	0.123096	0.000000	0.332094	0.000000	0.000000	0.042653	0.000000	0.000000	0.459190	1.411110	0.646520	0.571791	0.000000	0.055956	0.303072	3.709350	1.412610	0.000000	119.388000	10.269300	1.446410	0.642405	0.702384	0.885535	0.886148	0.886289	
   10	67.497100	38.856500	26.702600	22.999900	21.109000	12.575200	26.312300	23.580500	38.790100	53.154800	57.446000	49.236900	48.432100	41.388300	27.418400	30.949700	29.733900	25.289400	41.434800	27.560500	40.345500	31.923500	36.194800	20.903400	34.035400	42.135200	54.163700	58.540200	61.041800	48.800800	35.606000	21.478000	3.187350	4.146250	34.314600	32.584100	76.455800	76.767700	73.234300	41.559700	58.082300	51.930900	47.704600	9.396890	11.768100	14.214400	19.420500	35.796300	51.233300	4.876540	4.546540	7.170700	13.974600	0.000000	16.953800	23.785700	22.394700	31.709600	46.085500	48.011000	41.641300	42.511600	42.105400	36.087200	25.838200	10.504900	31.700100	24.430900	39.129100	29.080200	41.572400	38.397400	62.217300	26.429100	33.190100	33.326600	31.485200	29.556100	48.565300	56.964300	58.001400	50.951800	67.916700	76.294400	84.400700	84.874400	79.119700	80.016800	80.039900	83.207300	69.562500	52.717800	63.466200	66.076000	58.042500	57.095400	0.497871	0.000000	0.598005	0.000000	96.507900	68.512000	68.497000	62.837800	65.020500	67.257600	89.251700	98.149600	106.962000	94.701700	111.880000	95.622700	89.673000	87.051100	87.824800	97.330400	95.605400	88.658300	95.081900	101.274000	0.592773	0.000000	0.524886	0.000000	0.415496	0.000000	51.973400	35.203200	47.349100	65.050700	73.978000	66.353200	63.535600	58.343100	50.762100	48.201000	38.115600	22.980200	42.397000	46.404700	61.080300	82.718700	81.079900	0.295238	0.000000	0.178600	0.000000	0.070401	0.233300	0.049085	0.294000	45.503800	29.721100	0.000000	0.000000	0.000000	0.000000	0.000000	60.893000	63.679800	71.748800	85.491000	101.524000	129.854000	0.062880	0.085600	0.127398	0.013000	0.212280	0.072200	0.274896	0.444500	66.365100	55.233100	47.310700	22.856400	58.412300	66.700000	66.472500	94.180100	81.433200	0.292425	5.039100	0.304709	0.574600	0.317978	0.202400	0.297034	0.001500	0.210915	0.000000	0.092469	0.000000	107.934000	81.214400	58.826100	52.245600	0.025825	0.000000	0.074381	0.000000	0.091055	0.000000	0.061836	0.000000	0.074273	0.000000	0.481847	0.000000	0.000000	0.322404	0.164481	0.182644	0.586771	3.413050	0.390108	0.005795	0.000000	0.000000	0.000000	0.000000	1.275040	207.276000	0.000000	4.377020	1.599470	0.319520	0.382384	0.759525	0.794097	0.920916	
;
param Prob0 :=
    1	0.100
    2	0.000
    3	0.100
    4	0.100
    5	0.100
    6	0.200
    7	0.100
    8	0.100
    9	0.100
   10	0.100
;
set c[0,5] := 5 1 2 3 4 6 7 8 9 10;
set c[1,2] := 2 5 1 3 4 6 7 8 9 10;
set c[2,1] := 1 5 3 4 9;
set c[2,8] := 8 2 6 7 10;
set c[3,2] := 2 8 6 7 10;
set c[3,1] := 1 5 3 4 9;
set c[4,1] := 1 5 3 4 9;
set c[4,6] := 6 2 7;
set c[4,10] := 10 8;
set c[5,10] := 10 8;
set c[5,6] := 6 2 7;
set c[5,9] := 9 1 5 3 4;
set c[6,6] := 6 2 7;
set c[6,5] := 5 9 1 3 4;
set c[6,10] := 10 8;
set c[7,10] := 10 8;
set c[7,9] := 9 5 1 3 4;
set c[7,2] := 2 6 7;
set c[8,6] := 6 2 7;
set c[8,5] := 5 9 1 3 4;
set c[8,10] := 10 8;
set c[9,10] := 10 8;
set c[9,4] := 4 5 9 1 3;
set c[9,6] := 6 2 7;
set c[10,9] := 9 4 5 1 3;
set c[10,6] := 6 2 7;
set c[10,10] := 10 8;
set c[11,6] := 6 2 7;
set c[11,10] := 10 8;
set c[11,9] := 9 4 5 1 3;
set c[12,5] := 5;
set c[12,3] := 3 9;
set c[12,4] := 4 1;
set c[12,10] := 10 8;
set c[12,7] := 7 6 2;
set c[13,4] := 4 1;
set c[13,3] := 3 9;
set c[13,6] := 6 7 2;
set c[13,10] := 10 8;
set c[13,5] := 5;
set c[14,10] := 10 8;
set c[14,6] := 6 7 2;
set c[14,5] := 5;
set c[14,3] := 3 9;
set c[14,4] := 4 1;
set c[15,6] := 6 7 2;
set c[15,5] := 5;
set c[15,3] := 3 9;
set c[15,4] := 4;
set c[15,1] := 1;
set c[15,10] := 10 8;
set c[16,4] := 4;
set c[16,3] := 3 9;
set c[16,10] := 10;
set c[16,8] := 8;
set c[16,1] := 1;
set c[16,5] := 5;
set c[16,7] := 7 6 2;
set c[17,8] := 8;
set c[17,3] := 3 9;
set c[17,7] := 7 6 2;
set c[17,5] := 5;
set c[17,1] := 1;
set c[17,10] := 10;
set c[17,4] := 4;
set c[18,4] := 4;
set c[18,10] := 10;
set c[18,2] := 2 7 6;
set c[18,3] := 3 9;
set c[18,5] := 5;
set c[18,1] := 1;
set c[18,8] := 8;
set c[19,1] := 1;
set c[19,6] := 6 2 7;
set c[19,8] := 8;
set c[19,3] := 3 9;
set c[19,10] := 10;
set c[19,5] := 5;
set c[19,4] := 4;
set c[20,5] := 5;
set c[20,8] := 8;
set c[20,7] := 7 6 2;
set c[20,4] := 4;
set c[20,3] := 3 9;
set c[20,10] := 10;
set c[20,1] := 1;
set c[21,6] := 6 7 2;
set c[21,1] := 1;
set c[21,3] := 3 9;
set c[21,4] := 4;
set c[21,8] := 8;
set c[21,10] := 10;
set c[21,5] := 5;
set c[22,10] := 10;
set c[22,5] := 5;
set c[22,3] := 3 9;
set c[22,4] := 4;
set c[22,8] := 8;
set c[22,1] := 1;
set c[22,2] := 2 6 7;
set c[23,8] := 8;
set c[23,3] := 3 9;
set c[23,4] := 4;
set c[23,2] := 2 6 7;
set c[23,5] := 5;
set c[23,1] := 1;
set c[23,10] := 10;
set c[24,5] := 5;
set c[24,7] := 7 2 6;
set c[24,4] := 4;
set c[24,3] := 3 9;
set c[24,1] := 1;
set c[24,10] := 10;
set c[24,8] := 8;
set c[25,8] := 8;
set c[25,10] := 10;
set c[25,1] := 1;
set c[25,6] := 6 7 2;
set c[25,4] := 4;
set c[25,3] := 3 9;
set c[25,5] := 5;
set c[26,3] := 3 9;
set c[26,10] := 10;
set c[26,6] := 6 7 2;
set c[26,1] := 1;
set c[26,5] := 5;
set c[26,4] := 4;
set c[26,8] := 8;
set c[27,4] := 4;
set c[27,5] := 5;
set c[27,8] := 8;
set c[27,6] := 6 2;
set c[27,7] := 7;
set c[27,10] := 10;
set c[27,1] := 1;
set c[27,3] := 3 9;
set c[28,7] := 7;
set c[28,8] := 8;
set c[28,10] := 10;
set c[28,1] := 1;
set c[28,5] := 5;
set c[28,3] := 3 9;
set c[28,6] := 6 2;
set c[28,4] := 4;
set c[29,10] := 10;
set c[29,3] := 3 9;
set c[29,6] := 6 2;
set c[29,5] := 5;
set c[29,1] := 1;
set c[29,4] := 4;
set c[29,8] := 8;
set c[29,7] := 7;
set c[30,8] := 8;
set c[30,1] := 1;
set c[30,7] := 7;
set c[30,4] := 4;
set c[30,5] := 5;
set c[30,3] := 3 9;
set c[30,6] := 6 2;
set c[30,10] := 10;
set c[31,4] := 4;
set c[31,10] := 10;
set c[31,6] := 6 2;
set c[31,3] := 3 9;
set c[31,5] := 5;
set c[31,1] := 1;
set c[31,7] := 7;
set c[31,8] := 8;
set c[32,10] := 10;
set c[32,5] := 5;
set c[32,8] := 8;
set c[32,6] := 6 2;
set c[32,7] := 7;
set c[32,1] := 1;
set c[32,3] := 3 9;
set c[32,4] := 4;
set c[33,5] := 5;
set c[33,7] := 7;
set c[33,8] := 8;
set c[33,6] := 6 2;
set c[33,1] := 1;
set c[33,3] := 3 9;
set c[33,4] := 4;
set c[33,10] := 10;
set c[34,6] := 6 2;
set c[34,1] := 1;
set c[34,7] := 7;
set c[34,4] := 4;
set c[34,3] := 3;
set c[34,9] := 9;
set c[34,10] := 10;
set c[34,8] := 8;
set c[34,5] := 5;

