1 0.1 0.0 0.0 0.0 0.0 0.0 0.0 0.0 0.0 0.0 0.0 3.1205250000000007 0.0 0.0 1.3438400000000001 0.0 0.0 0.0 0.0 0.0 0.0 0.0 0.0 0.0 0.0 
2 0.1 0.0 0.05275299999999995 0.0 0.0 0.0 0.0 0.08587500000000008 0.0 0.42100700000000013 0.0 0.0 0.0 0.0 0.34988000000000047 0.2594569999999999 0.0 0.0 0.0 0.0 0.0 0.0 0.0 0.0 0.0 
3 0.1 0.0 0.05275299999999995 0.0 0.0 0.0 0.0 0.08587500000000006 0.0 0.42100700000000013 0.0 0.0 0.0 0.0 0.006800000000000363 0.7379270000000001 1.5257740000000002 1.5702340000000006 1.6828660000000009 1.7010960000000006 1.3426950000000002 0.0 0.0 0.0 0.0 
4 0.1 0.0 0.0 0.0 0.0 0.0 0.0 0.0 0.0 0.27200699999999994 0.0 3.3335250000000016 0.3834679999999989 0.0 0.0 0.0 0.0 0.0 0.0 0.0 0.0 0.0 0.0 0.0 0.0 
5 0.1 0.0 0.0 0.0 0.0 0.0 1.282108000000001 1.2286649999999746 1.3758960000000002 0.0 0.0 0.0 0.0 0.0 0.0 0.0 0.0 0.0 0.0 0.0715360000000005 0.0 0.0 0.0 0.0 0.0 
6 0.1 0.03399000000000008 0.4063730000000002 0.4488720000000005 0.5992030000000003 0.0 0.0 0.3896050000000001 0.0 0.0 0.0 1.8543450000000012 5.4000580000000005 0.0 0.4199900000000002 1.2955870000000005 0.0 0.0 0.7456659999999999 0.43746600000000024 0.0 0.0 0.0 0.0 0.0 
7 0.1 0.0 0.0 0.0 0.0 0.0 0.0 0.0 0.0 1.358227 2.4093849999999994 0.0 0.0 0.0 0.18321000000000012 0.7914069999999997 0.9619040000000003 1.7807940000000002 2.2744060000000004 2.189326000000001 0.0 0.0 0.0 0.0 0.0 
8 0.1 0.03399000000000008 0.4063730000000002 0.4488720000000005 0.5992030000000003 0.0 0.0 0.3896050000000001 0.0 0.0 0.0 1.8543450000000012 5.4000580000000005 0.0 0.4199900000000002 1.2955870000000005 0.0 0.0 0.7456659999999998 0.43746600000000024 0.0 0.0 0.0 0.0 0.0 
9 0.1 0.0 0.05275299999999995 0.0 0.0 0.0 0.0 0.08587500000000005 0.0 0.421007 0.0 0.0 0.0 0.0 0.0 0.0 0.0 0.0 0.0 0.0 0.0 0.0 0.0 0.0 0.0 
10 0.1 0.0 0.0 0.0 0.14858300000000005 0.4121750000000002 0.0 0.0 0.5059560000000001 0.0 0.0 0.0 0.0 0.0 0.0 0.0 0.024144000000000117 0.0 0.0 0.0 0.0 0.0 0.0 0.0 0.0 
