1 0.1 0.0 0.0 0.0 0.0 0.0 0.5538420000000003 0.7734250000000003 0.0 0.0 0.0 0.0 0.0 0.0 0.0 0.0 0.0 0.0 0.0 0.0 0.0 0.0 0.0 0.0 0.0 
2 0.1 0.0 0.0 0.0 0.0 0.0 0.0 0.0 0.0 0.0 0.0 0.0 0.0 0.0 0.0 0.0 0.6255700000000246 1.6842460000000035 0.2756899999999902 1.0498239999999996 0.5151250000000004 0.0 0.0 0.0 0.0 
3 0.1 0.0 0.0 0.0 0.0 0.0 0.0 0.0 0.0 0.0 0.0 0.0 0.0 0.0 0.0 0.0 0.0 0.0 0.0 0.0 0.0 0.0 0.0 0.0 0.0 
4 0.1 0.0 0.0 0.682118 0.0 0.0 0.0 0.7734250000000003 0.0 0.0 0.0 0.0 0.0 0.0 0.0 0.0 0.0 0.0 0.0 0.0 0.0 0.0 0.0 0.0 1.7669440000000007 
5 0.1 0.1847699999999999 0.13905700000000012 0.36886800000000003 0.395177 0.0 0.0 0.0 0.0 0.24387300000000028 0.38178499999999993 1.4161500000000018 0.0 0.0 0.0 0.0 0.0 0.4869359999999999 0.0 0.0 0.0 0.0 0.0 0.07291900000000019 0.0 
6 0.1 0.0 0.0 0.0 0.0 0.0 0.0 0.0 0.0 0.0 0.0 0.0 0.0 0.0 0.0 0.0 0.0 0.0 0.0 0.0 0.0 0.0 0.0 0.0 0.0 
7 0.1 0.1847699999999999 0.13905700000000012 0.36886800000000003 0.395177 0.0 0.6580420000000002 0.6423250000000001 0.10951400000000004 0.0 0.0 0.0 0.0 0.0 0.0 0.0 0.0 0.0 0.0 0.0 0.0 0.0 0.0 0.0 0.0 
8 0.1 0.0 0.0 0.0 0.0 0.0 0.0 0.0 0.0 0.0 0.0 0.0 0.0 0.0 0.0 0.0 0.0 0.0 0.0 0.0 0.0 0.0 0.0 0.0 0.0 
9 0.1 0.0 0.0 0.0 0.0 0.0 0.0 0.0 0.0 0.0 0.0 0.0 0.0 0.0 0.2895299999999999 1.4996430000000003 0.0 0.9449360000000002 0.0 1.639284 1.5198350000000007 0.0 1.1990530000000001 0.7144889999999999 0.33005400000000057 
10 0.1 0.0 0.0 0.0 0.0 0.0 0.0 0.0 0.0 0.0 0.0 0.0 0.0 0.0 0.0 0.0 0.0 0.0 0.0 0.0 0.0 0.0 0.0 0.0 0.0 
