1 1.0 1 2.237499999999997
1 1.0 2 0.0
1 1.0 3 1.9149999999999991
1 1.0 4 1.8749999999999964
1 1.0 5 1.8674999999999997
1 1.0 6 2.052500000000002
1 1.0 7 0.0
1 1.0 8 1.379999999999999
1 1.0 9 3.4
1 1.0 10 3.772500000000001
1 1.0 11 3.960000000000001
1 1.0 12 4.010000000000005
1 1.0 13 3.9949999999999974
1 1.0 14 4.074999999999996
1 1.0 15 4.0
1 1.0 16 3.8599999999999994
1 1.0 17 3.8149999999999977
1 1.0 18 3.8299999999999983
1 1.0 19 0.0
1 1.0 20 0.0
1 1.0 21 0.0
1 1.0 22 0.0
1 1.0 23 0.0
1 1.0 24 0.0
